500	250271
6943	6144
2491	1530
1143	2018
6964	6128
182	818
7910	6980
4262	4371
3989	3806
4130	3913
5557	5047
1158	435
1163	969
9267	8457
8781	9341
10279	9508
10145	9988
4533	5341
3107	2384
5355	4572
-877	97
1797	2474
7788	8339
8410	8623
653	953
9125	9495
863	1248
9160	8575
7468	7558
5594	5241
7885	8182
3947	4734
466	1466
5276	4811
4141	5094
5354	6080
2566	2410
6794	7586
2483	2242
1365	473
8151	8089
1630	1884
7175	6908
5988	5811
7863	7348
5263	5775
2702	2942
8694	9038
2839	2515
7475	8336
3873	3513
2059	1948
1181	504
9108	8188
3863	3989
4548	4983
2115	2748
10534	9963
6842	6832
877	1542
217	717
5099	4165
4213	3958
6290	5540
4391	4709
606	355
5223	5183
1846	1376
2984	2754
5928	5885
6371	6175
6577	7120
5477	4724
-131	580
2883	3462
-320	438
3056	3276
5119	4341
7126	6508
9128	9116
7246	8218
5709	5507
-603	196
987	1678
9892	9911
9568	9158
-324	37
9918	9445
8985	9461
2123	2272
10199	9432
7560	8045
5740	4928
9617	9331
4166	4375
414	1030
3521	3603
4743	4019
5952	6589
1678	1430
14	483
5759	6130
5885	6199
3774	2976
2817	3378
7682	6791
8499	7850
9	644
6856	6007
8791	7866
1312	1334
4663	5339
5832	5546
7335	8137
9856	9110
3116	3596
826	1135
2447	2898
8375	8607
5270	4436
8007	7105
4978	5816
6498	5513
6330	7166
8278	9241
1290	2020
5872	4971
8267	7370
7270	6969
4274	5116
5247	5124
3423	4010
5890	5992
2501	3340
6459	6028
8944	9598
1660	1563
6437	7180
3966	3701
5497	5677
5517	4787
3461	3458
-511	116
8082	7954
1345	1481
2026	2546
3234	3128
5202	5179
3564	3519
2167	1585
752	1606
1599	918
4633	3763
1889	1807
3560	4326
1546	1083
5225	5424
3114	3407
8515	7929
4834	5199
199	247
10169	9707
9994	9950
3882	4353
4232	4304
2181	1715
2612	3463
1650	1979
1144	1264
6275	6642
6410	6399
5654	5419
6195	6529
3976	3644
7831	8670
1055	1258
9570	9726
10145	9529
6848	7832
8362	7854
8334	8433
8472	8895
7055	6369
8928	9882
7374	8320
7056	7072
2635	2246
8426	9415
1516	976
7767	7444
7534	8198
5324	5516
-86	130
6175	7111
1288	702
2715	2676
8226	8039
1371	553
6357	6867
7095	6370
9119	9333
9457	9085
6278	6253
734	814
1723	1635
1919	1868
7502	6680
9298	8634
872	710
9642	9529
1850	2829
3416	4234
4759	5578
7140	6383
3964	3383
8830	8645
4589	5363
7326	6395
10304	9992
7617	8318
10084	9675
8562	9450
8575	9566
2676	3445
8806	8504
5001	5878
930	217
455	228
5350	5062
4992	4107
4993	5531
2782	2604
2674	2075
1733	2721
-74	765
7666	7366
8461	8335
8130	7722
958	1383
8508	8850
5504	5593
6800	7476
5571	6190
7190	6236
1647	673
4952	5458
7334	7390
1827	1210
3630	3154
891	308
1394	2240
5068	5505
9358	9978
-731	41
5396	5058
5709	6532
3944	4857
3748	3437
7871	8689
7483	6695
1314	597
5322	5411
5666	6116
6762	6127
2115	1134
7400	7553
4248	4285
8740	8868
4909	4356
-177	78
1028	891
326	206
2000	2881
6588	5991
8170	7296
5981	6199
3167	2638
736	1524
5757	5658
5893	5179
5485	5855
2277	1282
5403	5793
8454	7885
6376	6907
6410	6166
3801	4065
9026	9692
1033	1837
2732	3441
10077	9399
4787	4657
9606	9434
2490	2446
5189	6179
2346	2436
5153	4508
-72	114
6849	6852
6080	6885
10137	9885
2617	2500
9733	9619
7784	8011
10133	9834
1185	702
6036	5430
4267	5083
9117	8310
8677	8120
7822	7163
-863	111
7388	7020
247	1163
2447	2862
9430	9762
10207	9412
6966	6867
5644	5029
3459	3465
26	767
7476	8088
1386	989
5779	4928
2700	2737
8717	7771
4608	4043
7643	8213
4548	4213
8132	8130
7462	6812
8081	8913
6475	5583
9563	9771
9874	8936
5150	6016
1741	1490
962	1940
3037	2444
2919	2427
1045	1655
9078	8548
1108	1190
6591	6696
959	628
3716	3032
6618	5748
3429	2553
2657	2249
7144	6339
344	875
8417	9021
6089	5823
-109	422
2664	2222
6314	7007
6718	5992
2414	1847
6193	7058
868	836
6012	5035
5846	5600
4777	4057
9789	9347
3500	3688
1947	1513
4983	4348
9408	9080
6761	7542
6141	6727
2340	3259
9194	9529
7746	8509
2680	2442
3179	4008
3746	3167
3712	4431
5854	5903
1201	1763
2241	2114
4812	5041
3343	3071
8192	8419
5491	5926
7968	7880
5849	6604
1788	1339
6768	7217
-61	71
5356	5987
5157	5715
4166	3694
6959	7246
4556	3899
2238	2142
10014	9959
7115	7331
1126	2006
8733	9628
8311	7583
2804	2070
1826	2666
4512	5481
9076	8482
8761	8528
1162	1102
4231	3498
7783	6880
3367	3751
6145	6868
9638	8702
4962	4184
1459	2430
9153	8275
9695	8721
1934	2682
8653	8072
2609	2383
9478	8631
1601	1032
3372	2546
3405	3052
-293	317
1327	1861
7715	8019
8583	8928
9555	9609
5474	6101
9823	9378
7088	7736
4447	3693
6581	6179
8309	8148
4066	3125
7272	7434
6193	5696
-678	5
10050	9296
2125	2575
1074	1922
9426	8577
882	1334
2359	2236
5174	4860
2832	1979
4160	3653
5101	4352
2021	2351
193	10
207	549
8455	7825
9438	9233
2157	2440
7469	8293
4079	4000
2116	1936
4874	4719
7104	6940
7424	6871
3004	2270
3816	3593
3445	3344
5286	4684
10252	9812
9911	9918
9302	9503
7460	7352
7222	7386
8124	7415
3855	3323
5596	4949
4758	5318
3975	4390
5781	6345
1786	1903
2529	1697
9031	9614
1274	1781
5149	4724
9809	9153
6561	7506
5370	4675
6666	6615
7653	7962
1784	1341
3257	3207
447	1297
7387	8311
2517	3058
5199	5837
-144	440
6112	5655
2859	1993
5248	5046
4718	4636
8748	8475
1743	1051
935	973
255	717
3386	3413
1497	1801
