500	1247440
9697	9446
10139	9607
7893	8515
3176	3060
7932	7104
4332	5211
9133	9643
1435	646
2365	2515
2356	2559
9097	8549
4429	4950
1621	2480
2223	1485
1911	1975
684	1670
7955	7012
6835	6740
3282	2593
8866	9263
2513	2866
7303	7017
9468	8777
740	68
4944	5556
2176	1581
9096	8900
7462	7177
3778	3449
1527	1253
2416	3269
5459	5556
3059	3919
4852	5801
7454	7747
105	286
1786	1320
2574	3109
6626	5706
-562	24
752	479
9782	8847
2856	2013
2403	2855
191	1128
1597	1169
9531	9392
1892	1222
624	170
2061	2450
4747	4868
2303	2533
8605	7761
3732	3540
2353	2941
3820	4620
9036	8105
3677	3752
4589	4183
8196	7736
6185	6807
2250	1516
3382	2994
10158	9179
2763	2252
1993	2820
-269	532
8048	8549
6875	6059
2252	1366
3348	3664
3556	3059
4860	5454
3924	4342
2031	1680
6728	7552
2445	1453
9630	9186
5416	5183
349	413
5005	5136
8841	7929
599	136
3562	4274
764	73
5238	5753
5832	5401
6524	6042
7929	8682
4596	4329
3562	3006
8984	8937
1154	1060
6542	7195
7828	7300
3498	3488
8732	9675
2705	2556
7713	7818
9618	9864
4581	5523
-312	392
8926	8543
9003	8275
4616	3873
4977	4066
5364	5471
9793	9206
2183	3006
10046	9197
1244	423
7146	6904
8187	9156
3237	3112
7597	7264
5277	5140
7928	7238
9108	8540
8361	8110
5793	6434
8782	8354
3230	4198
4865	5258
5157	5144
3317	3529
10305	9802
4467	3786
4673	5347
7746	6883
3893	3276
9276	8461
2323	1938
8961	9492
-105	705
2771	3069
3915	2960
7486	6629
5188	4289
4068	3370
2178	1521
6688	6930
5846	6425
4050	4703
4996	5079
3323	3360
6806	5890
5753	5850
2751	3041
9164	8830
6223	5274
9967	9298
3279	2741
5719	5535
10577	9861
3281	3528
6557	5734
4052	3324
3920	4891
6688	7180
2629	2687
3361	3337
3026	3852
6295	5495
6314	5379
4394	4223
8139	9090
2522	2936
8652	8510
10354	9700
994	1387
6305	6763
7121	7438
3259	3789
2607	2342
871	934
10201	9750
8053	8803
7943	8918
1459	1227
9708	9019
1034	1341
4376	3725
1829	1937
6803	5973
8236	8085
8593	8660
6640	7448
8171	8346
7254	6928
7120	7646
2086	2456
6479	6583
4166	3860
66	84
1996	2069
3423	3639
8473	8424
5387	4888
9792	9646
5080	4401
2139	1948
5300	5043
6608	5785
936	662
7897	8623
3751	4214
4001	4654
8298	9091
8639	8411
722	89
5185	5120
8250	8674
1496	931
2161	1368
2942	2076
793	194
6827	7295
4828	5783
9320	9580
6130	5527
5191	4774
207	689
111	110
1643	2384
8814	7916
2658	3635
3742	4005
1467	736
684	441
1360	1937
1339	2024
6297	7172
5051	5627
8421	9165
3178	3827
5498	4777
1438	1749
5817	6762
8051	7627
5722	6659
6950	7666
3941	4569
151	144
214	140
9827	9103
2751	3282
4763	5752
3683	4221
4929	5325
5039	4910
6825	5954
7107	7168
9273	8888
4915	5612
6029	5956
-227	618
9105	8485
5402	5895
4527	5038
10420	9673
6006	5201
8334	8588
5410	5792
8620	8984
7135	6394
8391	8234
6301	5669
8446	9361
3784	4102
2398	2218
8358	7762
1689	1783
2384	2511
3300	3968
6850	6867
2410	2791
2507	1652
4356	4845
1479	846
9007	9092
9013	9713
-565	375
1093	1854
4722	5240
6400	6345
2200	2496
7436	7692
4887	4183
5524	5819
8610	7692
10562	9621
6966	6443
2087	2866
9355	9411
4025	4629
9840	9637
3019	3424
3558	4285
196	982
5538	5398
7089	6849
4957	4639
6741	6290
5112	5362
6355	7090
879	1213
1760	875
8241	7810
5545	5225
1662	1971
8597	8793
8606	8166
866	673
6794	7539
9134	8177
6226	5473
6962	7683
1829	1449
1297	976
10049	9337
-495	331
10114	9878
5102	5907
8658	9329
3164	3881
7572	8380
3866	4540
3006	3236
4028	4250
7026	6168
9609	9271
5146	5030
6526	6271
3502	3769
7433	6974
7566	8467
3972	4522
1606	2382
3797	4552
6117	5140
304	58
2271	2843
5381	5085
4544	3978
3262	3131
6238	5929
8611	7997
2640	3232
3712	2998
2718	1794
8744	8531
1029	1653
3594	3373
3519	4062
3639	3552
4973	5632
8746	9718
4064	4716
31	664
2558	3156
6665	7538
10015	9741
4167	3984
614	1505
536	1034
511	977
2454	3424
143	314
-58	532
6107	7103
8394	9192
3576	3780
9368	8934
9739	9830
9278	9144
5513	5594
1741	1682
3181	2603
1317	1413
8520	9013
1583	2563
9600	9719
4078	3414
8647	9501
2657	1713
2389	2643
4648	3859
7091	7757
3597	3458
7550	7572
5385	5406
9241	9485
1298	308
2762	1915
1587	2079
9273	9901
7390	7325
908	1326
1795	1020
3389	3661
700	883
5597	5877
2001	1357
8702	7853
9314	9105
2806	3339
798	983
4169	4732
6040	6359
3862	4592
490	574
767	1365
854	166
1021	1309
2583	2989
7099	6755
9080	9129
9438	8808
5910	5695
1281	2143
2857	2005
8286	7769
1056	679
5408	4867
8389	8357
7401	6457
7476	7404
8414	8341
2540	1759
4578	4585
7221	7404
8441	9395
2963	2334
7191	6338
3779	3743
10401	9897
4375	4490
7973	8239
9785	9429
3100	2573
2151	1562
1902	1601
6119	5493
7473	7079
3510	2990
7520	8050
6644	6507
4684	4248
942	512
2051	2086
3072	3843
6693	6857
2162	1169
8690	9242
8722	8221
9844	9920
8503	8957
6411	6151
7590	7016
5043	4086
486	603
2765	3002
887	197
3920	3095
7124	6572
6821	5922
9954	9350
4833	5310
9576	9730
1057	472
3354	3602
1630	1361
2054	2088
1802	1880
9223	9349
5853	6663
-133	427
2963	3867
6377	6654
4253	3708
4754	4587
10033	9378
6184	5733
4604	4711
610	1586
8345	7964
9118	8856
1464	2184
4547	5272
7541	8199
4484	3838
4213	4551
1736	1029
8676	8297
4436	5078
3199	3557
3402	4035
1072	1820
8354	8647
6410	5900
