500	252627
1247	915
6204	6163
9800	9569
5192	4954
1410	2234
5342	6157
5212	5558
1281	2089
10161	9790
4081	3521
2627	1892
5237	5777
1121	1214
8456	9146
6550	7084
10785	9942
8679	8168
2319	1889
7600	8221
6992	6598
4043	3620
306	759
6949	7372
5927	5709
1044	1180
8806	9090
10321	9743
9023	8390
728	1406
4353	5115
1172	761
5066	4306
502	914
6210	5998
3683	3831
9840	8879
5601	5698
5784	6519
7333	7470
5357	6189
9275	8400
4693	4880
6842	7302
7582	7947
2964	3481
9858	9572
7979	7344
4771	5486
8974	9506
6561	6754
3067	3785
5646	5032
2860	1968
2487	2846
5773	6332
4714	4478
3400	4018
8136	8660
5361	5759
7629	8498
6296	5404
8809	8565
4013	3864
2168	2486
6864	6779
8354	7434
5444	4789
6761	6391
7945	8080
7265	7371
1346	1511
6800	6006
9202	8850
3824	4185
9227	9784
6088	5904
8959	9766
4399	3789
1408	2075
8444	7532
8287	7390
3432	3516
701	1414
7035	6579
6515	6043
7307	6590
7502	8291
2273	2498
583	1479
3073	2223
920	1575
-210	431
9720	9715
6880	7084
8646	9599
6527	5665
9853	8870
1152	1077
8830	8036
9560	9589
1817	2462
1749	2600
5774	5115
5602	6052
2680	1743
10254	9984
3552	2925
8545	7638
6003	6643
9792	9203
3056	3955
7763	7121
4498	5189
9008	9355
8457	9400
5101	5839
5722	6327
4646	4235
3037	2968
751	481
8748	8228
3343	3276
7686	6775
599	1212
4427	4648
3603	2833
3901	3991
8713	8586
2121	1949
6024	6755
4005	3868
8214	8164
10726	9969
3691	2963
2004	2080
9375	9574
6148	5873
8748	8753
3699	2763
5828	6425
8872	9320
1098	1418
3133	4033
9039	8421
6021	5890
367	251
1273	1837
2102	2430
7043	6306
2916	3281
1858	2530
4111	4971
1013	308
7839	7085
9862	9142
5620	6219
9104	8684
6203	5555
3178	2573
7356	8075
399	885
7164	7977
800	1221
166	464
5466	6214
2626	2922
8129	9122
-171	198
6902	7883
3517	3079
6975	7147
7483	6975
1387	2042
7037	6631
2744	2412
4422	5238
550	1425
6714	6019
432	1010
6607	6448
7590	8421
5135	5392
1325	2126
4760	4078
641	1039
2964	3442
5056	4211
1283	2167
2681	3353
5504	4936
3599	4135
9793	9185
6532	6145
4507	5128
5601	5046
8217	7966
5558	5328
411	79
1411	2046
2224	2011
5447	5714
5572	5222
3177	2569
926	1412
5124	6039
6127	6691
4259	4554
4115	4527
5388	5274
8592	7753
6521	5689
5659	4850
6448	6752
9228	8269
1393	1465
3384	3254
8119	8030
7603	7116
6296	6838
5675	5334
-666	295
5633	5314
7622	7218
2935	3867
9758	9766
3476	3898
1429	826
784	13
6499	7028
284	52
4121	4996
4820	4709
2455	2227
-92	749
6363	5921
4264	3992
9037	9703
5544	5499
807	393
8744	9296
1800	1041
3029	3051
4676	3798
9161	8942
8870	7950
5874	5817
2055	2803
5624	5663
2369	3093
4754	4283
3911	3673
7767	8660
-399	576
6781	7602
5579	5340
2470	2103
3239	3212
2080	2508
2216	2532
2071	1921
8089	7938
2332	2692
5661	4839
6226	6372
6422	6066
7748	7548
2086	1791
4535	5280
8982	8529
5440	5306
8495	9448
6046	5883
9999	9161
6676	7327
10403	9930
3767	3727
5310	5980
196	739
8770	8221
5601	5013
362	1273
1036	289
4308	3945
4398	3900
1521	1947
9538	9333
9506	9986
595	91
6485	6393
9324	9276
3816	3382
7998	8508
7874	7954
9213	8799
6760	7471
6791	7444
7088	6556
1700	1460
6365	6457
1305	776
9813	9376
6937	6004
1998	1894
1477	501
1296	1348
4802	5153
5355	6256
3214	4009
5413	5099
1978	1868
9719	8823
8633	8094
2572	2161
8435	7641
543	683
-289	203
3356	3287
4819	5453
731	1355
9099	8462
7610	6949
6834	7485
3090	3931
2293	2299
5947	5333
2010	1419
5058	5709
5566	4613
3804	3629
4269	3365
5084	4596
1659	1120
6278	6262
5875	5352
4725	4232
2428	2334
4097	4795
9126	8514
3939	4718
8035	8002
10579	9907
7239	6565
8305	7564
8023	8815
5446	5358
7976	8875
2839	3353
3700	2931
5474	4750
1810	1321
7830	7129
9381	8537
8535	8550
1536	1394
10169	9170
3326	2621
991	1131
4544	3702
2584	3001
8223	8262
6712	5834
5883	6246
7967	8584
4462	4152
9168	8579
6049	5286
5089	5031
10	124
1904	2044
5377	5180
-60	760
6950	6984
523	85
5519	6424
9575	8617
1937	1570
-404	567
4559	5428
2160	1286
2327	2017
3614	4483
8569	8825
6001	6299
4813	5670
3873	4359
6067	5520
7058	6410
1261	1818
3847	4807
8560	9035
2322	2019
7364	7344
5070	4152
4262	4764
2051	1701
2642	3198
3254	3124
5556	6301
5941	5607
7309	6821
7972	7530
4778	4166
1355	2340
9082	9067
8246	7415
3857	3288
3454	2656
3019	2133
680	392
9727	8880
1567	1321
4068	3540
10748	9762
9661	8886
1626	2161
1104	1219
3065	3424
9092	8717
-10	589
3959	4298
1554	2256
2762	3682
6947	7724
8445	8527
3481	2907
9387	9224
1603	1152
7555	6583
4236	5216
3203	3051
333	412
9369	9298
5151	5561
3269	3468
4119	4523
2465	3153
7793	8672
5047	4712
942	601
5108	5185
3209	2682
10215	9946
5019	5361
5404	5056
-582	266
8091	8273
8522	8320
7004	6206
5836	6824
-88	480
64	313
1642	2633
6093	5328
2533	2905
9210	8566
9619	9800
2109	2362
1072	1259
4758	4550
7544	6560
6149	6942
855	834
4258	4067
5398	5593
5111	5044
4042	3986
3002	2885
8400	7469
4052	3871
434	951
4510	4914
1713	946
-197	500
5542	5802
9204	8680
2596	3143
207	1160
3674	3925
8135	7531
7864	7052
8882	9278
7857	8026
3526	4405
5057	5767
9561	9712
7311	8062
7528	6618
6426	7359
9688	9931
848	1287
3196	3777
2850	3816
3500	3105
1441	983
8413	9371
8674	9366
6076	6221
3749	2779
3076	3844
3678	2959
