500	601473
7446	8385
9648	9674
6046	6284
8204	8053
7198	6582
5132	4576
2132	2576
9375	9347
2378	2029
2171	2645
5730	5871
380	1031
8184	7365
914	1224
3140	2761
2522	2261
4800	4874
4637	4979
2725	2475
8838	9580
6953	7412
2884	2011
7589	8083
4655	4325
203	1046
1191	539
9742	9644
6321	7269
5683	6333
4017	3453
6349	6439
9057	8251
777	885
10042	9715
2298	3046
2309	2761
5345	5731
3660	3293
6137	5622
4401	3410
305	75
2172	1413
1142	995
9785	9306
919	1887
3798	4554
-461	504
4719	3775
7333	7736
6861	7592
9528	9640
670	384
6728	6600
8266	7617
1217	1176
5987	5902
800	1167
2911	3008
2875	3754
5773	6315
9165	8638
2678	1827
8028	8935
3001	2170
3332	4107
1244	1240
3190	3253
3470	4263
755	31
8661	9203
1115	1399
8170	9130
2689	3420
5722	5931
5321	5733
8737	8977
3331	2950
7522	7999
-851	142
4265	3919
8822	8342
6426	6124
7263	7739
3315	3509
513	454
-474	158
4142	3685
2026	2219
2930	3442
5861	5337
9216	9744
5139	4588
5495	6119
223	112
4468	4201
1158	417
5840	4900
2879	2458
4666	4450
5057	5073
5517	6195
3571	3297
9134	8779
70	489
6696	7672
-406	330
4994	5777
3145	2466
2464	1507
4619	5043
8	311
7974	7990
1735	1682
2060	2601
5992	5881
768	132
10653	9751
3558	2931
5042	4976
7756	8489
5362	5214
7481	7094
6133	5237
1028	1586
4492	3662
9297	9374
6325	5689
8289	9260
990	1192
7313	6912
4700	3888
7298	6849
4617	4780
6228	7113
2633	3229
4684	5341
8641	8862
4274	4446
3314	4302
5170	4550
5696	6693
2930	2366
4322	4898
528	1281
10414	9531
227	1190
4947	4795
8914	9569
1689	1646
6695	6448
10115	9771
2813	2794
9067	8730
4541	5430
9598	9832
5931	5431
2844	2175
2680	3273
5658	6069
0	657
10502	9554
2473	2591
5717	6373
9403	8888
3377	3634
8492	9180
5631	6143
2487	3436
573	641
7809	7551
3433	3703
5617	5574
7980	7179
8785	9045
6437	6051
9229	9921
-204	634
5418	4542
6456	7194
6995	7873
4996	5193
1188	733
-521	313
8054	8333
5655	4794
1584	1563
7017	6235
4409	3768
2078	2422
4289	4206
2307	2109
5103	4127
6306	6084
5890	5397
5141	4529
8631	9103
10322	9397
3814	4025
2885	2327
5232	5420
2019	1747
6813	7717
5945	5315
10440	9848
5710	5454
1864	2620
5220	4889
7834	7529
5218	4922
3630	3536
9828	9525
5731	5464
5540	4749
-497	261
2557	3055
5411	5880
1481	2044
1974	1507
-350	322
5965	6367
5568	5756
8952	8384
535	1324
1449	2110
5132	4295
5299	5608
5018	5740
4160	3855
1178	883
5860	6486
1422	1033
9087	8887
1078	1045
5458	5368
5656	5769
8591	8062
5739	6197
1655	1694
551	972
3424	2784
1622	874
4814	4885
7461	8087
6210	5737
9962	9735
6470	5879
5092	5414
5537	5317
204	277
7388	7162
5564	6102
7732	7373
7145	6405
541	1407
201	1128
6700	6561
5347	4800
892	362
1010	1226
8699	8301
7622	6784
3115	3971
6322	5505
4891	4817
3129	2484
1140	1087
1823	2670
1228	1075
4322	3622
3876	3309
8328	8117
2489	2688
7726	7787
9297	8703
-395	31
6402	6093
8726	8054
1068	2041
5482	6218
1458	790
5123	4908
3653	2847
7808	8247
969	679
1103	773
8984	8485
8192	8989
3505	3661
7485	8303
7320	8311
5938	5487
4652	5227
10086	9303
2314	2464
2087	1495
3431	4427
6877	7174
9306	8312
3573	3603
2446	2916
2268	2392
936	128
4282	4464
2797	2613
1365	805
5289	5752
4935	4605
10143	9816
5931	6451
922	753
2972	3200
4273	4566
1984	2465
5880	5064
2957	2765
3835	3993
1351	1113
629	531
5408	6147
4491	4420
3247	2895
8770	9655
7574	6724
6291	7191
1499	2090
5337	4881
1711	2104
8760	8857
2674	2319
3621	3709
8214	8551
10349	9410
3700	3968
5114	5400
10373	9720
3861	4246
1078	828
7647	6786
3018	2419
10159	9456
-683	306
10106	9551
5573	4711
2669	2193
10175	9657
4888	5478
2940	2696
2955	3849
4604	5298
9718	9877
1006	1210
1820	2507
1334	1417
7012	7875
8920	7956
8532	8609
4956	5176
3446	4073
8159	7372
7904	7382
5915	6244
7846	6891
2764	3197
6870	7519
2292	2355
2026	1952
7101	6865
1942	2123
8928	9046
9702	9935
3022	3166
-140	300
-344	63
1099	745
8431	7442
7609	6683
6717	6527
5638	6630
5580	5794
5646	4905
664	1145
1040	1516
5192	6059
7437	7452
5438	5840
7728	7840
1059	1510
5140	5178
9133	8306
2939	1972
8138	8342
6984	7435
6049	5799
395	464
9585	9746
2651	2218
3237	3273
1376	1922
2302	2944
8835	8848
6973	7187
3543	3948
804	246
2166	1860
9223	9526
4507	5387
1595	1242
3081	3522
1723	2284
6540	5657
2812	2496
779	1438
2526	3258
800	1532
6375	7135
8776	9377
7293	6975
4975	4721
2340	1995
8263	8801
1284	412
8829	9765
5134	5422
7722	6979
5773	5045
8152	7376
6530	6878
7634	7225
6492	6787
3218	3177
9081	9130
1369	1043
5170	5714
5035	5905
1783	976
662	1490
2271	2959
1278	555
2603	2337
7816	7725
-637	316
7538	8047
6234	7073
9914	9042
4867	5865
7276	6439
2426	2769
537	109
3051	3445
9112	8675
5830	6677
6195	6771
7207	7516
5281	5281
3611	3755
10247	9366
7227	7336
5299	5373
8499	8170
2943	2674
3748	3483
1575	1035
1584	1979
856	1405
3486	3170
3745	3425
5202	4812
8949	8016
3668	2803
8998	8978
6976	6465
2637	2421
7732	7912
2773	2720
9431	9385
693	931
1750	1607
4820	5482
2446	1708
7588	8105
1651	958
2551	1850
5576	5266
3964	3388
8100	7335
7905	7938
2104	1842
1326	2243
4708	5175
3872	3074
424	1421
6652	7436
1373	2255
10096	9722
9288	9375
381	546
5719	6039
10335	9870
4157	3844
7975	7339
