500	1869301
2876	3225
4061	4280
5246	5647
1326	1384
8080	7185
1410	1196
9523	9643
9197	8589
5016	4707
2798	3208
2796	2851
8829	9019
7452	7656
3931	4806
3848	3634
8149	8632
6157	6458
7025	7719
1359	1107
7951	7161
5829	6655
8027	8771
8887	9333
918	499
2008	2090
1804	1764
1465	1980
3522	3987
5712	5566
1225	2044
5121	4831
2405	1522
-478	520
977	17
5921	5665
10334	9819
7032	6380
8498	9012
3179	3497
7449	7748
8430	8148
7970	8561
8029	7219
5985	5665
1711	2419
6300	6409
9330	8389
-399	210
324	817
7423	7126
7998	7473
10366	9749
7028	7587
8915	9243
10611	9695
-733	64
4579	5277
2062	2156
7273	6500
3062	2172
2853	3116
-534	464
9710	9792
904	1852
2050	1075
8710	8842
8019	8394
3085	2955
6154	5725
4694	4326
5455	6317
967	1332
-350	205
3761	3620
5762	5261
6096	5259
8561	9363
4729	5536
7180	6365
9040	9341
7750	7651
2343	1880
6340	6634
3524	3765
9129	9333
283	83
1521	2022
1626	1330
9224	9927
1069	1118
2154	2684
153	1050
2358	3183
1557	725
3442	4422
1525	1751
65	784
4589	3875
8806	8942
2394	2251
5115	5142
3573	3408
3285	3809
8021	8681
1213	2031
8175	8551
8475	9039
9422	9309
6564	7271
831	1018
9315	9515
1150	1874
5299	5956
4999	4698
4143	4521
7096	6408
-732	127
4393	5075
3805	3911
4646	5525
9509	9195
8772	9049
2825	3613
1588	2421
4494	3716
3306	3796
2003	2137
763	881
6407	6910
1124	2016
2897	1956
6526	7117
-605	67
3097	2270
1486	1673
7662	6712
4564	5438
2288	2354
5307	5530
6443	5697
5516	4704
2778	2684
2190	2410
2072	2573
2433	2782
5789	6371
7891	8436
1133	580
5421	5058
4327	5006
8386	9306
4978	4313
3780	3290
230	614
6602	5774
-2	766
1210	2028
8797	9758
6940	7246
2891	2729
7480	7949
8647	8076
1077	1395
10239	9242
6472	7310
6404	7054
7913	8238
6277	6460
1970	1123
7450	8438
2649	2157
4662	3997
830	373
4750	3754
874	605
7059	7871
3973	3100
5030	4585
7895	8723
4521	3783
9117	9325
3796	3502
7278	8179
7057	7412
847	348
5158	5352
3303	2642
6827	7129
4089	3573
2954	2987
5620	6377
5831	5092
9390	9999
6466	6198
9265	8849
9606	9264
8424	7586
4403	3469
1895	2885
2583	2436
8499	8651
3809	3901
6699	6663
9301	9335
2482	3376
1781	1039
6063	5229
1745	914
8501	9214
9359	8950
7176	8102
9731	9255
5561	5912
7936	7123
8776	9602
5448	5797
5054	5444
4905	5298
6450	6237
2506	1754
9511	9974
5702	5733
6377	6097
7165	6573
8033	7215
3811	3873
7063	6528
5368	4940
6116	5830
6505	7137
1488	1861
2723	3571
7435	8067
3020	3349
6053	6087
6511	5616
1611	2133
1475	696
98	908
8417	8525
3066	2098
3934	4163
5023	4190
2661	2823
2509	1555
6953	7354
7599	8513
8639	9461
8112	8430
10760	9902
8010	8662
4578	5525
4287	3864
6075	5440
8425	7685
1830	1175
901	1378
1202	1622
5090	4882
4484	5046
10209	9712
3987	4223
3507	2565
1706	2339
7754	6904
1439	997
2648	3639
8130	8112
7756	6859
3017	3541
1747	1356
2652	3271
2639	2750
5265	4993
8874	9531
7446	6507
8949	9424
133	443
7636	6687
10133	9919
6836	7312
6316	7018
4576	5476
9442	8900
5018	4148
5155	5580
7870	7637
9727	9421
2574	2642
3199	3564
4940	5669
8020	8269
-12	161
2836	2422
6788	6382
1798	1299
7911	7421
8213	7376
5480	5840
7273	6350
9128	8261
4262	4198
-64	256
6745	6181
4491	4476
6331	6183
568	1169
10159	9489
-82	779
8522	9077
5748	5142
3604	2942
5446	6008
7715	7171
4119	3256
10387	9709
10269	9872
8431	8062
8591	9565
5128	4837
5886	5631
4535	5040
7505	6945
7177	6617
1835	2525
790	224
7079	6991
5076	5160
480	1012
7624	6725
5234	5355
1028	1568
7956	7646
3443	3870
9141	9649
1548	1884
1252	1317
1735	1924
5598	5276
2679	3493
1488	1844
6824	5975
1578	1586
7095	7748
4701	5542
2407	2284
1611	1440
10443	9997
1884	1764
3566	3837
5358	4696
-318	579
358	1334
4760	4223
2452	2105
7904	8596
3071	2289
4686	3689
6657	5982
2616	2599
2461	2581
7450	7769
3072	3850
7621	7980
9522	9729
2157	2095
9845	9132
6340	5904
2696	3600
8336	7437
4152	3792
1821	911
4668	5349
2073	1193
7420	7655
6904	7040
5135	6065
3472	3393
9195	9088
7782	6812
5848	5053
5194	5565
5625	4757
5645	5594
1761	1898
3479	4115
7999	7278
3875	3559
7561	8277
5554	4983
926	774
7140	7977
3151	2430
8422	9012
5288	5547
713	157
7347	7405
5599	6183
2241	1262
1990	1859
7307	7394
4787	4802
7397	7183
3299	4128
6834	6081
5632	4955
3357	3043
5657	6582
590	937
-94	272
-624	293
10119	9367
2835	2714
7231	7544
6305	6025
7612	8354
4145	3190
1927	2493
3894	3475
7742	7606
3235	2340
4056	3150
2622	3126
685	1559
3949	4037
3144	4104
10509	9878
8406	8874
4823	3879
4677	4674
3767	3676
6472	6822
8898	7930
5057	4267
5757	5324
-229	143
9083	8098
8660	9526
1330	1458
1531	995
1822	2612
8389	9123
4333	4864
7661	7627
3789	4498
4189	4818
1702	2106
669	942
7909	8012
4003	3310
4373	5187
1377	1417
696	1437
1131	1324
9541	9316
5359	4651
8221	7536
4655	4680
2225	2920
8128	7750
185	753
1859	2496
913	872
5375	6006
5822	5403
7006	7712
3748	4198
3549	3803
6482	7316
1325	955
5606	5352
4797	4613
9313	9460
7693	8318
7744	8707
3484	3281
7612	7132
2355	2815
7891	7850
3069	3066
-369	507
2752	3603
1240	1276
800	1592
3170	2273
3776	2806
6641	6629
956	1474
9320	8427
6495	5571
8883	8898
9721	9310
7693	8345
9116	9522
2770	2839
910	579
8995	9179
5742	5020
3141	3045
1888	2463
