500	1843814
1464	2143
8529	8713
1605	2434
6632	6141
5455	5758
2036	2214
5660	6285
6597	6913
2413	2057
698	709
5814	6810
2134	3066
9822	9875
3853	3325
9222	9571
1713	1461
4686	3783
793	1080
346	330
3154	3711
6589	7147
7886	7717
10263	9281
1804	2090
4179	3412
7168	6470
6095	6274
7332	6427
8304	8501
898	407
1828	1299
8080	8061
4113	4251
3979	4109
4757	5664
6183	5605
641	1211
9856	9489
134	1133
4130	4679
9652	9324
1600	1248
2102	2956
6043	5675
6693	6387
3001	2642
1146	214
2468	2785
10321	9580
4310	3348
9624	9751
3832	3981
4242	4758
7421	8372
6380	5922
3675	4364
3663	4218
3672	4288
6241	5703
2829	1847
28	719
5935	5983
8631	9167
399	615
9335	9647
6308	6079
2845	1970
7793	6855
7470	6530
5590	5927
5753	5232
4242	4777
1682	921
4140	4966
665	405
10348	9403
1210	284
6979	6423
1059	1172
4394	3416
-356	234
421	305
9313	8580
1283	2264
4355	3957
2673	2627
10638	9731
3481	3791
5079	5769
182	891
-706	156
3005	2478
7343	7752
7386	6553
371	722
6244	5830
6563	6026
6793	6410
6644	7287
3825	4718
9783	9256
4620	4334
3447	2528
2530	3352
6626	7451
8774	9572
5253	5878
955	1771
9587	8824
2111	1745
6672	6212
2407	1680
3933	3798
8248	8709
9708	9712
4843	4692
2105	1326
3393	3002
7516	7053
7586	6711
-443	112
4534	3807
8332	7792
4333	4584
5780	5983
189	162
1922	2606
1011	785
4081	4844
7613	7214
8092	8814
4237	3380
2536	3109
5691	6180
5643	5055
2220	3083
9867	9387
2777	2147
2780	3214
8548	8189
716	331
3401	2431
1758	1162
6014	6401
3408	3564
6812	7654
1862	1484
7708	7210
3549	4427
4346	4683
-67	390
5724	6598
3666	3456
7578	7551
6932	6961
2596	2735
6808	7584
3614	2930
4492	5072
5797	6617
1748	1457
5377	4738
5412	6274
3587	2782
2050	2863
8483	7544
8483	9122
1103	492
9308	8870
2948	3490
4369	4426
5608	4888
8936	8352
741	1485
3801	3387
2160	2834
6625	7501
6869	7713
4856	4061
6740	7054
3269	3586
2791	2086
7939	7111
9498	9921
-385	583
9365	9546
7974	8963
7735	7884
7752	7009
7505	8249
2874	2489
1608	1644
6426	6721
477	1231
7127	7757
4530	4129
9005	8947
9686	9112
2068	2123
6273	5290
4004	3106
9377	8807
123	771
4189	3386
3025	3139
1137	1390
1519	2346
994	848
1818	1868
5229	6055
9873	9362
785	917
6458	6898
3135	3964
5066	5347
6603	7435
5778	6130
7279	7226
3704	3519
592	1391
1400	2367
10353	9964
911	253
5713	6381
9362	9921
8315	7687
8355	7712
5825	4828
8199	7441
1656	1701
782	84
5520	5100
1558	2289
1278	2156
5064	4547
1483	950
7002	7323
2507	1864
7009	6329
6071	6883
5501	6082
4827	4345
2944	3576
3789	4775
5339	5078
718	588
7512	7155
1890	1942
9698	8995
6566	7490
2333	1426
6943	6609
947	1777
2252	1651
7715	7981
6742	7314
9703	9271
4892	4554
6957	6426
7644	8632
8562	8252
8570	7785
9534	9847
6777	6397
349	190
9589	8781
7184	7573
155	106
9153	9911
6703	7168
3012	3067
1124	1580
5911	5357
2108	2719
2765	2987
5439	4972
3485	2832
7982	8965
1558	887
5505	5442
28	419
1988	2958
9461	9290
9246	9091
4057	4658
7291	7274
4603	4615
2116	2397
8060	7406
936	1293
6572	7297
7918	7095
5099	5458
1568	2018
9112	9572
9085	8414
6500	6548
10415	9767
6432	6723
9251	8920
5778	6214
3979	3411
2374	1792
9895	9408
318	201
7392	7792
706	568
6285	6243
5076	5178
2954	2091
5247	6070
9830	9862
4567	4700
833	386
8769	9052
2859	2123
7115	7073
452	698
7330	6492
2429	1721
5710	5326
3011	2877
6648	5778
2292	2651
1662	1330
8643	8274
-137	845
8249	8895
3060	2172
2985	3650
8133	8627
1889	902
5232	5192
8384	9196
2569	2481
6798	7520
414	96
2067	2441
4573	3945
1031	871
4519	4728
6337	5697
3214	3301
8103	8811
3212	2363
4798	4986
6968	6496
1570	1363
10018	9314
1782	2476
10697	9972
5705	5449
7121	6153
1503	1192
-265	562
7799	8180
7653	7122
3463	2838
7502	7590
6185	6944
3045	2056
1203	1225
8137	8634
2192	1413
5569	6258
3653	4297
9080	8942
1697	940
8549	7889
7633	6940
2668	1895
8228	8784
-527	59
261	1033
3905	3127
9034	9416
7485	7575
8929	8960
4525	5418
4196	3309
1709	2166
1505	619
1988	1961
4542	4012
2524	3440
5020	4078
8866	8575
-523	410
7093	7212
8528	8621
7984	8729
3947	3371
1336	835
3854	4078
4373	4917
1955	2794
2253	2248
7036	6295
5780	5514
2104	1710
5092	5784
1074	555
5215	4427
3033	2132
5890	6265
8358	7891
8507	8639
8267	7498
2993	2595
7319	8049
3480	2574
3982	4530
8762	8456
-168	502
3732	3458
9400	9048
9129	8450
2963	2882
2886	2540
4380	5302
2264	2568
2309	2281
7417	6997
7537	7210
9493	9787
6565	7365
609	1212
491	423
7383	6640
5241	5204
4700	4834
8257	8671
7077	7702
1782	1678
6084	7004
151	818
9512	9824
5751	4828
7037	7846
-611	91
8595	8260
5862	6809
5127	4306
4482	4122
154	837
8619	9270
4488	5069
4299	3911
7674	8499
9118	9061
4165	4986
2358	2572
6052	6190
8150	7426
6162	6243
4199	3880
2090	1428
4921	4943
1294	864
7925	8639
8475	8995
8624	8261
3271	3105
5149	5720
2513	3325
9272	8986
6193	5528
2266	2623
1776	2217
1175	811
7054	6233
5536	6361
4344	3986
8344	8244
2051	2992
6229	6867
3167	3944
9374	8534
4978	4023
6365	6675
232	691
225	410
490	922
1514	2400
4721	3988
5206	5905
6724	7268
7568	7158
4990	4729
-316	589
10498	9578
8088	8766
7981	7023
4414	3662
10387	9711
7806	7727
5540	6459
5895	6701
3013	2198
7970	7861
