500	1978349
1909	2170
405	978
2535	3291
7158	8125
3289	2820
6981	7923
7146	6722
9815	9841
-926	37
4852	3988
7935	7366
8093	7657
2757	1970
2311	3024
3269	3501
6535	6289
7957	7913
758	606
4291	4460
7986	8680
3593	4542
4181	4880
6318	6368
1932	2061
8406	8276
7444	7204
8119	7817
672	716
7627	7833
6918	6031
5534	6179
6731	6199
9318	8735
8162	8621
9500	8578
6953	7459
5607	6003
5937	5977
7360	7166
5069	5473
5567	5884
8182	7632
1681	791
5734	4786
8317	9298
9818	9622
2899	3483
1678	2271
3605	2887
3309	2403
5814	6530
3908	3595
2788	3130
4572	3952
2109	2024
8569	7914
7175	7864
3375	4166
8925	8192
132	618
5831	5665
6620	5914
9448	8878
958	294
9161	9761
1020	1327
-499	295
-280	210
10062	9661
3817	3426
4034	3547
7272	7278
2494	2267
5516	5984
9799	9115
8200	8733
6941	7937
710	1298
9755	8980
4648	5206
5835	6759
1655	1981
4338	4508
3935	4426
781	394
3542	4057
916	580
7891	8778
3649	3717
6057	5775
2037	1546
2901	2222
9525	9722
8099	8488
930	1685
4968	5089
7894	7510
1767	1981
5126	5325
4135	4746
3975	3155
1632	1109
2542	2927
6489	7212
-122	779
9834	9072
2714	2750
4830	5186
2900	3189
5627	6208
8942	8223
4256	4306
4245	4571
6358	6769
5587	5735
8438	8111
7880	8699
9498	9768
6420	6272
1396	909
7741	7664
4209	3390
913	463
503	1440
2027	2034
3151	4143
2447	2006
4367	5049
4125	4796
8478	8138
2599	2047
4102	4124
1269	327
2937	2379
5014	4721
6291	6076
5841	5395
2314	2563
359	1165
8275	9069
6806	6033
8480	7617
2106	2407
3708	4440
5833	6615
7537	6779
3305	4127
9564	8922
8668	8038
7940	7817
914	759
8721	8496
4099	4516
5261	5114
9789	8962
9501	9896
6780	6548
5534	4826
5068	4641
5845	6794
6045	6040
7559	7630
4997	5233
9361	8636
786	355
707	112
1054	1905
6770	6381
6030	5347
8982	8065
8498	7858
5147	5755
8845	8859
4769	5328
3725	3103
5055	5339
2345	1729
149	636
3498	3151
6661	6782
6034	6939
8547	8905
6483	6387
3455	3030
5987	5721
2206	1934
8548	8825
6723	5814
7087	6534
6832	7556
5588	5939
6483	7057
7594	6662
1130	760
5882	5048
5856	5787
9924	9916
1046	647
3068	3799
3560	4325
9345	9790
8694	8666
5943	6727
8809	8356
2942	2020
7107	7297
4600	5286
2266	1418
6376	5741
7492	8434
10444	9890
6212	5903
3433	3826
6832	7593
3101	2944
2321	2392
8306	7612
1186	798
5799	6471
6553	5868
5389	5165
4469	4579
9039	9305
4721	4600
6221	6056
3029	2666
3120	2662
9117	9039
5223	5978
266	1011
3104	3256
6493	5685
7604	7919
1360	519
8121	8664
7223	7660
3332	3980
8932	8025
5338	5165
4741	5291
5596	5873
1150	1373
6849	6268
8446	7651
1765	1498
6685	6914
2026	1481
8673	9349
2664	3406
3520	3010
3540	4449
4160	3807
7257	6812
4761	5033
-94	837
1700	2619
1701	737
4720	5438
2596	2088
714	1453
8553	9263
7605	7683
7390	8238
6207	5393
5935	5742
7523	7401
8839	9405
6045	6480
8474	8871
5013	4493
6990	6335
9666	8860
-64	694
2523	2571
2330	2016
8893	9111
8802	8610
6753	5777
2165	2757
8949	8128
9899	9371
9246	9313
4876	5224
8606	9073
8691	9313
8857	9679
4595	5100
4515	3577
1512	1038
822	390
7975	8405
613	292
3544	4116
9020	8773
2321	2895
10142	9736
3010	2620
3900	3877
5571	6113
8387	9154
8903	9684
-86	663
5326	5158
4387	4667
9577	9499
6189	6018
9144	9888
4163	5160
3606	3536
8002	8184
8692	8415
7716	8065
6228	6856
9416	8935
1944	2018
3257	3084
2399	2068
3508	4446
1977	2137
4662	4354
1573	1190
8440	7681
9602	9639
6373	6678
5575	5035
6976	6659
8522	8316
-92	574
6367	7006
3372	3557
6617	7418
8973	8781
8269	7485
6044	5986
10018	9361
8371	7915
4986	4354
3121	2603
7879	8313
8250	8154
8273	7849
5334	4729
164	529
2644	3506
2744	2274
1878	2066
1859	2174
5352	4467
2930	3916
3262	2804
6970	6772
8647	8576
3191	3875
9341	8425
9470	8480
5120	4980
4517	5340
8379	8116
7247	6493
2879	2513
2819	2896
4298	3473
5194	4838
6340	5838
2443	2696
1968	2445
6400	7074
8858	8629
5290	5979
4775	4427
6808	7222
777	1080
332	344
7402	7667
281	27
4660	4233
1659	704
670	666
1350	1305
8583	8622
9656	9560
5407	5309
7086	6310
2707	1826
8421	7579
7430	7264
7081	7737
5696	6162
4549	5181
5694	5148
8775	9188
5661	4924
8835	8741
4602	4423
3963	3343
-355	503
2847	2085
1411	609
5298	4900
1540	766
8713	9053
3510	4361
6584	6574
10145	9611
9490	8834
9742	9273
2872	2205
537	1282
1441	1887
8902	9035
5832	6408
10504	9765
4837	5678
2463	2559
2741	3210
3329	2595
4742	4899
5651	6019
718	1460
7456	7865
-898	19
8298	8008
9095	8462
3384	2753
4589	3902
10309	9854
7957	7846
7735	8498
2163	1318
5025	5344
6021	5510
6776	7754
2744	2424
5919	6422
8012	7887
-104	155
5176	5080
688	787
9537	8916
9691	9778
9083	8764
8801	9509
964	138
6736	5991
3918	4355
7456	8399
9343	8773
1294	1286
5857	5244
3997	3610
7014	6788
207	480
6692	7057
8204	8901
3931	3763
7724	6838
8912	9837
9575	9604
4832	5436
8058	8124
6938	6249
2627	1937
3180	3565
4011	4727
9086	9521
3070	2168
4962	4984
443	655
6146	6560
8030	8771
1570	1498
7896	8432
9304	8658
535	661
1546	2026
4610	3702
4936	3943
2983	2141
2659	1753
-377	76
5464	5500
6757	5863
8513	8943
3181	2292
2692	1929
7394	8092
6362	7044
4341	5285
4820	5282
6846	6386
3610	4194
10384	9834
1727	2634
8033	8831
9370	9544
1533	1878
2292	2581
4713	4425
2179	2898
5673	6062
