500	2381382
5119	4594
7083	7253
8737	8539
1995	1716
9270	8389
5130	6038
4976	5427
9749	9769
8506	8959
5261	4656
8599	8136
6455	6763
2513	2773
2962	2827
3939	4921
10226	9723
4352	4764
3897	4861
8951	9261
640	1284
4117	3955
3357	2379
9805	9069
679	1021
3495	3540
6980	6394
6264	6941
4122	3509
2654	2014
1653	1375
1368	1646
7594	7763
9039	9394
7183	7318
3181	3677
5299	5206
3837	3988
3639	3800
1367	775
-441	346
8482	7681
7763	7135
9252	9362
3078	3921
8211	8859
5038	4907
5553	6316
5556	5879
8147	7428
9356	9173
7393	7550
9901	9819
6529	6552
5112	5616
8933	8787
9250	8433
2584	1659
9725	8819
3793	3773
817	1185
9751	9893
8289	7722
10623	9692
7511	6911
9348	9637
1736	1700
7199	7058
8097	7535
864	917
1009	311
6788	7503
955	1907
1147	1810
8154	7496
4341	4955
7385	7449
9558	9745
8439	7796
3778	2849
6731	6221
9275	8911
8505	8937
864	257
3042	3114
7313	6898
5130	5626
6966	6286
6348	7026
3689	3848
2170	2349
9750	9146
7927	7858
1778	2040
5055	4416
4716	4682
5705	6294
2260	2197
8495	8751
8103	8522
7161	6708
993	1564
7473	7257
7136	7583
3929	4399
5233	4264
4233	4172
5140	4938
6992	7224
10533	9543
1763	1369
5065	6041
8307	8718
6858	6594
8525	9339
717	1383
8772	8416
7805	8069
3232	2523
1133	2125
1344	1493
8836	8274
706	474
2550	3353
5838	5013
7462	6875
10001	9483
8689	8826
1725	1120
6064	6416
7584	8111
7212	7436
730	1358
1347	2080
1408	701
5270	5856
5030	4610
5045	5724
9522	9491
2951	2315
8161	8181
3856	3035
5496	6083
6594	6884
3702	3525
1560	1309
7326	6566
-298	545
8373	7679
10035	9464
7241	7047
10028	9710
8278	7435
2633	2143
1006	1327
4257	4566
5840	6809
5263	4351
2288	1745
9798	8903
8939	7980
1526	1357
5931	6833
2249	2210
5598	6583
4528	5462
8627	8387
6226	6286
6116	5602
10479	9895
5944	6683
4897	5476
8538	7664
4738	5611
5923	5466
9192	9507
2753	3448
8080	8899
7900	7265
2408	2191
1986	1818
4299	4407
4294	3546
7221	6308
5108	5432
8638	9012
9076	8127
9069	9289
6546	6913
3619	4487
4187	3680
7868	7574
9205	8635
9104	8413
4568	5453
1724	1053
8477	9117
8908	8666
8214	8432
4689	5594
8432	9016
3419	2815
2628	2141
3335	4015
5766	5081
9901	9023
4500	3760
8944	9299
6615	6839
8209	8183
5974	6098
8921	8660
646	320
4528	4801
765	397
7890	8552
5779	6144
5869	5309
8225	8846
6413	7285
6672	7081
3362	2670
6841	7255
6991	6703
4676	5027
1104	688
2017	2863
9818	9851
9170	8522
8706	9252
9353	9838
7832	7021
9807	9418
1405	903
8168	8166
8565	7566
3842	2939
5597	5094
4480	4788
6789	7614
5736	5887
6362	6852
9332	8772
2042	2771
2141	2095
4659	3867
3081	2728
7288	8014
8430	7642
2864	3027
6900	7343
8109	7392
8777	9650
10398	9518
-223	464
4183	4644
9690	9270
877	1631
2273	1705
3182	2472
4323	3568
7083	7620
2183	1211
-178	676
4235	4585
3125	4102
6314	6078
3334	3318
4146	4219
7758	8057
688	1167
729	1662
9229	8840
1129	306
5696	5777
3058	2847
2247	2676
6974	7163
5164	4673
1211	2005
8726	9367
7671	8293
8114	8912
5194	4757
7249	7032
9017	8721
1765	1089
985	796
5722	5185
5813	6119
6363	6165
2177	1747
568	799
3807	3704
6026	5892
1134	144
4997	4613
4100	4564
9433	9845
4574	4571
5328	4699
1859	2449
395	1298
561	1500
6978	6319
7464	7938
7782	8695
1192	1552
4563	5418
8570	9157
5414	5333
5970	6942
3377	4329
403	918
4394	4294
3071	3752
6641	7152
6514	5927
6191	5656
1691	2351
1074	310
1642	2023
3959	4105
3040	3670
8327	8606
4144	3166
8186	8540
5727	6719
6081	5969
1778	1261
4169	3340
7887	8590
6740	7443
1641	2574
2867	2321
3628	3747
2887	3470
2485	1973
125	18
7533	6766
6497	5703
4602	4132
9228	9410
2734	1771
4034	4297
-317	147
823	1621
3722	3710
3464	2658
3670	3668
9599	8692
2073	2872
3825	3532
2372	2332
4761	3846
7819	7865
1531	746
2440	2235
8827	8109
2376	2672
2628	1791
165	33
8856	9266
9628	9810
4460	4655
6978	6543
993	607
7601	6824
3906	3444
4426	5209
5520	5172
7592	8030
1683	2153
5717	5537
7136	7659
232	706
9347	9270
9743	9209
3721	4478
4453	4398
9856	9494
3910	2973
1169	972
3355	2990
6713	7666
2042	2642
6672	6578
3270	3259
883	1081
5840	5673
5316	5415
2441	1544
7602	8348
8701	8424
1302	1841
6417	6257
3123	2494
5682	5508
4120	4348
9596	9423
7945	8042
7545	6766
7259	7984
4878	5801
3243	2678
5745	4860
9465	9127
7730	7007
239	358
8183	8880
8013	7492
851	1014
7481	8247
1028	452
8080	7104
8765	8737
6692	6469
9590	9950
3296	4233
2058	1404
9404	8645
10261	9886
3599	3520
5744	6274
291	464
6055	6196
2647	1949
8598	9076
1982	2704
8028	7740
10375	9490
5352	4368
1853	1201
4252	3359
3616	4448
3434	3861
7984	8389
1224	1086
335	1120
-395	565
6254	6783
6410	5661
1945	1550
3501	3589
7469	8175
8563	8476
4192	4351
7607	7553
1200	2094
2718	3095
8051	7801
8042	8576
4035	3777
4665	5265
5341	5297
6692	7192
944	381
6400	5665
1942	2559
2589	2483
8721	8572
6942	7655
869	332
1395	2133
9076	8579
3228	4059
3908	4005
8128	8770
2285	1365
2435	2685
2600	1947
4119	3634
9103	9199
4262	4222
741	184
5400	4702
1642	2490
1595	754
1767	1616
6183	6309
4818	5617
7214	7341
6396	6668
7766	8714
9779	9954
3245	2740
8579	7986
2959	2667
1438	1336
8168	8043
5165	5512
1841	2728
151	203
4239	3950
9412	8985
9103	9147
8117	7718
8549	8756
6302	6242
6732	7362
7632	8159
