500	2223009
4464	4041
5362	5308
6911	6671
6517	6357
10043	9684
6108	6631
7401	6536
8969	8063
-397	362
5398	4652
2363	1820
2076	1421
10250	9838
5263	6229
8811	8443
3877	4477
5121	5283
2709	3652
2008	2494
9554	9276
8499	8664
7494	6917
5337	5221
2004	1786
2458	1654
6503	6077
1814	2687
4313	4437
3341	2529
3509	3640
6335	6104
8900	9721
1678	1297
5059	5153
6316	5935
6072	6552
1104	1657
99	647
7067	6781
2220	2408
3781	3817
6671	7134
5425	5408
2926	3827
9857	8914
9456	9496
5639	4979
9635	8995
9750	9849
3443	3483
8208	7210
745	1111
7661	6696
6911	7894
9887	9620
900	301
-344	542
10681	9688
7851	6933
6239	6738
7914	7231
8981	8862
4503	4288
3213	2747
3834	4761
4348	5255
207	535
3791	2802
709	1332
6344	6666
8666	8983
3561	2868
2348	1614
7733	8726
4094	4363
4692	5568
3764	4611
1455	2327
2868	2082
8327	9201
2526	2763
10593	9608
9375	8997
6623	6843
2666	3595
844	508
356	868
8196	8152
-37	688
3015	2521
6151	5285
102	1051
3659	2998
1844	2832
4819	5784
789	1548
7482	8431
6555	7144
3020	3563
10560	9891
1423	2271
7284	6631
3220	3202
5071	5743
5505	5441
9633	9020
10397	9642
1682	1048
6870	6550
9568	8965
4687	4191
7725	8065
1858	2393
5407	5158
7084	7917
4507	4481
2201	2556
1222	255
2807	2853
6213	5462
3227	3323
6916	5973
8472	9395
9396	9271
4055	3873
7401	6535
3228	3998
8844	7869
7883	7864
4383	4445
2654	2503
4722	4577
9942	9331
5669	4903
6696	6684
1266	1719
6663	5770
6489	6020
1104	1356
8665	9542
5739	5189
3626	2663
3014	3966
9205	8992
3701	4087
7862	6896
8269	8877
7378	8071
3751	3428
7954	8269
6085	5805
1308	1890
1855	1669
-193	698
5705	4740
2153	1510
9131	9006
2368	2173
-314	363
3578	3590
9641	9762
8710	8924
8837	8425
287	708
7565	7383
300	53
9811	8837
2723	2268
8534	8666
3252	2798
5504	5837
7526	6868
4313	3648
5035	4590
5918	5472
8882	9221
3609	3524
2602	3285
414	704
4122	4435
1073	75
2398	2219
79	355
1527	1539
2302	2269
1357	724
3946	3676
3594	2597
1391	771
297	512
6070	6132
3340	2948
4136	3525
8856	8417
6525	6100
4264	4524
7436	7540
2490	2556
5074	4933
1898	1718
7349	7512
4084	3520
6469	6756
8039	8558
7540	6696
8625	9452
4416	3523
-74	720
2225	2006
6503	6554
4258	5007
5013	4137
3260	3983
9290	9991
1141	913
7638	7487
9368	9786
5926	5955
5824	6367
8752	9578
4713	4333
2912	3048
4376	5053
8588	9148
2613	1956
7572	8518
-138	175
9000	9826
1047	589
9677	9796
1899	2594
3547	4265
7303	8250
8316	9200
1991	2174
2081	2504
9217	8695
7976	7767
10403	9556
3128	2611
3389	2688
9190	8248
-338	29
7051	7346
6666	7406
6499	5593
5312	5842
8555	9499
6073	6781
791	1097
2276	2678
1580	1507
6637	7042
9422	9376
2877	1918
5605	4738
1382	775
2421	1546
1488	1795
6291	7237
60	613
177	1129
2073	2281
-124	534
7997	8361
769	603
7615	7082
2867	2655
6284	5804
8697	8379
3360	4238
8280	8316
771	1563
8546	8095
4107	4148
5159	5358
1267	1199
116	300
5160	5748
7269	7943
7887	7331
3724	4474
4227	4640
5309	5915
6188	5493
665	1347
3628	3723
9353	9050
8454	8352
3730	3039
8814	8358
2514	3441
7651	6810
1448	1348
5226	4242
3547	3610
510	986
7001	6862
9074	8741
1320	878
7463	8378
4875	4546
6591	6816
9317	8692
4594	4423
4506	4528
5054	6020
594	1538
4539	3922
5056	4157
-446	129
6978	7341
8281	7484
5942	6300
1633	2546
9861	9514
802	866
7675	7265
5198	5181
7980	7302
2715	3182
6928	6132
7646	8310
7008	7697
474	932
9779	8962
9268	8682
7533	7030
6367	6973
7565	7650
732	770
1335	1123
6993	6248
4256	4365
2185	1338
6019	5600
5806	5850
4484	5109
7710	7916
278	563
9160	9659
8411	8410
1047	358
945	301
707	971
9382	9109
9435	9813
700	125
5876	5977
8448	7924
1742	1045
8345	9054
685	1201
1743	1520
7986	8029
7454	8086
4614	4125
4951	5633
4760	5675
4045	3457
2656	2264
362	1339
9097	9551
2365	2317
2850	1921
-669	328
392	997
5904	6631
1180	925
3613	4501
3692	2978
9504	8848
8465	7530
5946	5323
3779	3184
8434	9422
9298	9750
2900	2904
4048	4531
4670	4100
5917	5025
9129	9098
2191	1773
1503	1476
1964	2713
10609	9687
1084	220
2053	1751
2905	2495
5598	5960
5035	5189
8386	9195
1220	1525
9670	9042
6570	7165
576	322
6006	5334
5988	5233
1011	768
5832	6012
2203	2882
2261	2065
6089	6104
4736	3861
4476	4251
1421	1189
10069	9645
5937	6529
1204	1415
5518	4901
789	1102
9007	8604
7589	7877
2348	2516
2933	3448
3552	2910
7094	6367
8273	8995
141	204
7212	6606
6393	6979
3388	2556
763	614
3210	3753
4287	4780
3608	3378
4384	4524
6228	6956
8241	8011
408	228
235	8
7820	6977
5372	5142
6960	7275
9474	8957
3129	3330
2709	3196
4497	4439
6422	6533
3806	4385
6411	6260
7240	7083
5297	4578
980	1786
8278	8501
8227	7988
3968	3845
5419	4760
7242	6549
4314	4703
2281	3146
7197	6198
2322	3260
2593	3344
7810	8479
5410	5037
122	67
1459	662
1109	1797
5653	5236
9131	9718
580	996
6774	6066
7403	6897
2385	2446
6066	5646
248	569
3350	4156
10165	9944
8872	8135
6491	6692
9766	9419
4924	4303
4684	3963
630	1499
7288	6729
2241	2728
9662	9716
1544	2043
4009	3442
3346	2436
6519	6269
4482	5321
1508	1759
6056	5924
-86	283
6324	6618
2251	1497
3720	3243
3515	2951
7207	7615
5944	6296
7641	7569
8649	8790
5249	4941
7492	7773
8435	9411
8384	8306
3561	3551
2955	2865
