500	2231850
1642	868
349	477
7062	7894
1227	1763
-445	339
6114	6620
3212	3694
3126	2293
7211	6754
-358	239
4052	3379
5410	5980
405	498
5103	5954
5323	5619
5372	4742
6156	5609
189	52
501	1369
3876	4475
1578	1869
2708	1739
7570	7200
10075	9348
6543	6094
4312	3424
7939	7783
2029	1202
5630	5052
4447	3470
7167	6619
6794	7621
5691	6331
8174	8708
2304	3156
3597	3298
9038	8300
8255	7629
6166	6840
3479	3138
10459	9464
8522	8228
8933	9339
4929	5626
10280	9476
8747	9593
9804	9773
3373	3378
7259	7416
3743	3363
3425	4399
3280	3220
9503	9150
7792	6930
7291	7160
7382	7917
5880	5627
2336	1472
8676	9361
1428	2283
2349	2652
6333	5982
1170	659
6260	5342
832	1127
8695	9437
1471	600
8120	7622
8987	9519
9793	8876
2372	3117
8723	8424
197	585
2129	1857
1075	1050
4761	5527
6067	6801
8878	9266
9340	9970
6837	6993
-84	46
5611	6215
7553	7063
1790	2259
8791	9553
9074	8550
10310	9655
5500	4621
2002	1675
3528	2796
1709	2522
8075	7339
8877	8468
8141	7338
10108	9665
6405	7155
799	1103
2647	2916
6409	5896
6501	5807
9058	9972
5042	4699
8367	8075
7804	7582
9244	9416
3258	2618
9829	9589
923	1608
4140	3945
1959	2101
8819	8743
4767	5417
4772	5156
4065	3153
1041	949
10060	9359
6436	6658
4025	4788
5351	5591
9209	9038
7820	7612
3583	3291
1746	2391
4759	5435
6258	5320
7959	8798
6155	6328
560	1482
6319	5378
5708	5248
4195	4834
9265	9706
2653	2217
2020	1812
6330	6160
7176	6750
7090	7400
10204	9634
3929	3841
3405	2610
8298	7362
6390	5437
2797	2622
3795	3840
8538	9412
5357	4715
804	1065
240	348
3017	3093
8671	7934
297	969
1277	1540
10306	9315
2890	2658
9664	9374
935	1520
2172	1842
6137	6836
2556	1815
7841	7433
9088	8350
9607	9721
734	849
7479	7782
1269	1188
2699	3462
6548	6094
3198	2945
-755	108
7186	6271
81	926
4220	3641
867	1195
3291	4193
3827	4108
6532	6108
3988	2996
2168	1573
7236	7421
2392	2179
3973	4164
6281	6831
5317	4518
1592	2551
1999	1819
6655	6887
6941	7208
6093	5980
7507	7556
6262	6267
5199	4521
8205	8839
6532	7335
5797	5510
6714	7027
3176	2317
3350	3157
4529	3869
8896	8620
1475	920
8083	8324
8476	8794
7404	8322
5312	5532
4403	3860
8558	9193
90	18
1136	673
4734	4233
331	124
2396	2740
5074	4489
10340	9413
4135	4260
5247	5171
8011	8461
2744	3239
7178	7925
2599	1608
2581	2636
5132	4605
976	1183
6970	7714
2881	1884
5224	4308
6794	7275
4085	3924
2219	1850
4264	4826
4168	3553
1873	908
8134	7722
6352	7258
4337	5065
8060	7929
1768	1596
6208	7115
3167	3072
9231	8266
1467	1456
2898	2026
606	1186
6656	6760
7583	8290
8121	8092
4414	4292
7489	6841
2025	2784
8078	7801
8796	8865
1626	2321
2127	3071
4228	3863
7061	8051
4624	4281
1507	1736
8738	8451
9301	8902
2538	1881
9759	9715
5407	4435
5204	5070
5217	4399
6559	6440
705	559
1046	1774
7905	8328
7813	7430
3050	2956
5352	4916
8078	8974
2428	2396
4095	4866
5885	6742
7762	8732
5920	5332
1886	2643
6757	6368
5723	6567
9532	9715
4677	5323
1441	2386
5869	5487
1336	404
4666	5540
4197	4556
-410	190
6547	6259
4504	4492
3104	2154
9779	9731
1975	1448
2865	3439
-257	686
4927	5199
2596	2730
516	546
5846	5729
1608	1392
5194	5176
6838	6985
8583	8883
8274	8295
1786	786
1311	2276
3243	3166
5593	5576
2638	2380
3398	4193
4781	4819
4857	4005
10236	9691
4905	4370
7991	8954
2540	2711
9992	9455
3348	2973
8934	9671
3726	3778
2669	2642
9014	9396
10151	9348
3940	3378
7518	7739
4131	4840
511	483
1318	1223
4336	3861
9431	8978
-395	56
5154	6022
5379	5959
4131	5047
4050	4296
-311	140
7740	7127
1983	1607
978	1251
2605	3552
6154	5423
3530	3543
3093	2623
979	1917
7597	7153
8729	9062
3309	2872
9648	8846
9040	9224
6515	6636
5169	6020
5411	5916
400	85
4426	3576
4487	3559
3079	3665
6499	6958
1569	1529
6734	7577
6341	5536
4111	4895
2779	1845
8048	7610
5852	6143
7009	8009
820	38
8772	8889
3993	3070
8158	7952
7835	8457
1209	1216
3499	4286
2986	2191
8805	8898
409	1262
3637	4134
2563	2275
6595	6635
2072	2564
7621	7865
5520	4562
1909	1594
3187	2717
5868	5332
2754	2423
-309	360
9551	9315
1936	2438
5561	4850
6945	7306
4850	4688
5248	4726
6450	5459
7014	6568
6661	6150
7634	6636
7581	6912
10221	9843
8672	9620
5854	5599
3072	2199
1982	1426
4500	4235
4904	4228
1110	2067
3794	4348
1378	523
4825	4802
9042	8843
5343	4871
3521	4369
8004	7537
4158	3707
4669	3745
7445	6480
1646	2094
1723	1040
406	1330
6052	5566
7892	7839
9188	8908
7015	6043
6113	6739
5570	4759
1209	461
5152	5198
5696	6164
6331	5519
4373	3580
4602	3651
8734	8481
294	1231
539	322
2451	2162
9966	9055
2446	2491
5630	5089
2195	2292
7435	8096
3976	4174
899	1515
9386	8787
7434	6880
5226	5836
3226	3586
10556	9941
7834	7775
8021	7556
5702	6296
-642	32
4299	3936
3369	2908
544	1140
2240	1747
1852	2582
4785	5577
3457	2994
3392	4167
-325	522
3936	4477
8747	9399
6061	5318
4918	4411
10523	9859
5235	4334
3376	3507
2482	2651
4349	3549
9114	8971
392	620
2730	3337
1764	1883
3285	3941
6531	7085
475	856
8179	7662
116	156
7903	7398
8799	9257
509	477
1348	1429
9374	9131
149	506
8426	7994
6625	5773
6953	6516
4006	4763
950	1353
7216	6853
5307	5739
6351	5413
7848	7710
2626	2169
3458	4339
10683	9815
8723	9141
8691	9471
8925	8089
4097	4131
3155	2433
2360	2769
