500	1832670
2355	2630
8941	8092
6872	6557
6877	7206
1705	1267
2883	2606
4321	3700
2774	2245
7117	7309
7985	7972
6366	7145
2438	2199
2820	1822
6314	6927
5030	5742
7981	8156
8656	9326
1690	859
8777	8637
7640	7278
7893	8225
8387	7451
7096	7461
3731	4529
5428	4966
1257	1299
4357	5296
908	139
488	981
3497	4458
4988	4137
4179	4346
4132	4793
1439	1522
4773	5603
2547	2150
2231	1385
3300	2615
1646	1111
4018	4213
1049	1096
3896	4546
957	928
4019	3225
5501	4598
3029	3837
5793	6010
2780	3746
6020	6701
253	533
1443	1384
8909	8957
3832	4402
465	599
116	679
1624	2505
8972	8446
7748	6771
6483	6598
3623	4027
1514	986
5964	5380
8389	8625
4815	3918
5440	5524
2140	1229
2058	2194
4696	4163
8324	8191
-224	135
37	266
6221	7134
9061	9198
2375	2988
2498	2229
6018	6977
3617	4043
5889	6044
8141	8537
6759	7192
3097	3384
8077	7193
3652	3297
8369	9205
849	1042
4990	5886
5053	5795
7145	7889
10516	9573
7260	8032
2363	1425
1597	2106
5685	5731
2156	2477
3080	3053
9474	8727
887	1263
3390	4382
2009	2424
9510	8954
2766	3298
8328	8545
4456	3589
8415	8924
4288	4481
3931	4276
-202	380
7185	6846
-189	719
893	1272
2938	1979
6365	7020
10443	9664
1321	1305
9883	9415
1913	1215
9540	9138
357	651
6351	5788
2835	2465
9022	8315
9126	8495
3575	3523
3412	2582
8772	8326
9088	8596
4003	3113
7914	7531
5677	4893
5535	6373
2978	3371
3910	4424
4442	4659
3750	3525
919	1500
3906	3343
3181	2523
9364	9224
7848	8047
5062	4297
2486	1762
1560	1792
8616	8499
2603	3443
9347	9108
4734	4654
7184	6723
813	1783
7557	7531
3066	2354
8623	7754
8522	8398
7491	7185
6252	6796
7633	8065
5225	5803
6978	7201
4057	3160
6825	7064
5593	5636
10032	9216
-649	234
8560	8603
5114	5304
5460	5342
2127	1888
9944	8977
2722	2888
2105	1201
950	723
8765	9613
1826	2517
169	662
7600	8089
3730	4090
1466	1375
7606	8316
1946	1648
2738	2069
1162	1075
5263	6151
6714	5762
3349	3707
10446	9822
666	480
1039	1914
4340	3975
7714	8545
3304	3213
1986	1621
6590	7367
5543	6234
5256	4931
5720	5090
1732	1354
1682	1120
5337	5466
2245	1477
7668	8304
3507	2932
5306	4649
6181	6109
2159	2600
4600	5255
3673	2822
8083	8930
7438	7736
1151	1875
2135	1686
2162	2861
6851	5959
4466	4666
5327	5291
3579	2983
3957	4744
4237	3740
7828	8755
4920	4408
3967	4067
7009	6744
6266	5954
7139	7360
8834	8299
7604	8215
7836	7112
5500	4883
4181	3836
2844	2357
1929	2568
1050	137
7471	7246
5237	4995
8195	8961
7274	7124
7691	7248
1309	1031
5250	5925
7302	6307
6698	7676
1315	1908
3613	4476
2033	1590
1095	384
4454	4858
2037	2212
2241	2408
6492	5871
1328	618
3102	4078
4750	4626
5544	4845
36	668
3734	3475
7476	8003
6730	7565
4165	4946
2744	2907
4725	5564
6227	6502
1183	1924
3914	4049
6311	6904
4801	4326
5702	5526
3946	3927
5869	5585
6775	5932
3864	3890
6560	7014
8341	8234
2335	3152
4306	4531
8822	9792
7926	8350
5871	6195
2718	3019
1466	1552
6774	5966
6822	6854
1569	2226
1548	2173
2025	2261
557	654
1935	2857
2094	2191
167	996
7807	7360
4132	4233
4732	4241
2808	2714
5419	6402
4735	3964
7870	8836
7464	7253
1177	511
5357	6124
3961	3046
7394	8208
8139	8393
4035	3042
7901	7554
7988	8241
4894	4109
9074	8984
7649	6773
3111	2186
7340	8242
4071	3941
8391	9222
484	1352
4375	3616
5282	4383
5980	5698
7604	8272
9014	8158
4793	4831
2100	1891
3111	2667
6295	6270
5439	4888
3330	3608
-229	498
3902	4577
9687	9290
6673	6940
3743	3619
4616	3995
632	1446
8449	8341
10482	9648
-588	289
6754	7020
294	877
2160	2809
5019	5664
5964	6754
9352	8895
5959	5206
7732	8549
9237	9168
5966	5806
8310	8027
2320	1901
5781	5002
2025	1755
1783	2682
1829	2258
4668	3849
6335	6352
5928	5574
2214	1928
4609	5337
5428	4827
10307	9949
5205	4645
7739	7214
6734	7108
2067	2388
4698	4350
3329	4323
8745	9534
899	1598
2519	2234
871	46
108	217
6753	7238
8568	8523
749	218
3266	3206
2962	3863
7084	6212
5537	5459
2700	2486
5497	5888
1609	940
-135	366
922	1245
9002	8460
2918	3230
6028	6245
2500	1969
2385	2662
2959	3830
2769	3750
9004	9794
3137	3478
5653	4882
5626	5374
7575	7999
3747	4496
7591	8051
4182	4992
8557	8422
6944	6027
2714	2490
355	644
8465	8352
2619	1844
4568	3849
105	85
3938	3875
8905	9027
6684	6766
8156	7538
5994	5919
7555	7463
3463	4299
6466	7207
3559	2897
2867	3036
10164	9501
165	905
7754	8125
8478	9438
1108	1658
6504	6080
7216	6678
978	653
784	1371
10309	9993
2578	3165
6723	7461
5853	5189
2174	1384
7566	6604
8088	7384
5567	5460
3288	3141
6410	5853
-198	7
10108	9855
1884	2370
9557	9206
9664	8753
6993	6938
1622	1129
2959	3362
8243	7772
7824	7067
8143	7629
6977	7148
6185	6736
7057	6297
9211	8556
3517	3958
3975	3219
8025	8899
2214	1894
4003	4360
5532	6514
3583	3782
5312	5744
5001	5660
10167	9270
5914	6071
8649	7863
5725	6036
5522	6218
2697	2481
8935	9104
4739	3753
9411	9874
5035	5794
4311	3587
1995	1273
857	791
6327	5880
4067	4338
5546	5364
8254	8152
5338	4382
5576	5343
9224	8264
5117	4272
1445	1475
1195	928
7658	7425
2087	2392
7656	8624
1541	1777
7295	7531
9122	9839
1692	1803
3515	2957
9435	9212
7980	7170
1246	329
6537	5908
8171	8970
5377	5612
488	1471
3409	3283
4241	4105
2395	2440
7949	7764
5812	6022
4604	5205
1337	2326
1952	990
9401	9629
