500	242286
3757	3565
7880	7329
116	555
5341	5532
4092	4776
6990	7137
-350	543
5614	5076
5208	4306
8231	8989
3311	4227
8725	8236
455	753
1372	1559
-551	159
9512	9121
352	705
4349	3350
8585	9248
-242	317
2473	3181
5533	5025
6747	6340
3211	3025
7526	6803
9859	9343
9064	9863
5899	6086
6631	7476
8183	8911
3911	3210
5260	5483
6639	6561
2597	3405
8365	9335
6392	5622
5802	4946
4297	5119
9215	8841
4064	4906
-778	176
1917	1710
6388	6156
5553	6095
1753	2642
8267	8938
946	1916
2722	1883
4433	4459
4490	4571
8931	8697
2291	1329
466	32
6259	7202
4049	3885
3743	2802
5046	5987
732	651
6910	6163
2759	2728
6492	6690
8496	8337
6290	6207
258	174
2728	3319
7673	7320
7786	8233
5120	5929
3091	3400
4255	4528
1411	1175
4694	4849
6791	6573
9386	8787
1470	1018
2773	3016
3575	4061
-691	47
1968	2590
8189	7927
2756	3042
2033	2043
-262	510
5372	4720
6646	5716
739	976
4607	5087
3504	3309
2163	2784
4752	4777
7295	6795
7516	8499
5693	5641
3549	3045
9206	9898
3309	3970
4793	4998
5082	4387
4137	3621
5115	5787
8979	9089
3213	2226
1793	2793
7919	8143
3646	3289
9264	8629
7633	7760
1094	2036
9391	8666
390	481
5615	5510
3548	3944
1209	1451
2426	1810
930	1777
6081	5870
3977	4064
6492	6285
4699	4907
372	621
9426	9590
8854	9684
8001	7826
6657	7000
2490	2901
4195	4208
6970	7610
5708	6077
244	559
5675	5675
7647	6894
5783	6061
8608	7955
1637	760
3062	2486
6107	5717
6212	5264
4231	3923
5786	5175
7888	7199
3041	3142
-528	179
1594	2552
1898	2139
5330	5031
8038	7088
925	1603
4497	4531
3600	4569
1272	2035
3658	3479
733	474
2384	2332
3765	4451
8539	9334
4889	4768
7950	7286
3561	4421
4752	5604
8195	7870
7332	8083
6262	6565
1545	2477
9087	8142
1807	1080
8983	8213
4487	5207
5775	4870
4270	3596
965	1179
8767	9152
5404	4594
8338	8200
6002	6354
1481	1412
3238	2681
7305	7638
3090	3901
4288	3558
5778	4896
10654	9685
792	1414
2462	1773
3783	2807
2833	3806
8820	9151
6312	5552
1956	1845
2411	2431
1388	1158
3623	4500
331	131
7886	8689
4606	4029
7240	7126
3037	3607
6945	6708
9277	8569
5229	4260
7712	8009
6928	6326
5722	6394
8730	8090
7795	7892
10439	9459
520	419
3603	4201
75	333
5403	5694
2926	3466
9222	8766
8796	7917
104	425
-601	217
7730	7341
7967	8097
7247	7735
7137	7223
2752	1918
2050	2309
7879	7962
1673	2023
5632	5973
6899	7263
4975	4133
10608	9834
1528	2106
3731	4592
3222	3393
575	1345
8828	8160
544	1069
5033	5569
2278	3058
1983	2493
1784	2605
7305	7676
8152	7655
1780	2624
7490	7170
6251	6686
5584	6152
874	1238
7849	8598
8486	9374
3109	3412
1914	2877
1862	1270
8960	9512
1931	2042
2855	3432
6719	6102
5098	4604
3125	3680
5288	4545
8371	8105
1398	1266
4918	4448
8489	8683
362	1193
123	586
5357	5566
5225	6044
2395	1952
3049	2368
5345	5632
290	1122
3705	2848
8940	9606
9392	9422
6099	6073
823	1714
4415	4719
3908	3438
3606	3546
7972	7217
4468	5042
136	748
7800	7447
9603	8715
6535	7431
9770	9304
5912	6746
1649	2556
9196	8629
2480	1596
4950	4654
118	741
3631	4595
7067	6860
2379	1461
-157	698
7581	8439
4425	4768
1274	568
2482	1911
8779	8937
2162	1942
5805	6225
4057	4035
1079	1089
5212	4351
6604	6915
2458	2241
1706	1743
1822	1098
3727	4112
8023	8862
3339	3443
5296	5385
8552	9163
7347	7777
4767	5026
2258	2664
24	918
10015	9424
8730	8937
8547	9411
4467	4499
6759	5812
2502	2716
8998	8014
2333	1695
6539	6290
5757	6584
-22	694
5911	6029
8673	8145
2910	3650
7856	8134
6187	5875
8017	7668
7033	6996
2332	3103
6780	7526
8397	9259
5790	6075
1640	1691
3164	2541
1390	2367
6412	5992
3348	4096
4120	3885
6721	5806
3950	3923
1255	1755
6835	7631
6322	6439
1295	766
6088	5133
5116	6042
7542	7036
4300	3850
6757	6374
256	838
2340	1723
7037	6417
9207	8256
7505	8262
120	1091
8127	8453
3699	4611
3445	2633
7110	6772
2671	2651
6925	6749
4539	4600
9076	8445
5313	4348
4193	4112
2816	2435
9653	9968
3585	3742
1906	2808
666	460
4099	3470
4068	4374
6567	7247
3951	3231
3572	3456
2994	3560
9901	9962
8579	8427
3314	2844
-180	711
3205	2804
288	684
2987	3821
2389	2689
1	666
1163	1243
5535	5625
6679	6911
3629	3444
1836	1888
4644	4035
8776	9085
3027	3853
3153	2574
7830	7895
5326	5296
7466	8416
1835	1061
8616	9483
2733	3474
6541	6082
3090	3034
7993	8331
1015	1491
3516	3777
9610	9175
5175	4984
963	1566
4386	3731
9349	9255
3101	2775
9358	9534
999	1401
8352	7991
1255	1630
6623	6024
6177	5502
3000	2043
2942	3735
3619	4074
3207	3853
3566	4087
5806	5442
3867	4142
1995	2064
9008	9590
6218	5749
9010	9451
5662	5267
987	327
8080	7593
2107	3044
6980	7876
4029	4957
355	1186
2815	3544
4551	4610
3175	3391
4984	4452
1744	2253
3379	3883
241	1055
1135	507
4661	5340
2309	3258
8175	8836
5861	5088
4794	5360
6836	7573
9009	9499
3058	2465
5240	4959
7720	7312
9288	8400
3923	3264
5691	6027
2283	1715
3135	3230
2592	2045
5203	5174
3378	3423
9249	9570
8123	7780
6325	6590
5299	6133
7956	8538
1383	1565
10120	9599
2538	2273
8384	8796
8073	7402
770	958
9227	8957
5723	4778
8014	8588
4744	5344
1430	1419
1623	2199
2392	2277
8417	8661
5110	4994
5790	6492
6230	6856
4170	3379
8776	9257
6793	7613
7601	7334
6551	5591
322	206
6987	6517
1284	1864
5297	4607
2967	3555
2616	1903
7948	8925
