500	249168
4359	4650
9450	9879
5447	6264
6741	6912
294	888
3991	3751
5811	5247
2650	2768
9046	8815
4529	3597
1076	1804
7306	8174
8561	8575
4900	5572
7596	7242
5604	5584
4195	4016
5421	5932
10518	9843
4138	4178
9225	8483
3851	2921
3787	3365
5865	6826
8482	8916
7729	7631
8295	9195
3660	4171
4108	4342
3726	3109
4155	3922
6488	5840
4815	4786
7391	8128
8166	7333
5716	5704
4672	4437
3296	4077
1818	2684
9361	9549
9672	9444
7993	8369
5962	5837
2509	2515
881	794
6901	6140
7013	7192
7548	7991
5040	4447
3721	4631
6932	7144
2963	2361
777	492
501	1207
7874	7941
2514	2493
6717	7364
3513	4318
5037	4424
946	1892
7991	8294
3751	2855
7604	7832
6977	7871
7245	7525
4691	4559
3906	3546
2669	2781
3030	3829
4046	4054
7977	7542
2653	2481
7797	8036
1424	2371
9333	8741
1751	1130
9377	9131
4136	4221
4833	5437
8076	8075
6719	5776
1271	791
1026	1108
7885	8420
3518	3599
4422	5222
5258	5809
3023	3827
9689	8821
9731	8811
2190	2228
3290	2422
7360	7729
3045	2983
7190	6382
8383	8949
-56	497
1138	2124
9752	9949
2886	2099
8876	9527
2286	2447
2584	3065
1866	1902
2675	2124
1877	1600
2989	3979
3593	2845
3954	3730
4762	4352
-202	538
9298	8488
1727	1454
798	1485
6939	6162
4742	4615
2715	3024
1498	1593
2757	2757
9782	9073
8806	8120
6210	6203
1334	414
1121	705
6222	6422
1289	695
2964	2195
1573	1138
9528	9666
3284	3665
5511	4574
6715	7297
7750	8064
2398	2334
8225	8039
4010	4984
3634	3086
-111	601
8566	7883
2495	2400
8327	7338
3564	3236
3034	3319
8975	9453
374	541
6455	5523
1224	1699
10137	9715
6760	6584
2679	3326
4735	4523
7599	6910
9512	9230
4892	5679
5011	5451
7962	8676
956	452
8399	7769
9713	9901
4872	4817
6170	6629
3305	4246
6410	6764
5360	6350
8644	8804
5846	5535
4790	4783
3096	4038
4134	3381
5696	6526
-16	844
2559	2380
7548	7535
10084	9829
5470	5388
2669	2036
3184	3496
7332	7897
1465	1416
9667	9817
-128	436
4103	4912
2238	2332
6108	6401
8247	7310
8709	9541
6591	6916
8335	9285
2822	2622
5632	5377
3436	3275
8016	8271
3823	3034
1195	2118
4176	3934
4827	4789
6997	7563
229	754
5308	4319
5500	6356
8118	7567
5062	4827
1927	1779
7588	7032
6662	6161
7004	6731
1096	1392
7194	7206
6173	6693
1146	186
8019	7442
1651	1588
3239	2731
2654	2872
7522	8262
9177	8709
1142	288
6190	6022
5693	6342
7995	7319
3730	3942
9428	9900
9149	9730
6806	7025
2319	2847
9738	9060
6826	6124
6299	6656
4429	5310
7001	7156
420	482
6026	5398
2936	3310
6908	7690
1222	899
4048	4801
-319	199
5245	4553
6664	7516
4121	3288
7897	7189
2055	1063
89	264
9078	8298
7409	7460
10011	9836
3458	3438
4465	4348
4874	5196
8152	7962
10013	9718
9716	8740
2538	2880
6299	6056
951	1519
3635	3032
1478	2136
2032	1622
1328	472
7173	8034
4339	4315
7591	8458
1933	2233
7859	7702
6068	6751
1491	1528
4930	5338
912	1414
1445	1406
8712	9673
6254	6122
368	709
8575	9102
2961	2017
6830	7333
8263	8095
6097	6272
1497	848
7469	7541
310	233
8574	7627
9903	9969
6676	6728
9798	9640
7975	7700
285	94
-162	337
8780	9079
-26	30
4565	4439
1440	1761
5820	5216
4540	3922
6453	6279
8868	9667
8891	8626
4764	4033
372	313
9980	9684
5314	5882
4187	4729
3309	2365
3577	2711
9052	8354
6536	7063
2436	2279
7296	7474
6762	6352
6573	5764
9596	9301
9415	9508
3577	3162
4523	4608
7430	8134
1612	665
2306	3131
10594	9928
1003	955
8229	7716
4573	3824
1193	1028
6396	7077
65	643
5054	5757
3068	2571
6528	6655
-137	430
9954	9362
8574	7806
3740	4649
3803	3492
-21	179
3499	2920
598	737
8465	9373
3928	3861
2973	2062
8357	8122
1032	706
7719	7024
7814	8561
1175	2088
7237	6953
221	1116
-250	626
4002	3932
7366	7716
4695	5648
369	1172
2379	3120
5116	5160
-64	836
8151	7166
9847	9017
2144	1606
3692	2906
5926	5006
8282	9100
6375	5431
1574	1744
6629	6483
1647	1781
6504	6023
695	1531
788	632
10601	9700
1472	842
10244	9999
6663	7571
2550	2556
6108	5384
1635	1146
3724	4623
287	834
8958	9114
2339	2319
4008	4335
5708	5440
5712	5702
7421	7160
4568	3874
5629	5774
6507	7323
2144	2083
2725	3515
5175	5135
1220	1758
2120	2032
9031	8577
852	1730
6995	6254
7411	6483
2648	3493
6789	7103
2582	1882
6837	6739
2766	3129
8621	8531
1996	1001
4247	4244
6200	7186
8517	8944
571	1218
3945	4893
9554	9524
7805	7297
9086	9943
10203	9369
9569	9144
2526	3383
8234	8353
8907	8360
2694	2407
763	1415
6411	6018
922	1648
1755	1839
8238	7378
4206	5157
2423	2831
4683	3819
3203	2353
7856	7447
7373	8224
3360	3516
4035	3595
5828	5205
5218	5720
2513	2747
8200	7200
1298	586
-267	517
8618	8152
2711	3174
7972	8406
8334	8132
3758	3641
6039	5635
8367	7552
5843	6786
4983	5426
1730	2693
2123	1946
5853	5394
8881	8750
393	866
2541	1866
1349	2245
2948	3787
7681	7745
8585	7854
5708	4878
9336	9515
6237	6996
8124	9016
9297	8419
1742	1027
2899	3515
1910	2831
3409	4175
2336	2268
9222	8755
5362	6216
6705	6179
4590	5081
7110	7982
8945	9423
1168	2027
5561	5612
8819	8341
2871	2675
4867	5435
3216	2663
2185	1685
6101	5960
2892	2019
151	45
2553	1936
1676	1154
2887	3869
6910	6665
4938	4695
6412	7297
5323	5327
941	308
3526	3055
2261	1585
8344	8212
2370	2262
1122	1516
4985	5277
-804	17
7274	7145
7551	6730
264	1188
8560	7692
8555	7815
4753	5337
2895	3436
1274	923
