500	1238278
-453	522
7106	7263
1892	1861
6974	7187
4025	3768
7273	8088
3121	2686
2867	2063
4922	4430
1790	1097
5509	5358
3624	3813
10134	9176
-168	56
3398	2462
6014	6796
4456	4265
2500	2683
6239	6701
1940	2370
9167	9776
2655	2714
4337	3450
8649	7886
1012	1437
2027	2570
3988	3177
4577	3684
5119	5141
946	333
1	247
2343	1900
6101	6299
3704	3467
9616	9793
3365	2638
4464	4411
2462	1865
4223	4120
3661	3431
2936	2864
6200	5487
8766	8820
1610	1699
3745	4276
524	793
2078	2208
7447	7720
1568	1628
7791	8279
2852	3543
4810	4779
10581	9830
1203	807
7146	6612
2049	2167
1206	1869
2489	1989
4845	5063
2764	3050
8467	8002
9202	8522
2115	2840
2131	1705
4149	4777
7197	6740
7362	7696
6065	6163
8871	8995
8352	9141
1012	80
9131	8512
481	1281
9858	9257
1914	2307
5326	5820
1654	1648
1763	2669
8787	7870
8352	7953
7909	7395
3548	3722
5815	6201
6319	6426
7181	6229
7349	6844
236	355
151	880
5978	6409
4957	4955
2027	1968
5777	5023
10178	9993
8830	8192
3951	3760
6058	5655
9855	9649
8053	8171
9950	9353
8553	8615
7823	7466
6873	6228
1421	1256
1135	853
1283	750
10388	9920
64	682
4068	4877
6032	5355
2880	3374
6219	5588
3733	3717
923	1798
4122	3666
-305	612
7775	7216
2275	1481
1197	230
5619	4809
3528	4250
5420	4988
8084	7476
3086	2725
5330	5113
4136	3413
2264	1376
3142	2689
837	1660
8710	8446
579	250
8980	9879
6636	5643
3036	2482
1342	2056
4484	4550
8046	8633
1487	770
7852	8689
6400	7355
2697	3213
7814	8701
10125	9573
9726	9307
8079	8763
6966	6824
5610	6502
2290	1979
3602	3458
5758	5691
8171	7560
3099	3214
7963	7848
34	805
1988	1978
9237	8425
6012	6102
9489	9515
5349	4494
9771	9552
1343	989
5533	4917
2834	3111
3101	3208
9831	9696
5455	5158
3579	4111
4286	4777
6414	6374
3323	3497
4580	4621
647	1140
6700	5765
4185	4561
2836	3682
7190	7635
7982	8560
1487	1822
3161	2474
2624	3504
5404	4922
1461	2020
9899	8914
7475	6658
8772	8051
7190	7779
6664	5866
5570	4704
5018	5503
3638	3333
10356	9628
4797	3984
6687	5701
761	1745
5774	6552
6315	5869
2807	1951
4955	4698
5209	4730
743	210
5391	5514
2136	3004
917	1066
7750	7345
365	541
8908	9875
5470	5095
2907	2052
258	819
7266	7535
1655	2191
9069	9119
7600	7296
3378	3647
7158	6171
2663	2524
3118	2897
1521	1702
9212	8976
8919	8841
9980	9433
9102	9213
9329	8827
8238	9015
2101	1642
4707	4840
4610	3833
3565	2662
9466	8538
6693	7605
7165	7492
3292	3874
10066	9588
9157	9014
1501	539
1387	1204
1035	1213
7782	7618
3148	4134
602	1138
1689	711
4331	4691
7573	8417
2676	2578
6926	6037
4980	4267
6794	7185
4327	4747
-222	441
5716	5758
8828	8350
4355	4729
2609	2018
6323	6963
5967	5020
6805	6671
4811	4166
3422	2882
5037	5153
884	852
7094	7245
10308	9813
8621	8295
6140	6936
2358	2786
9479	9441
1631	1954
5659	6108
7347	7245
4070	3370
5539	5453
7423	8088
1761	1720
5416	4817
822	283
7885	7424
6976	7057
10568	9590
-494	506
2944	2207
3042	2586
8192	7362
3089	3003
8004	7088
9012	8147
9334	8705
8093	8908
351	1343
1329	1171
6036	6878
1850	1866
5869	6470
4766	4267
5098	5519
1790	2179
7946	8373
4462	4703
5839	4856
5599	5504
8082	7710
6295	6066
9814	9588
4696	4262
456	144
1795	2362
2380	2301
5335	4538
4666	5230
7743	8295
3544	4018
2137	2310
6272	6222
4911	4025
3855	4434
1668	2026
3463	4097
1412	464
1025	40
6064	6037
8766	8297
10512	9788
3411	3870
3928	4741
6145	6720
2783	2682
1628	1217
5841	6602
9397	8618
9407	9723
2889	2294
4666	5192
4975	5832
9629	8704
3184	3516
885	637
5053	5381
9380	8948
2147	2009
659	878
7826	7561
3462	3854
4544	4187
8955	8521
4320	5112
2743	2182
8795	9507
5307	5654
8083	8379
8730	8616
4514	5109
1478	2354
9443	9477
2249	3029
9701	9688
5551	5929
8990	9453
150	1059
7811	8674
4660	5388
8925	8386
8470	9104
-328	151
8681	9622
6715	5727
1952	2280
5034	4630
10975	9980
4981	4031
8626	8491
2257	2395
9419	9243
7943	7294
9046	8988
5846	5304
1113	897
747	1432
1723	1703
6350	6213
378	1324
564	1
4273	4870
7174	7180
6635	7416
8564	8651
6476	6309
2299	2626
8594	7750
1125	1450
4606	4770
1738	2558
4815	5550
7782	7165
706	873
5731	6055
2714	2463
9146	9039
9257	9548
6423	6441
8091	7488
1412	1215
4217	4080
-348	547
7689	7885
7911	8619
1932	1093
4878	5749
4147	3493
9919	9447
5238	5692
8249	8038
3196	2625
4745	4034
5173	4975
887	362
1849	1422
6748	7276
10375	9597
3842	4659
-92	614
2983	2085
8668	8229
3348	2623
7887	8108
2223	2020
2984	3699
6307	6504
1602	1469
9477	9648
9004	9021
5673	5514
6835	6491
6247	7091
4033	3251
2980	3834
8610	8584
1448	1837
6181	6744
5190	5172
4142	3555
8336	7578
10509	9633
10328	9401
-517	312
2150	1339
8105	7800
4612	4444
5426	6176
4725	5565
1192	1919
543	84
1744	963
8459	9096
4191	4996
1878	2503
700	1306
-319	454
4181	3594
3573	4154
868	23
9266	9655
2233	2870
6969	7954
4341	4962
2528	2741
6066	6924
5766	5855
9435	8693
5351	5355
1979	1814
2214	2972
608	1216
867	1347
2869	2882
8819	8253
7615	7605
1720	2127
7232	6329
8795	7849
1035	1589
8361	8743
7225	8080
3225	2734
5332	5817
6866	6972
57	626
4126	4937
8539	9412
7256	7398
3904	4266
6920	6336
2141	2970
3052	4010
8474	9330
1374	1696
3933	3460
855	1501
4782	5470
5685	5583
6887	6421
2028	1064
1524	529
