500	1275587
4073	4474
639	940
1657	2161
8982	8089
4030	3898
7951	8387
5012	4671
9454	9048
1383	2028
6466	6665
6318	5865
3542	3860
8994	9493
3601	4514
8064	8883
903	355
8144	8219
4216	5100
6520	6078
2223	1278
1825	2404
6062	6832
3837	3805
2229	2857
3571	4111
8445	7881
8582	7883
6439	6019
5068	4439
8615	9612
637	1112
135	628
1331	2057
10553	9582
5009	4380
10006	9711
822	289
8627	9594
4113	3820
1471	1353
3578	2639
8261	9206
9869	9227
2003	2084
1251	1255
4708	5304
6529	5926
7107	7205
4153	5125
7400	8233
5500	6020
5936	6301
4391	4672
8375	8737
1365	1825
7376	7647
2044	2468
9160	9672
4601	3958
8243	7374
7931	7243
5011	5509
3720	4099
10107	9567
917	1845
9864	9861
4328	4313
2146	1536
8181	8525
5821	6580
3285	2962
1758	2058
2225	1640
3693	3296
3661	3617
4760	4670
597	740
8037	8668
5997	5716
5453	5820
2618	2621
5858	5920
3120	2120
5940	5445
3727	3596
5560	5370
6802	6755
8940	9326
10849	9924
501	1188
6308	6811
5407	6025
5027	4329
1140	1378
7594	7402
4235	3797
10317	9836
9238	8286
9671	8860
2699	3063
8157	7755
5314	4717
6991	7849
3280	2335
5756	6364
4922	5646
8482	8435
6239	6175
912	1271
4116	4196
1242	769
1790	2766
2402	1449
542	851
7139	7023
9580	8781
3841	3703
3050	3384
4172	3693
10548	9796
2726	2555
2400	2286
4548	4387
7594	7407
9515	8779
4467	5249
892	931
6743	7073
1883	1247
10310	9874
10069	9653
6793	6552
8379	8683
6598	7262
8388	7715
5732	6215
10366	9372
5584	4858
7654	7920
348	1054
3897	4788
5304	4777
5432	6249
2186	1561
6734	7180
1473	1054
8628	8986
10359	9606
7809	7603
1942	1767
2610	2007
5473	5575
2840	3489
765	1466
7423	7369
9527	9130
189	158
1567	2492
4335	4518
6547	6510
8141	7531
3353	3098
8245	8269
6753	6883
1083	785
3832	4369
6991	7865
1112	1356
7373	7637
9246	9264
6454	6286
5775	6096
1917	1832
9002	8607
1616	2322
5007	5409
1623	1824
1246	515
470	1217
7907	7558
4044	3333
1208	568
9435	9541
10323	9548
8635	8383
4549	4086
8897	9671
-436	458
113	759
9106	9948
10649	9793
5294	4478
8568	7716
864	1458
6756	7596
1077	1160
2954	2231
9361	8466
1711	1383
7322	7513
1064	401
8944	9201
4574	5348
7591	8462
9226	8900
6921	6075
6500	7070
848	751
9693	9600
6278	5457
2816	2066
8797	9046
6350	6024
9547	9684
8714	9697
6268	5330
4539	5258
4064	4637
5110	5914
5423	5683
4967	5263
4116	4882
10344	9449
9562	9985
4383	4109
7516	7207
8144	8725
7758	8166
442	1262
472	1189
-296	411
5135	4697
401	851
8281	8810
4821	5022
3191	2938
7284	6811
8403	9154
227	969
9331	9006
7436	6618
-90	684
9866	9139
5172	4999
6240	6675
1647	2455
9064	8752
7374	7797
3019	2824
8033	8165
7014	6692
6802	7299
780	174
5895	5594
3906	4504
2189	2405
7575	6979
1599	681
8402	9159
5804	4935
4748	4608
2676	2225
1657	2590
9146	8796
4767	3803
2535	1908
5248	5634
5844	6554
5655	6351
1669	1405
4784	5241
1939	1908
9253	9352
503	787
1157	407
1063	1485
6116	5661
7428	6470
4544	3694
9906	9621
8724	9426
527	948
5213	5105
2243	3150
5050	6023
859	649
5039	5054
217	167
10354	9858
6739	5868
644	467
9870	9652
10404	9404
5935	5989
2804	3146
6440	6986
4809	5537
7289	6774
3698	4499
4945	4005
1817	1374
7851	7895
4097	3444
7902	8529
9960	9575
6852	7447
-110	29
7737	7032
1535	2504
7090	8068
8127	7828
10157	9794
7236	6935
2366	3175
7706	6808
-301	6
6110	5170
3982	3669
8028	8718
9413	8579
5141	6062
10239	9837
-209	582
274	365
9688	9171
6452	5926
8340	8649
3274	4204
609	1064
8783	7847
7094	7993
1997	2801
2318	2034
781	1103
5560	5446
2472	1646
-705	178
2025	2638
6138	5630
2373	2048
568	232
2839	3569
1310	874
1802	1019
4954	4851
6182	5585
6832	7146
2083	1858
4635	3880
3309	3467
4025	3851
1107	1764
5267	5916
5112	4429
2760	3632
9666	9451
5264	5199
3988	3754
3822	3974
1575	2139
8357	9037
6090	6403
3347	2795
8235	8917
9347	8386
2227	3157
976	1063
2621	3111
2427	2684
5177	4930
919	729
2522	1878
6778	6890
2632	2101
8753	9492
4529	3542
6395	6348
5112	5536
9546	9099
2812	3209
2098	2560
6173	6586
2707	2676
374	299
244	1163
5495	6424
8178	8705
7145	8047
4686	5001
9083	9273
3206	2519
10290	9754
6379	5834
651	724
6061	6086
6012	6560
3561	3824
-100	185
3322	2793
5775	5230
10299	9961
5245	5647
5533	6352
4006	3178
6109	5697
1323	952
5248	4943
5342	6037
8730	7829
2832	2593
4566	5541
8746	9527
3751	3201
8640	8690
9278	8810
7288	7881
236	1000
8162	8384
8106	9008
8406	9000
3130	3238
3788	3910
10070	9613
8089	7669
5503	4586
9441	8550
897	863
7512	7178
4002	4253
2415	1789
624	1230
9442	8552
10296	9555
3094	3471
8964	9107
3423	3078
7190	8059
1410	596
8996	9411
4647	4816
7265	6550
2623	2103
7011	7249
4424	5088
1427	700
9309	9098
4369	3583
3680	3569
6561	6129
2912	3552
54	64
154	832
5992	6950
7978	7700
5474	5101
-104	613
1585	2088
5133	6129
5443	5687
6647	7280
474	181
4389	3389
4627	3824
6196	6102
217	64
6925	7184
8053	7510
1305	985
7123	7471
1481	2340
6629	6696
5998	6737
6664	7196
4563	4714
9025	8365
5945	5181
2140	3068
8578	7989
820	845
-217	163
748	878
6189	6314
6029	6786
1548	1861
5780	6574
2877	2820
1211	2018
1814	2449
7584	7419
3431	4000
1286	2154
5521	5648
2161	1438
5909	6820
5364	5590
4030	3836
6761	6012
6611	6577
6598	7425
680	844
