500	252760
3219	2372
9579	9260
8112	7710
3562	4217
2913	2740
7030	7602
8602	8018
701	854
9154	8677
2209	1870
1655	1936
6233	5667
1690	2468
8780	8597
1612	2050
2926	2608
412	897
8212	7697
6512	5868
3529	3142
5153	5184
394	686
4133	4069
8774	7793
4519	5361
-401	182
4573	4273
6078	6091
4881	5519
9371	9876
1175	955
9478	9284
3643	4271
2783	2290
2575	2504
9044	9165
1668	1260
2406	1636
6628	5715
5978	5290
10376	9952
8140	7187
7902	8022
4611	4605
9387	8603
6934	6695
4369	4734
9644	9178
2904	3453
6561	7429
2434	2655
9538	9350
2588	2558
9060	8322
9415	8724
6774	6025
6198	7193
1620	2525
6916	7255
5475	4623
1782	942
5249	5538
4800	5426
9032	9790
3590	3920
769	1480
10054	9796
2978	3539
6419	7167
5436	5294
7063	6644
3540	3164
1403	812
2074	1904
5737	4952
4511	5011
6652	6292
5457	4566
8725	9256
6619	7261
2018	2647
1443	2110
8314	9109
5820	4912
2502	3500
5740	4934
1161	1962
2843	2500
10580	9660
6330	5610
4356	5266
2548	1695
7226	6815
2071	2852
5860	6767
3938	3736
4894	5268
2902	3350
4497	4726
7611	7169
7322	6571
4187	4854
3194	3841
-288	529
5308	5222
383	977
2587	1872
1610	2212
5190	6018
9175	9781
692	330
5400	5306
1002	725
1999	1735
2475	2855
6307	6687
6253	6072
1802	1327
3398	2401
852	894
1950	1449
3256	2688
2564	2915
8939	8701
6159	5862
10137	9897
2651	2795
8377	7431
10271	9946
5228	5607
4861	5330
6182	6669
3277	2506
3279	2907
690	778
5926	5976
2004	2632
5933	5449
10288	9903
10204	9576
7480	7972
87	525
9014	8556
8	284
4993	4077
4545	5226
7135	7609
856	365
6589	6530
7219	6381
4854	3905
8039	8911
2294	2878
9115	9265
2088	1648
8652	8389
2935	2248
2187	1649
10511	9563
7987	7132
3908	4094
9027	9685
8347	7928
7201	6991
4605	4345
7559	8175
9460	9897
9190	8996
5331	4812
2857	2202
488	1120
7516	7155
3221	3272
9800	9282
6289	5428
3968	3618
2228	3034
1986	1178
3788	4467
1444	1803
7210	6495
5081	5061
7038	7222
5068	5408
8949	8261
1411	1747
7611	8275
8096	8506
8813	8349
4922	4679
1186	2005
9272	9911
6991	6648
7968	7355
4005	4430
3278	2572
7380	8289
1003	1353
8047	8396
4829	4965
1770	1676
6120	5995
9852	9429
-527	225
4519	4872
9370	9953
9361	8735
1644	2284
1937	2067
-662	334
5223	5801
6766	7334
7293	7038
6877	6108
7249	7065
4367	3431
1149	1693
3042	3414
3889	3959
6557	6880
10454	9807
5723	4979
1441	1904
6664	7603
5936	6878
8846	9439
5633	6344
2880	1950
5006	5799
7295	7333
4144	4997
5372	6101
2386	2978
1947	1694
9145	8543
1090	1146
3189	2459
7237	6696
5643	6063
6195	6798
4488	4948
9832	8985
1908	2066
7330	7069
5403	4647
6604	6174
1429	2176
3856	3203
2669	2628
10683	9919
10217	9939
1958	2878
3789	4429
9208	8932
5019	4963
2331	1739
9830	8939
8867	8585
9797	8970
757	66
9783	8818
3310	3409
6690	6565
9099	8099
8028	8855
3177	3987
6436	6095
7222	7972
6420	6724
6544	5552
5044	5146
5673	6150
8741	8480
4331	4203
8872	8320
768	823
4772	4344
7317	7010
8255	7849
6794	6106
5254	5718
8187	7487
2031	1314
871	972
9971	9832
2481	2449
7160	7946
686	1593
-291	530
8637	9608
6494	7291
839	282
4663	4150
6921	7622
3815	4255
-649	182
3956	3004
1598	2382
6487	7045
5684	4903
6748	5783
5818	5917
-455	85
5169	5398
2	662
10350	9489
819	955
6394	5669
2877	1966
715	775
1285	1873
2827	2548
7	557
6709	6383
6633	6030
6825	7313
-445	1
2472	1980
5522	5520
7189	6293
2630	2962
2515	3505
5191	5051
3843	4096
3294	3521
6871	6087
3862	4038
5048	5645
-260	480
3622	4101
6943	6344
2758	2999
9577	9926
1285	792
66	493
3622	2888
1211	1305
4365	4535
2409	1908
1932	2908
9749	9948
4094	3450
1212	1460
922	67
7091	6136
5594	4780
4211	4657
2299	2397
3252	2720
2715	1873
7740	6885
2956	3001
2509	3145
7057	7349
2641	2075
-184	491
5880	6187
10353	9772
1891	1299
5396	6218
2004	1521
3792	4041
6659	6117
8538	9503
6451	6046
2387	3052
722	951
8662	9023
2300	2114
1898	2723
1150	178
5142	5031
6050	5093
7186	7261
4799	5538
5841	6354
7848	8751
-232	378
3367	2771
7363	7992
2023	2846
5028	4952
9936	9072
5709	5908
3829	3093
10216	9671
3286	3296
9682	8919
1686	918
3294	3881
10460	9897
1856	1824
3688	3694
722	936
1454	1439
5537	5720
8572	7624
569	1137
6748	5869
-440	517
5126	5509
3498	2966
2338	2713
6480	7339
6582	7450
3494	2713
922	1313
3235	3240
5778	5269
8523	8780
1485	1535
8356	8394
10268	9938
6627	7336
8803	9437
2399	1809
4309	3888
8330	9056
8088	9042
8366	8072
1118	1700
2462	1528
7208	8003
9998	9734
1718	2546
7853	7128
10220	9814
7488	6519
6475	7168
-585	145
1400	1886
3978	3679
4252	5212
7985	8744
5906	6016
5532	6484
2993	3723
8897	8064
1472	818
-669	271
1671	2531
8450	9129
6416	7023
7192	7089
3337	3295
751	927
4607	3800
7960	8040
1056	1939
7298	7195
9181	9077
10266	9667
2497	3444
7750	7889
1902	2401
10232	9356
4597	4324
3447	3727
4024	3696
9677	9169
2351	1919
3002	3329
9611	8617
1615	1382
2655	3294
2661	3399
523	1186
5231	4627
7180	6632
9048	9168
5797	5673
2802	2603
5746	6170
10598	9785
5273	5665
2663	3106
1084	397
8553	9204
7680	8101
9927	9402
2538	1849
1631	956
7485	8205
5217	6116
3999	3676
9924	8943
5058	5565
2820	3254
9224	9829
8212	7960
6430	7302
9568	9277
1594	2010
8651	9291
7285	6894
8579	9331
1297	2203
9658	9305
2655	2762
8079	8209
