500	2294335
1844	1471
3626	4007
9529	9082
5283	5435
8410	8891
6924	6368
9051	9811
9932	9580
2700	3039
6285	6978
4341	3611
7793	8648
4815	4456
1934	1548
2869	3641
10027	9178
7784	6856
1103	1265
5925	6864
9283	9532
5485	5216
1852	1801
4368	3502
4222	4595
5768	6302
2722	2929
9477	9080
-220	389
2210	1444
7043	6635
3809	4526
1861	869
6515	5556
211	1074
8211	9135
7142	7642
509	1440
3994	3592
5918	5028
4176	4142
3769	3420
736	1464
291	710
6967	6887
4411	4614
956	1630
690	1409
7469	7121
8789	9651
7482	6631
7438	7181
10379	9849
6929	6751
135	921
10654	9839
3735	3891
945	721
3590	3830
7911	8861
4307	4987
7816	7324
8924	9324
8713	8654
1096	331
5372	5371
2578	1901
3739	3673
10121	9195
4010	3921
525	1428
9739	9710
8964	8449
8215	9047
8631	9244
8459	8022
9774	9411
4750	5004
1912	1254
379	1056
2480	3003
7633	8267
5265	5486
8437	9106
6956	7794
-469	515
9218	9944
2119	2666
3881	4106
4667	5353
6868	6805
1381	985
3767	4288
9611	9851
4569	4701
502	726
6452	7319
2124	2445
805	26
4991	4395
10303	9369
1536	1079
6710	7578
4406	3611
2372	3163
-273	180
4314	4063
124	973
446	774
3111	3830
10385	9617
1102	271
617	1165
7597	7925
9144	8620
7236	8131
939	700
380	385
9670	8674
7709	8539
6117	6836
4614	4615
1959	2417
9849	9568
5344	5349
3562	2693
4165	4755
9863	8953
6035	6106
4385	4435
8453	9384
6534	6756
4688	5054
7197	7528
2716	1716
5936	6001
1431	1923
10811	9813
1221	1669
4092	4982
5785	5612
1428	2285
4533	4382
7756	8465
2223	1264
6260	7114
9089	8107
3148	3357
4314	4771
8154	7676
9244	8533
3112	3624
2722	1831
9126	8444
1137	958
8435	7588
6687	7205
6097	6434
5140	5165
775	983
1729	1988
10190	9418
8671	9247
4421	5224
9123	9062
6445	6201
1977	1677
4039	4040
8434	9021
972	1961
2081	2367
5253	4617
4527	4235
296	1107
9932	9212
2134	1502
6573	7508
7797	7853
2977	2535
-86	21
8902	8730
8837	8420
5709	5931
6481	6160
-549	233
6759	7529
4819	4607
4397	5234
-257	88
8834	8316
125	221
866	1136
8496	9299
4150	3704
1888	2121
6146	7017
-132	157
3739	4603
3783	3637
2030	1074
2730	1887
8767	9095
5947	5578
2532	2567
2130	2680
1760	1030
3534	2839
5003	5912
4738	4265
9186	9762
8917	8930
8220	8372
6359	5639
8752	7809
5358	4626
3970	3569
5641	6071
772	306
9604	9925
-107	587
8897	8383
7541	8023
3821	3981
2292	2876
1459	556
2664	3485
560	1124
4475	4240
6163	6592
618	232
5067	5536
7926	7085
735	1173
3435	4179
6708	7484
1010	1600
1205	1894
9618	9389
9351	9641
4977	5757
599	1140
5351	4569
3346	3670
8741	7763
7958	7173
9216	8981
5035	5383
8070	8828
-585	28
9907	9237
3528	4394
1346	1262
2123	2572
2514	1766
3162	2430
3069	3682
5143	6072
10335	9337
4633	5317
5961	6071
3809	4370
8507	7712
147	650
6142	6780
293	1261
307	1293
9713	9996
1555	2538
2522	2081
6373	6852
8398	7441
2681	3554
3484	3738
3691	4457
8009	8933
8182	8237
1881	2791
2146	1288
5043	4864
6271	6635
329	1055
5691	4913
7547	7309
873	1592
5746	6510
9097	8785
845	1260
5932	5180
7567	6766
1279	1692
1232	1312
8684	8369
2549	2811
6692	7091
1374	552
4579	4804
3493	2610
6695	7605
6132	5748
9729	9735
2717	2987
2831	3295
9364	9014
-107	733
6108	6185
1705	2572
9399	8887
4819	3913
611	1245
8037	7114
10320	9684
3008	2735
6046	6256
2762	2271
7124	8047
5401	4546
10188	9225
8023	8054
9576	9498
8294	9230
2877	2964
-701	124
1005	933
5886	5319
5266	5415
1881	1023
9613	9355
7183	6657
3888	4088
1096	905
8566	8412
3774	4329
10748	9780
6258	6467
5996	6020
4104	4957
7444	7353
5514	5406
5619	5667
9806	9524
9773	9070
9047	9981
6799	7684
6448	7244
4601	5152
3321	4250
9245	8346
7082	6097
-776	20
6535	5857
3981	3031
849	350
6851	6031
1405	2058
1761	1121
1173	308
3263	3510
1751	1043
4006	3503
7232	6962
895	1138
6392	6250
3270	3880
3120	3722
6176	5902
1293	892
5201	4733
2106	2864
3307	3746
9001	8190
4736	5718
9002	8655
9065	8970
504	144
2766	3080
3375	2726
196	789
3944	4371
1692	2215
2126	1430
8435	8190
9385	9128
6523	6807
9131	8799
-568	72
4056	3418
745	812
2924	2102
10063	9356
4855	4496
2416	2083
2168	3002
7716	7862
9766	8779
9168	9642
9390	8972
7708	8219
-56	54
5241	5023
4261	3441
7347	7211
6220	6631
7930	7167
8427	7471
2746	2593
3333	3229
3931	4130
7618	8569
6930	6555
5466	6235
6890	7336
3078	2176
1982	1808
2228	1522
4383	3615
9250	8520
4309	4304
4251	3729
7699	8114
4620	4119
8884	9625
4299	3492
1311	1075
485	350
9040	9854
164	145
10133	9806
3857	3928
6973	6213
6697	5765
9149	9079
9613	9019
9399	9305
1335	1768
7571	8137
6891	7500
7842	7137
8041	8597
768	996
4900	5851
6260	6785
9079	8994
1163	2003
1962	1805
8678	9405
1325	754
5816	5772
7493	8155
6007	5791
7844	8691
5548	5319
7588	8495
950	1632
3473	3424
7882	7075
2779	3204
6086	6589
6642	7220
9563	8907
854	1126
1484	2471
1578	2418
4540	3569
2359	2848
6523	6433
5165	4382
1932	1153
1189	887
400	1175
7794	7867
8704	8571
10144	9973
7752	8180
8327	9187
9421	9965
1786	1465
7689	7329
4372	5011
2944	3931
6165	5226
3232	2917
4369	3807
9985	9557
8885	7939
10832	9983
8823	9142
4885	5312
4584	4865
8298	7696
1150	1561
7585	7543
2213	2733
2266	1989
8242	8100
7287	8139
4593	5307
1487	1189
6488	6434
6540	6860
9626	9359
-51	327
