500	251134
5502	5670
7470	8228
6236	5444
4256	3989
1245	1794
8005	8472
7277	6623
9045	9276
7160	6733
9406	9870
4733	5599
4018	4746
606	1091
7237	7421
5393	5164
3428	3339
8167	8363
9557	9388
4626	4341
8164	7319
5367	5498
7549	7421
8730	7785
8515	8644
709	941
4497	4262
3000	2911
7378	8148
4787	3855
246	925
4095	4880
988	1746
1325	670
6681	6049
1606	948
6872	7353
9545	9516
1658	838
6280	6904
3135	2294
6450	6289
8971	8197
9064	9571
1863	1402
5656	4844
5693	5380
2871	3256
6274	6603
2029	2914
320	937
6011	5433
8300	8148
1814	2787
8591	8717
7517	6854
6259	5597
1561	1653
4329	4039
7872	7638
4773	4697
-109	5
819	668
4503	4061
6480	5874
2507	2543
9169	9923
5444	5631
7596	8532
685	852
7671	7336
2568	2812
2272	3197
549	174
3658	3099
5768	6189
1570	1216
2245	2980
7548	7065
6119	6536
6298	6923
6275	6274
9710	8959
8766	8724
6338	7144
9069	9911
5489	5145
7649	7422
8497	8180
8345	7833
5321	4911
8880	9193
4278	5268
1914	2261
8447	7897
5806	6305
5836	5846
5578	4625
3198	3664
2538	2972
7934	7812
4189	4305
7280	6616
5134	6011
659	10
7939	6987
1371	2049
5422	5713
3328	3040
1525	539
873	1219
624	704
3580	3150
3890	3326
222	848
5762	5720
4579	4321
9207	9220
6495	7283
8114	7950
1759	1388
9244	9750
1297	1935
3048	2634
8046	7507
1406	2117
7860	7246
1259	518
3610	4240
5950	6130
5649	5549
7075	6722
4485	4783
8909	8112
-571	254
7427	7513
7710	8358
6118	6561
4022	4790
3958	3013
2408	2180
4006	3946
231	678
6380	6018
4663	3776
2180	2264
7725	8420
4113	3555
2725	1897
4851	4232
7242	7197
9828	9110
8642	9523
3020	3148
3842	3802
3738	3190
4398	5075
1258	1689
9774	9576
6885	6928
2386	3124
8500	9426
1606	2527
4756	4683
8842	9614
1576	2008
7563	6839
4997	4403
4800	3808
6897	7274
7742	7847
7957	8049
9165	9342
4549	3762
4502	4983
8765	9295
9447	9788
7444	7512
5919	5245
8745	8752
153	877
1175	672
4614	3763
5153	4707
1886	894
6763	6567
6231	5406
1867	2232
5892	5925
4848	4067
6082	5842
1589	1494
6315	5719
3774	3833
3037	3480
1396	2093
4184	4963
619	7
1663	891
5424	6377
2525	3175
8796	9019
7616	6626
4503	5093
5318	5459
3829	3231
9996	9471
1481	1822
3830	3060
10320	9678
402	739
3487	2715
7132	7639
4381	4943
4520	5120
8018	7842
904	695
9032	9835
1012	675
6600	5945
1471	814
2717	3211
7326	7197
9477	8579
3439	4268
2267	3136
9267	9654
9233	9844
2681	3393
5272	6055
211	89
4497	4080
7656	7374
1349	1428
9214	9609
5104	5540
1644	2375
8692	9460
6763	7524
3233	4094
9366	9771
5773	5771
941	451
-581	160
3585	3119
6631	6443
5112	4497
6821	7557
6091	5975
4701	3705
4345	3754
822	166
6233	6872
9524	9287
8939	7973
7090	6218
121	737
9468	9376
6099	5189
1812	2392
4063	3796
8464	8317
8836	8676
8371	8239
6291	5846
181	879
4292	3481
1918	986
3135	4035
1741	1407
2923	3226
8779	8988
2958	2009
568	168
5068	4216
9021	8435
10393	9414
5166	4235
2990	2500
1961	2716
8803	8551
3192	3739
4449	4017
4920	4014
8860	9200
4587	3841
8703	8701
1528	945
9879	9483
-250	50
4896	4183
2441	2473
4275	4272
5109	5726
3459	2529
4979	4567
5699	6099
9380	9936
5887	5340
2630	2631
1796	1023
5143	4234
5251	4686
-491	132
10173	9382
2638	3583
1623	702
6164	5694
5469	5254
9330	8700
5051	5456
5191	6010
8012	8070
3612	4160
9059	8455
5892	5487
5299	4629
6060	6450
2220	1471
7993	7805
10251	9424
1210	1513
1427	580
1142	1657
2380	2947
1180	1537
7686	8486
7230	7290
7779	7962
9643	9971
5548	5944
9319	9602
8235	7940
1139	1568
6376	6531
2273	1490
3294	2633
8759	9380
1264	1860
3946	4096
2012	2657
5689	5686
6888	6924
4324	4197
3569	4357
-898	2
7095	7571
6813	5957
4835	5827
4968	4049
1946	1293
4642	4312
2151	2551
5274	4931
8292	7504
1212	566
7723	7334
5224	6053
2705	2953
7350	7846
5326	5213
6418	5958
3884	4271
2638	3226
8186	8274
3425	3212
6032	5606
1940	1772
7985	7827
8634	8061
2464	1662
3717	3582
5931	5861
3105	3488
1325	1125
1393	1018
8547	8527
7867	8734
2820	3589
6453	7014
6805	6710
4720	4213
-31	883
10616	9710
9470	9346
8775	8785
-165	489
332	668
9245	8891
-170	461
4775	5572
4494	4094
1654	656
10428	9504
9096	9507
7760	7748
7068	7365
142	466
8592	8340
7788	7298
5626	6433
5012	4388
2985	1997
4836	4544
7186	6651
582	242
9966	9004
4918	5298
4931	4461
5990	5327
1631	1557
5559	5645
2356	2913
6829	6563
281	292
7893	7028
5649	6399
1530	2138
3906	4178
5224	5692
6608	6362
2332	2973
3987	3078
7648	7089
10343	9352
4457	5041
1349	946
2979	3517
3306	4110
-166	198
5448	6169
6081	6810
9005	9953
8978	8463
8586	8353
6137	6777
3837	2999
768	1360
8858	8378
4578	4287
7856	8489
7704	7241
5970	6809
1674	1124
-505	248
2757	2450
959	1656
1527	1406
6497	6085
4859	4959
3838	3876
9495	9627
-107	850
-116	596
3312	2817
8155	7181
9741	9066
3225	3704
1453	2080
3022	2454
1134	1074
-78	335
1604	2410
3796	3326
8690	9169
4617	4980
4993	5268
5228	4558
9030	8428
6326	5803
3221	2723
396	1201
2011	1267
4004	3855
7924	8079
9192	8726
6404	6828
10183	9486
2128	2051
6110	5599
5542	5367
7791	8374
8599	8673
8814	9316
5400	5564
1318	1752
5938	6894
6854	6481
978	1619
8532	8590
6910	7112
4124	3882
1248	1168
8580	8818
8064	8701
7988	8582
2092	1335
8496	8641
3403	2469
2311	1542
6089	6944
