500	627477
5075	5195
3538	2666
7304	7133
4073	4299
7984	8198
7697	8608
5888	6253
8307	8693
1083	1027
4298	5076
8796	9075
1236	1464
5655	5494
9502	8612
599	817
8787	9141
6740	6266
911	1483
8027	8656
7496	8067
9786	9957
459	332
9293	9343
8100	8879
7366	7330
9668	9291
1471	774
5220	4812
1079	626
7829	7364
1526	2175
4987	4479
6716	6393
4499	4925
4716	5697
1494	1793
4135	3481
7498	6919
5940	5944
2590	2940
3348	4123
521	1330
6831	6429
5164	5133
5073	4802
7091	6545
2439	2980
3987	3406
9599	8946
2743	2694
8233	7274
4595	5061
7866	7436
2570	2935
3043	2394
1959	1891
9505	9868
8502	8161
6726	6113
6827	6671
9175	9887
6663	7420
4807	3854
3611	3738
1087	411
5066	4314
4424	5243
6702	7130
9079	9698
4984	5067
1969	1501
429	491
3669	4243
3314	2921
-219	650
7790	7607
6384	5707
7581	7455
5786	5034
705	1387
-262	517
6139	6410
3540	2600
434	251
1656	863
2769	2608
9247	9180
9691	9624
5292	6117
2330	3151
10283	9417
1335	1014
4344	5110
4080	3401
329	894
2737	3292
1770	2089
4805	4994
9882	9195
5979	6548
7158	6549
7902	8781
8006	7771
1359	1014
5091	4331
7386	6716
4355	4374
3036	2291
7646	7225
9327	9229
2974	3798
7510	7097
3955	4378
985	1554
7031	7340
7016	6251
9356	8740
4752	4984
5844	6458
901	1287
2	613
8576	9270
6023	6762
7860	7513
6190	5409
1065	903
6304	6354
1929	2411
5344	5061
4185	3370
2084	2971
728	937
5390	5060
2677	1927
9098	9670
9057	8956
5009	4625
5450	6249
5178	5050
2025	1893
9823	9823
5521	6410
-353	535
8012	8384
4203	5170
6033	5083
2993	2617
4461	4116
1729	2584
7309	6846
2010	2977
9432	9441
3899	4463
4626	5269
1483	2414
828	1549
4284	5190
4220	3776
9384	8386
3088	3456
3301	2331
1113	848
640	892
2862	3309
2047	1399
3921	4912
5573	6151
3269	3526
9179	8375
7299	7034
7538	8408
6973	7165
500	781
8698	9475
3752	2917
3580	2920
3001	3528
517	94
6950	6731
9962	9155
5089	5851
6788	7402
6401	7236
1253	1429
-187	273
10461	9502
6476	7449
4717	4749
3567	4004
116	252
1916	2171
7545	7455
3702	3116
3185	2735
6412	6869
5864	6733
7213	6894
9929	9192
6029	6053
839	806
4472	4373
535	634
-310	474
-379	17
-603	95
2117	3087
6658	7396
6876	6838
830	1060
1736	2655
8680	7692
6743	5842
4172	3825
4683	4789
5030	4529
10234	9820
5725	6712
2028	1723
3700	3994
1089	105
2149	2672
1147	1097
1872	1445
2878	2398
1200	292
2947	2328
4076	3822
4219	5000
5675	5869
8987	8921
3435	2730
7401	6829
2633	2422
7441	6823
4752	4984
8613	9490
2016	1196
7399	7094
2850	3624
5183	5798
7350	7701
9298	8438
7844	8840
653	1232
5335	4548
3318	2384
505	506
3996	3752
2401	1887
3916	3295
-12	473
2023	2494
9030	8332
3466	3521
9081	8353
4724	5273
8752	8961
697	777
9672	9505
5861	6405
8609	7790
7917	8339
7086	7872
-515	26
1580	2493
3464	2498
7610	7980
7574	8355
3847	4641
7787	8040
2238	2758
9112	8951
2355	3215
8376	9230
8561	9397
9514	8897
6969	5993
4935	4150
6072	7053
5145	5514
2077	2045
3466	4295
936	1292
9895	9200
1523	1340
1516	1847
9139	9396
7227	7923
6903	6968
6077	5605
2869	2121
3090	3453
7835	7634
6959	6740
2856	2567
5146	5848
10060	9745
6130	6103
6990	7061
4338	5049
9059	8328
6561	7076
5059	5007
7571	8100
7441	7486
5139	4840
7683	7323
5391	5283
3577	4267
3585	2884
9010	8135
7691	7794
1614	1388
8624	8309
3646	2972
2794	3126
10266	9538
4227	3310
7371	7119
2311	2158
8545	8490
7225	6972
4242	4994
8058	8193
5327	5321
8248	8221
3894	4564
6209	5537
7044	7132
4364	5080
7922	8631
6015	5929
2610	2047
8363	8922
3921	3263
3394	3435
6031	5328
2789	2123
6621	7196
-79	667
9865	9979
8329	8521
6113	5859
3836	4645
-431	243
620	495
6504	6967
7979	7719
5325	4336
6027	5706
975	212
5287	5675
1111	211
2782	3500
6273	5286
8443	8099
3847	4243
3135	3834
5365	4866
8332	7743
3819	3319
2275	1672
9015	8533
1058	219
6570	6834
2974	3651
7321	7442
9702	8735
7551	7381
4021	3191
26	320
9531	9114
1980	1640
1985	2462
9100	8152
10335	9712
7892	8643
4146	5126
7318	6342
1603	2136
8664	8622
10612	9735
9122	8430
5113	5581
5085	4695
1285	1568
2487	1867
983	915
6658	6744
3721	2858
3348	2625
2981	3627
8126	8427
1051	731
5781	5957
2066	1400
866	1509
4745	5588
10827	9912
8475	9291
2094	1147
3551	2925
1665	1663
2935	3315
1866	1408
7911	7896
9351	9024
2346	2781
2486	3214
-832	66
5079	5023
7712	8671
4446	4633
2169	2426
123	894
4614	3719
9097	9575
9418	9506
570	176
2564	3527
9023	9579
9102	9797
7568	8299
1961	1374
9578	9666
811	529
8381	8125
4762	4320
680	129
4819	4877
2456	2107
3847	3624
5135	4428
735	961
805	549
8399	8756
8824	8506
1049	428
9008	9279
4313	5278
137	553
5906	6084
-138	401
6040	5128
5142	4978
4988	5288
1153	369
5059	5969
1325	2106
9330	9756
7778	7473
4667	4756
10344	9874
3922	3542
1890	1125
5117	4451
8295	7411
2569	2055
9158	9824
1464	611
9549	9074
6144	5334
5882	5097
3734	3180
7352	8205
3159	2998
1382	523
8166	8622
3098	4059
3726	4231
7503	7277
7834	7623
4224	4078
10137	9847
7079	6538
2686	2001
164	195
1896	2317
5241	4571
6282	6319
8862	9838
8779	8008
2290	3213
4738	5579
9551	8703
3465	3079
340	808
5403	6345
4754	4145
9137	8616
5640	6376
8663	7914
1069	1581
4057	4097
2122	2087
5336	4540
8981	8955
8797	7798
7966	8593
8582	8978
