500	1228085
1255	347
10081	9445
7113	8104
440	854
8044	8722
1521	1572
6871	6297
1594	2439
7807	8161
8623	8800
7505	8246
3639	4259
1897	2530
9470	9541
4970	5427
1045	1848
5676	6446
3091	2503
487	1233
5431	4530
10626	9747
5903	5021
7828	8445
-92	182
7598	7014
1613	2412
271	26
1582	1096
3472	3183
4200	4166
4281	4883
7011	6913
2458	2053
7933	8929
6060	5063
638	1564
2113	2657
3855	3840
2932	3080
870	1185
4518	4116
-543	393
6681	6700
2359	2470
7355	7848
10507	9736
4203	3921
5196	5827
913	1644
2714	2234
8803	9674
3811	3827
4961	5896
8170	8297
108	658
7239	6261
8364	8611
7484	7098
3442	4388
-410	403
1506	943
10430	9663
8434	7436
545	286
752	775
9351	9371
5940	5557
2331	1847
9691	9457
7800	8283
268	835
2615	2161
886	1747
1651	2456
2156	2470
1911	2178
678	715
9361	9336
3048	2112
7139	7855
3827	2929
7117	7377
596	878
8426	8673
8127	7724
6552	6350
3684	4159
2818	2165
5045	5225
3634	4372
9016	8366
5788	6756
2202	1872
4656	5180
1962	1756
2858	2238
7694	7601
1152	1343
3113	3635
218	386
1860	941
10239	9834
1450	1191
8969	9312
286	278
6071	6549
-145	445
4148	4684
1091	413
3730	4388
7975	7497
8760	7939
1458	1405
6250	6283
6013	6065
3715	3534
3068	2683
7354	7807
6953	6030
3392	4073
6003	5632
9244	9983
8554	9444
4505	4534
2305	3280
6660	6403
6148	6124
3000	3753
9324	8969
5840	5192
3428	3149
5854	6624
5679	5625
9209	8436
954	1913
2406	2773
8688	8589
6786	7748
5703	6548
4522	4560
8377	9156
594	712
4429	4244
770	1398
8567	8273
1272	1899
8175	7547
9307	8614
5325	5179
4561	3597
6349	5678
8661	9099
6224	5311
4499	4450
4180	4720
10453	9883
5742	6137
2767	3066
4053	3538
5693	5111
6995	7733
7419	6946
4389	3840
10707	9795
7380	8046
2166	1934
6488	5849
5366	4962
3151	4101
2348	2064
9100	8248
7846	7634
4174	5031
3050	2380
2699	2850
50	630
5116	5454
9467	8550
165	380
534	859
6283	6177
1234	1726
6568	6386
2435	1708
2915	3436
8776	9373
6268	6353
2362	2485
4787	3991
2953	2702
6397	5827
8377	9142
4600	3891
3226	3015
6249	7190
6090	5114
3529	3210
7822	8752
5017	4534
5295	6045
8078	7940
6014	5057
2743	2508
6946	7919
7308	6740
9354	8505
8908	9657
1879	1993
9305	9585
2780	1818
8057	7888
9942	9800
7951	8913
6014	5206
8490	8136
2839	3606
4931	5930
9206	8882
7443	7983
2107	2384
4184	5178
5503	5455
52	744
6440	5765
1930	2292
2887	1960
1868	2291
3867	3446
6301	5825
6246	6995
9743	9377
-763	105
7749	7358
2074	2854
759	1293
8492	9039
482	986
393	1114
5213	5883
71	342
4735	4367
1764	1216
4528	4700
3873	2903
883	697
2626	2719
10842	9905
3183	3062
5481	5796
5613	4884
2816	3700
873	509
4428	4515
6256	5462
5882	5476
5453	5537
4972	4926
2589	1819
9533	8572
8668	7792
7921	8218
3303	3905
2622	1921
530	1399
223	540
5981	6493
2295	2790
4205	4863
6900	6549
9402	8561
1062	693
-33	966
9633	9096
5936	5069
1551	2457
7923	8923
7569	6588
4856	3975
4529	4989
9019	9631
6053	5837
6321	6336
10196	9625
2601	3445
2382	1995
5709	5422
4924	5716
5469	4581
113	138
7638	8282
2584	1707
5881	6650
7828	7181
9087	9503
-592	3
7299	6940
8202	7234
8620	9590
518	1069
10072	9582
5331	4528
1318	621
-202	683
7403	7955
1493	1131
8706	7991
7581	7748
2396	1808
5951	6001
2212	2711
5826	6186
6195	6948
5214	4997
5858	5295
691	978
8173	8703
1320	2247
7824	8579
4371	4027
1424	775
8899	8560
9316	9887
1858	867
1171	360
6874	5949
5575	4819
10764	9825
1901	2789
4168	3331
535	140
5335	4354
1276	1484
6228	5640
2318	1445
3390	3272
2247	1857
5126	5199
3494	4225
8408	8132
5970	6278
5602	4748
2665	3609
7094	6777
5817	5516
9495	9820
8694	8244
8501	7918
3354	3020
2	342
4515	4599
9917	9377
10113	9664
3642	4001
5224	5280
1416	634
667	1488
6533	5944
5119	6058
4477	4509
2309	3123
7270	6764
809	377
4610	4741
2340	2125
7926	7967
5942	5205
7170	6964
6531	6488
8270	8873
66	314
1725	2695
1373	644
-696	87
6731	6069
296	51
3800	2922
3956	3267
1845	1952
2582	3366
4404	4554
2850	3038
8081	7448
5797	5261
8040	8247
3137	2521
7202	6547
1598	2037
7019	6424
2639	3164
6523	6347
3358	3526
9618	9130
5812	6762
4687	4148
3024	2553
2408	2687
6329	5667
8703	8517
916	1846
2285	2393
4973	5941
6387	6138
8135	7827
7898	7176
5312	4484
2367	2645
5358	6334
4543	4268
9971	9956
3893	4269
3827	4400
6875	6718
401	845
6819	6095
7508	8389
1318	323
2304	3126
4822	3891
8532	9485
7442	6456
6770	6093
3054	2585
2822	2328
7273	6402
8430	7678
3709	3951
5661	6634
1067	72
10481	9793
8368	8360
168	106
3290	4002
1475	2014
2749	2628
4764	5051
8867	8135
5587	5907
7343	6897
5274	5782
4449	5163
3704	3297
7231	7233
2816	2692
8912	9680
2863	3702
1035	1007
1169	1048
3997	3408
7128	6252
1055	1014
2555	3297
8133	8854
456	749
7034	7870
8847	9049
891	1347
2479	1896
360	1175
8933	9360
440	925
7113	7490
8982	9430
3756	3771
8058	7720
-636	129
8246	9147
456	1316
2753	2595
5708	5264
7282	6715
7718	7234
9633	9667
9117	9196
1659	2149
7781	7716
592	1507
690	1104
6653	5741
6789	5865
5911	5385
-58	442
8163	8965
2392	2733
8969	9894
7756	8406
7816	7054
5718	5264
7890	8660
6469	5683
5624	5772
6953	6035
4657	4697
288	306
8436	9408
6367	6301
8374	8283
658	1408
7815	7331
1813	2521
10050	9392
