500	2250048
4226	5046
7308	6991
9490	9459
9230	8511
2397	2771
5459	6137
4888	3893
3163	3368
1301	961
1309	1418
-679	197
8093	8647
1338	1634
6302	6652
2054	1897
10132	9215
6420	6407
-49	581
8678	9550
8697	8091
6056	6061
9860	9826
1572	1849
2138	2503
6593	5624
6298	6844
5797	5849
4635	3921
2050	2017
189	995
9392	9509
685	177
7833	7427
5465	5712
3768	4166
4948	4443
6836	7637
8771	9025
7059	6597
2385	2476
725	542
7448	7349
3121	3960
1799	808
3792	3422
2472	3181
2794	3105
5220	4885
731	839
8486	7699
9170	9126
4964	4474
7502	7131
6796	6669
1581	679
1739	924
9283	9646
3332	3634
7516	6765
1883	955
877	71
6191	5571
2597	2399
4627	4157
2752	2160
1479	1028
4306	4717
9158	8210
9974	9489
2829	3026
3153	2862
4058	4769
7439	8047
1697	1383
4594	3726
7037	6548
6464	7230
3943	4248
6390	6863
6468	6239
1257	653
4676	3849
5607	6392
9282	8496
9230	9780
5327	5072
1985	1874
753	1090
4657	5101
3442	2957
7205	6526
7067	7184
8212	8063
3205	2920
5543	5578
1423	1124
6374	6944
1803	1568
3704	4636
3783	4616
2240	2099
866	884
5933	4997
2003	2770
8841	7978
7350	7800
1956	2530
7440	8023
6365	6157
5989	5527
7422	6901
10403	9755
1108	124
2747	3580
2752	1906
2216	2553
2443	3012
4041	3523
3194	3748
924	1782
7213	7995
6868	6414
1190	420
5585	6194
2479	3472
5438	5701
1187	879
5239	4290
6255	6331
3722	4662
8189	7239
9374	9220
10935	9989
5497	5185
4924	5427
3564	4024
1273	2072
8448	9335
8664	8246
8029	7577
8807	8250
1853	1636
6501	5755
4793	5769
7227	8165
5605	5449
3949	3587
6188	5746
1957	1341
6373	7066
9660	8907
5657	5240
5780	5922
586	817
6996	7262
2885	3478
6186	6604
8272	8811
1345	351
2868	2528
1809	2137
9956	9164
5434	5949
2740	1926
6346	5475
-54	768
7685	7239
3672	2931
279	823
-898	23
8025	7408
7405	7233
3935	3261
5930	6344
884	306
8919	9012
8354	9167
4553	4803
755	1654
1125	398
3963	4120
3553	3104
1684	1047
3371	2579
1698	2366
2361	1632
8303	8335
8237	8801
9300	9958
391	454
4772	4689
768	1750
4941	4594
9430	9217
7266	8048
9076	9947
3166	4086
9350	8580
6627	5730
3858	3300
5329	4518
2931	2047
3353	2959
2434	3121
4447	4378
4972	5267
2964	3132
584	1114
8957	8096
592	1164
2171	1253
8793	7985
2437	1612
8142	8164
8813	8200
-473	410
4682	3912
7157	6512
8978	9551
6711	5765
-12	182
7684	8109
3547	4351
653	1645
750	1176
1345	1592
2147	2514
2829	3448
9738	9343
-232	193
2524	2251
3101	3460
7731	7411
5470	5451
-798	35
7936	8343
2050	1603
9480	9623
8175	9063
2562	2780
7928	8875
5840	5933
5563	6167
3234	2889
6507	6469
9301	9253
6466	6744
8916	9258
7291	6821
2938	2252
9593	9375
5884	6429
6580	5839
2346	1915
1300	846
3650	4448
5589	5357
2058	2160
4396	4566
766	280
1463	837
2194	1831
4818	4626
1829	2302
4616	5072
2882	2178
468	972
4745	4907
8777	9034
2064	2583
1492	2214
3110	2226
92	253
2412	2471
9789	9590
3937	4621
4653	4622
4631	4682
892	1592
7510	8141
6588	7211
7760	7586
7183	7146
3827	4674
8627	8747
5946	6014
604	77
8649	8715
510	799
10219	9618
5878	6518
6246	5401
8783	7907
1937	1615
451	294
1428	1140
9848	9916
7453	7974
3459	4354
2763	3228
5997	6851
608	1151
9624	9196
8514	7911
-337	1
9717	9956
250	912
4862	5456
3701	2894
5036	6011
9072	9444
3394	2891
7044	7706
8213	8059
2628	3051
2181	2555
5063	5394
2361	2607
2053	1062
1184	1589
4700	3851
5128	5347
6653	7341
4000	3464
8755	8639
5842	6295
-238	145
8116	8757
9953	9202
596	887
8072	8921
2430	3122
9360	9232
1846	2473
10574	9763
8031	7496
8336	8142
7528	8331
8787	9683
3447	2655
2069	1365
7510	8019
7396	7530
6284	5499
888	1330
3813	3032
358	368
8199	8285
651	1180
2253	1811
4476	4593
5604	5099
5959	6880
1453	1645
7312	7416
5894	5739
6015	5190
5463	5578
4725	3954
917	753
9336	9608
2246	3181
2218	2115
6474	6780
8316	8905
5527	4624
9657	8903
5073	4566
6163	6053
6869	7701
5849	6754
9141	9182
2235	2579
4268	3657
9993	9223
1834	2468
8233	9001
7600	7812
2670	2750
1488	2055
5866	5906
7190	8015
8382	8562
-303	650
2886	2464
5825	5131
10363	9676
959	421
1638	2216
3941	3894
2640	2108
9313	8423
7368	6368
7505	7220
4707	4357
3708	2754
8339	8162
6156	7025
7157	7428
9306	9508
4029	4747
5048	5929
4382	3534
6840	6012
7002	7977
9151	8276
9708	9096
7511	7363
8070	8454
4326	5321
2860	2967
-796	27
3753	2798
6581	7167
5353	5091
2597	2287
6551	6946
5697	6513
8517	8466
7628	7058
5249	5940
2315	1496
2543	1900
9191	9038
5723	4897
9916	9314
6713	7233
7692	7353
9039	9693
1430	1449
6521	6115
4781	4966
9465	8629
4087	4766
223	669
9371	8543
3381	3920
5936	5378
8283	7694
3274	4214
5135	4357
1709	1852
7993	8933
5380	5870
4943	5104
2455	3438
3949	4841
1317	2139
4537	4893
1701	1184
963	1709
4917	4453
7199	8135
8536	7941
8111	7817
4727	5359
8311	9107
5341	4902
4081	3089
2711	2444
8735	9655
5271	5063
9416	9578
4146	4116
7187	7939
1217	851
10180	9561
4528	5508
5859	6059
5333	6084
9804	9616
3309	3362
8120	8913
741	1528
8684	8143
5013	5549
5200	5696
6394	6948
6085	5973
1157	1978
2961	3354
2316	1969
837	173
6702	5932
-7	161
226	305
2433	2528
6459	6496
6829	7705
6996	6180
6764	7492
160	1088
2990	3456
6432	5798
5102	5102
8568	8588
10594	9723
6662	7499
2159	1502
4451	4463
