500	597172
9055	8275
3072	2506
966	1246
5618	6222
2257	1575
7689	8277
846	1382
50	351
2043	2757
9253	9462
756	1681
1405	805
8209	8340
1224	1561
8112	8349
5786	4866
5485	4772
4590	4629
5019	5708
112	342
4236	4795
280	246
4932	5160
2074	2159
6140	6923
330	670
2620	2042
1105	1222
2652	2018
7452	6876
8186	8548
1644	2495
4038	4257
7445	7587
2980	2817
8123	9017
8900	8532
2973	2334
4564	5418
7873	8320
6651	6452
4272	3803
7303	8107
6085	6761
7739	8434
1104	406
687	653
9912	9347
8558	8956
8301	7840
8288	8160
6295	7027
3915	3332
8030	7690
5339	6079
3107	3222
7736	7854
1850	1146
5582	5885
-508	331
4783	4917
4192	4036
4948	4946
8187	7691
4039	4737
5190	4971
5927	6483
1170	1314
2577	1656
2908	3505
6867	7089
8389	7547
5183	5385
4607	4909
7264	6356
2774	2177
3714	4591
9087	9982
6732	6138
4471	4706
8275	8996
8480	7776
5257	5863
3906	4265
8579	8369
2023	1691
6591	5825
9892	9789
5944	5288
96	548
28	523
4742	4346
2112	1297
5141	5612
139	78
926	1310
4798	5222
10824	9884
3769	4275
1000	1681
5173	4983
-331	199
3648	3643
8709	8794
1541	1588
9389	9928
4016	3599
4830	4009
8100	7309
6280	6902
6471	6296
1297	388
6706	6260
724	113
5090	4414
804	1267
8777	7847
31	830
2936	2340
7087	7434
4617	4372
2659	3370
8831	8873
3677	4008
7380	6412
3401	3238
2393	2023
6769	6870
6942	7280
7694	6786
3125	2451
4918	4906
2521	2640
1054	1093
6396	6686
3520	3693
4270	4588
7784	8368
9149	8909
4169	5115
5915	6383
357	696
2972	2881
5217	5030
4814	5263
5246	6025
6401	5588
3721	3093
1784	2620
628	1513
5483	4733
1525	2327
3400	3666
10887	9915
4414	5238
4010	4648
8595	9082
6846	6488
9018	8880
2307	1980
3643	3797
1390	1259
7957	7085
7432	8094
4768	5311
2373	1769
8155	8612
3263	3513
8500	8784
-506	69
6609	7023
5506	5947
4748	3975
4922	5210
4744	3829
120	721
-62	224
8263	8844
10019	9032
5615	5253
1956	2354
5111	5470
1921	2184
3972	3583
4822	4334
-325	533
5604	5331
8625	7752
1197	760
4686	4164
-325	659
8175	7316
5786	5958
9263	8524
2704	2734
3035	2598
875	1717
8422	7994
8425	9030
6669	7345
210	149
6585	5944
1074	962
3918	3992
6485	6425
1976	2122
9221	9294
386	1216
1500	1649
1202	298
4349	5298
4510	4137
7640	6897
1587	592
7697	7549
7809	7827
7740	8057
2452	3350
1312	2203
6073	6899
835	467
4513	3939
5058	5002
1073	1134
9580	8760
1263	1163
916	1360
3469	3555
1055	990
2336	2097
9034	8353
1088	481
7285	6637
8925	8916
3685	4295
1168	647
9179	8845
1830	2443
17	340
3195	3987
5094	5534
1122	1464
8722	9403
2870	2592
7053	7149
7518	7796
3575	2964
3299	2474
-212	497
8577	7607
3258	3813
4378	4888
3434	3597
8143	7312
609	552
-82	190
7072	6427
5682	6175
4679	4044
-770	41
4478	3580
5869	5727
1714	1805
3588	2723
2171	1536
6827	6175
955	368
2147	1251
2413	1930
9005	8302
9090	9911
2328	3283
6688	6335
9675	9800
7781	7336
8778	9399
6396	6250
7766	8442
7998	8620
3916	3194
7139	7337
8296	8120
4059	3682
7685	6892
8970	8372
8635	8868
2866	3340
7411	7323
1679	1313
3076	3261
8391	7999
7360	7708
7292	6456
7459	6967
9937	9043
4075	4002
4397	3536
4542	5361
4509	5326
8985	9185
1827	1577
5234	4847
6749	5834
9995	9157
1057	771
-771	126
7610	8184
2567	3371
8787	9041
360	916
3624	3089
1302	1156
8136	9044
5296	5942
4996	5552
3065	3779
8398	8991
6582	7310
397	210
8766	8458
7642	7990
5579	6121
3074	3573
10287	9366
1063	287
4195	4881
814	134
5409	6290
6756	6916
3737	4544
1116	1363
5503	5395
1921	1222
5864	5246
2849	1983
4750	5184
1086	1644
2190	1898
5062	5332
4653	5103
4925	5166
4130	3879
8341	8374
8681	9094
6246	6352
1485	1189
3099	2714
6264	6822
7032	6969
2910	3306
6672	7100
8147	8098
287	402
2358	3232
3525	4002
5691	5473
2904	2542
9605	9038
5699	6198
5924	5458
4277	5032
1605	934
8738	8236
5823	5748
919	506
6957	6313
1075	1487
2241	2373
8786	8673
7696	8296
8263	7367
7952	8419
3694	4530
3465	3712
7414	6727
1166	1611
1583	1244
-545	217
4761	4659
5727	4845
2888	3069
2744	3647
3596	4106
869	884
1127	1414
2468	2850
6905	7026
6308	5960
5520	4651
5012	5605
8083	8085
4067	4571
10523	9537
1623	1860
1781	1794
825	255
1535	587
3283	3770
4082	3718
2035	2477
7973	7177
7469	7216
4146	4259
9658	9572
4457	5454
3607	3596
5746	5387
9028	9291
2695	2541
528	72
4985	5960
1155	1876
7445	6647
2955	1994
1859	1651
5376	5236
4011	4547
10254	9754
6045	6234
9336	9023
8477	8370
7573	7259
6936	7216
8488	7891
9013	9165
9885	9986
5975	6828
9348	9310
4177	3346
1458	1593
1161	993
4312	4305
5106	4452
832	1302
7410	7882
6671	7559
5969	5716
5971	6177
5015	5040
2852	2354
4134	3741
8994	9871
706	250
6557	7350
7543	7799
2964	2911
7477	8348
3191	3624
4483	4849
4372	4698
-619	332
4953	4068
177	458
8181	9134
2299	1661
4941	5619
9411	8582
-326	349
10023	9680
3658	3468
5494	5952
6671	6825
10096	9809
3925	4544
8805	8035
7881	7069
2866	3781
7754	7136
-25	411
5369	4396
10108	9960
3095	3882
8020	7659
8226	8287
1467	476
9348	8542
2701	2523
3079	2423
-401	428
9484	9942
93	516
675	792
3426	3449
1725	2410
7896	7896
1584	1555
1102	1115
572	1101
929	1410
5259	5917
2527	1680
7866	6886
4436	3573
132	946
5166	4841
522	484
5846	5399
6711	7430
9972	9333
5937	5611
