500	248394
7575	6876
7825	8369
8005	8843
10037	9725
1858	898
6669	7225
7686	6795
6450	6621
9063	8369
3509	2568
4405	4060
-360	547
783	853
1285	1781
3248	3922
7714	6985
7811	8480
3718	4230
5994	5256
7697	7513
7945	8343
8603	7973
5876	5990
268	833
4622	4225
1824	1457
10102	9978
3067	2285
8539	8470
6361	7037
2135	2909
8251	8830
469	1290
3715	4666
6675	6529
7882	8209
7844	8193
6551	6798
5565	4852
9275	9630
4039	3321
7793	8449
5951	5878
6946	5994
5516	4556
-51	920
9788	9029
6535	5662
9330	8798
5227	5455
5724	5955
8561	8528
6448	6874
1323	551
5455	5794
7911	7238
3908	3420
-612	18
3159	3214
19	345
7583	6739
7334	8146
1140	1123
632	479
3761	3597
5985	6685
8756	8729
8908	8476
21	1021
1222	1605
4465	3713
6324	6113
1796	966
6519	7350
4825	5276
2989	3140
2134	1292
121	584
1264	811
6652	7493
-77	702
3663	4622
5186	5240
6227	7022
4425	4504
785	149
1232	1372
4770	4776
7202	7219
4460	4697
2376	3210
3110	2854
8173	8175
8067	7938
6521	7460
6928	7695
8469	8714
5330	5708
6327	7312
3916	3909
2763	1898
7153	7272
7856	6935
2011	1448
9193	9664
9606	9306
5377	6282
-399	504
9434	9033
6309	5450
7993	7291
5477	5469
7004	6839
8852	8035
2333	1938
6075	6068
2413	1508
4946	5121
8423	7764
6659	6478
4182	3748
6472	6902
2328	1792
556	939
205	497
1773	1450
6167	6625
5959	5642
1283	368
5017	4472
6532	6943
6051	5886
6014	6441
2039	2702
3259	3745
1358	1952
-248	628
3331	3759
-269	73
4683	5670
-245	182
5342	5452
10541	9736
2887	1909
8556	8670
8763	8228
6994	7163
7470	6723
4625	4078
3526	3244
4206	4148
6732	7284
1546	1274
7795	7090
10431	9804
6779	7681
2493	1855
8854	8470
5658	5062
10184	9431
5918	5303
6774	7096
2238	2656
6043	5812
6316	6007
8446	8368
9213	9222
8034	8153
8203	7638
6653	6845
6816	7442
-239	130
-408	580
4929	4055
7629	7257
9874	8917
7474	6499
3260	2541
5596	5425
5541	5972
4053	3818
2728	3669
832	130
7692	7251
1854	1372
10227	9939
10041	9354
9147	9442
4432	5070
824	763
822	36
4448	3858
8101	8457
6890	7025
1936	2736
5393	5481
4600	5226
1995	1484
4329	5077
3209	3520
-354	357
5447	5817
3300	2964
1535	868
9095	8303
3001	2870
7587	8114
1208	1161
892	280
2186	2501
3153	4126
4762	4410
2709	2589
5393	5388
6019	6923
7362	7171
1556	642
2490	2959
869	1690
4314	4694
6947	7137
3129	2703
2761	2540
1824	2438
8916	8582
6009	6257
8101	7289
954	1859
2224	1491
7886	8327
3847	3702
2262	1918
2855	2003
5370	6309
2410	1473
3816	4137
3226	2866
2995	2181
8440	9329
2031	2180
5315	4911
1871	1430
3078	3921
3016	2169
1250	498
7659	7158
7523	8297
3402	2539
8864	8269
2393	2111
7845	7367
-266	72
3375	2435
3791	3740
8548	7809
5554	4643
2291	1577
344	45
8629	8573
3466	3385
8827	7995
3682	2974
3405	2531
3914	4714
7601	7137
1930	2544
588	1348
9002	9504
6029	5274
3313	2810
6210	5380
1925	2157
3182	2478
-220	395
4820	4573
5341	5259
1832	1689
6708	6576
8251	8546
3603	3257
2207	2712
1039	1328
9099	8497
8105	8856
6807	7339
1985	1523
2613	1732
5487	5765
3995	3743
4180	3833
3654	4525
8999	9402
2126	1369
9888	9379
9933	9548
4814	4111
4909	3911
4903	4560
621	511
6752	7315
3781	3789
-352	491
10110	9831
3408	3252
8426	9010
8395	8909
6688	7209
8976	8461
5194	4829
8178	8193
6863	6643
10009	9928
3010	3162
9814	9486
5570	5598
-298	577
4007	3273
391	207
8480	8997
2795	2455
-277	213
7486	7986
7859	8116
6538	7461
3391	3026
6683	7483
5000	4583
1532	1288
4071	3954
8560	9141
5815	5654
9800	8891
4417	3992
1896	1588
5096	4827
8417	9022
6570	7367
6644	7528
2583	2206
3165	3491
4579	4467
8569	9133
6931	7811
3903	3424
-228	717
9187	9696
4922	4495
9476	9828
3629	3572
11	247
4491	4236
8291	8505
5554	6401
6553	6035
6077	5596
8492	9335
8002	7095
9129	9406
6791	6392
7553	7994
7619	7954
2886	2719
6008	6657
10534	9635
7153	6803
3483	2518
2484	1753
1024	763
7894	8277
1214	1722
9256	8268
5269	4935
7095	7149
7002	6633
6679	6251
1143	2118
1714	1493
4719	5616
2265	3116
7029	7184
4623	3912
6238	5835
2941	3476
4717	4575
10238	9821
1013	1710
8312	7544
3732	4041
6436	6432
7433	7166
5452	6180
5420	5245
8459	7597
1371	1228
1464	506
5433	5954
8818	7936
2830	1938
3248	3087
5208	5251
22	679
2079	1136
10478	9627
2156	2752
4604	5601
7056	6351
9918	9544
4733	4674
2302	1741
7765	8255
7357	6754
-411	45
8501	7513
6719	6129
3487	3266
2823	3300
6096	6586
8852	8032
4372	4531
1753	977
8497	8194
375	104
1705	1317
3680	4491
2529	1566
3126	3395
1076	1428
4542	5436
6029	5932
-307	123
4236	5148
349	943
7387	7746
79	955
3613	2796
8147	9072
2365	2260
7334	7100
4074	4607
2094	1265
1759	1960
1754	1965
8756	8932
1245	850
4205	4777
1610	2359
3480	4009
3069	2210
240	427
5269	6249
1100	2006
1750	2177
9925	9482
1374	662
9603	9346
9741	9356
7708	8389
8083	8081
9941	9879
2107	1491
7557	8171
3408	3560
7726	7406
1404	523
8493	9251
1199	874
6446	6300
2314	2820
201	748
7367	8234
7378	6555
8127	8720
2289	3288
3923	4883
142	567
220	1208
8511	8778
3961	3843
4502	5018
9139	9572
5666	5701
6934	7741
3068	2521
677	1548
10172	9596
7919	7276
9068	9784
7567	7059
2395	3356
3494	2609
5863	5111
8967	8359
3307	3393
7821	6916
9004	9409
4503	5278
4823	5670
6899	7448
2852	3688
3661	4416
