500	1756233
1774	1581
248	123
7086	6502
2331	2982
6094	5361
1477	1744
-269	42
975	159
6328	6181
3478	3487
6500	6672
5331	4415
5135	5840
7854	7664
3232	3132
6004	5826
1066	1913
-74	850
7100	6805
975	893
2508	1682
4435	3924
7565	8301
5973	5065
1219	718
539	1317
2722	2633
5587	6537
3470	4119
2822	2927
6346	6093
7767	7597
7445	7222
6128	5261
6462	5723
8970	8362
4249	4282
8689	8242
4309	3897
2965	2140
2539	2022
7798	8354
3591	3537
10861	9867
4004	5003
1169	1227
8604	9166
6973	6714
8782	8783
5037	4957
3454	3015
9622	8873
9494	9189
10145	9803
2010	1973
933	1760
4757	3963
-79	474
6130	6517
8718	8823
5432	5624
318	87
9933	9522
8804	8825
6034	6547
694	155
10203	9403
2250	2431
7286	8066
7093	6171
1173	1282
9519	8938
2141	2423
1093	925
7647	8436
5457	5739
6616	6336
3578	2671
5515	6296
2347	2179
5998	5171
10457	9716
2526	3270
882	905
7170	6667
9732	9830
6699	6538
2489	3106
6728	6072
8890	9477
1381	601
7895	7464
5763	4939
8471	8344
6927	6498
7814	7819
3527	2618
6822	6741
6594	6229
8897	8775
1686	1271
9563	9479
6856	6551
823	181
6059	5364
2632	1936
4368	3962
2218	1444
4408	4161
4925	4928
6421	6789
2269	3010
2261	2348
2895	2453
2706	3680
4905	5117
7584	8580
1147	1359
7390	7671
888	1876
3363	3855
3551	4196
6693	5891
8734	9132
6915	6364
8782	9658
821	233
5705	6611
241	396
8471	7800
7066	6810
226	766
9118	8439
600	294
4005	4548
1678	1079
659	1155
968	56
9205	9422
3320	3589
4293	4445
5611	6606
9197	8689
5386	4414
3650	3624
2306	1473
5837	6027
1154	650
3107	2446
3062	3833
2929	2749
8733	8774
-142	451
152	801
2358	1475
2929	2566
7418	7940
2536	2278
6423	7101
5580	5341
2061	2445
2256	1835
802	622
280	756
4537	5145
7467	6907
5669	4967
1369	421
4201	4802
8385	7591
8600	9042
5399	4992
3071	3595
6111	5666
1657	1668
1571	2056
3125	3699
-390	433
1193	1364
8201	7265
10076	9124
7959	8144
3502	4300
4010	3890
1047	1885
6042	6374
5059	5160
7798	8520
4465	5291
10491	9700
9261	8594
3773	3462
703	1641
6268	5480
4704	4374
781	1074
3305	3811
8107	7269
2396	1679
3418	3662
1161	1807
1972	2328
540	1451
7267	7852
1192	1968
4525	3723
3494	2864
6181	6595
8049	8811
8853	9632
8186	8707
5753	6715
1846	1341
10590	9790
7247	6565
3893	4537
5021	5114
3578	3274
907	1177
8969	8124
5880	6651
6235	7174
5644	4782
2018	1278
7405	6784
6690	6829
10226	9968
3375	2897
7304	6781
282	349
7948	7723
2820	2960
4851	5773
5026	5275
8971	8216
8872	8594
7301	6762
1109	1796
3936	3534
4805	5003
3695	4573
5931	5456
8727	8607
9113	8600
-436	325
6501	6101
955	1159
1291	933
6817	7671
4581	5461
5438	4977
9106	9308
6159	5174
3461	4100
3833	3907
654	284
7333	7309
8513	8901
-604	30
5710	5515
4377	5143
4543	4948
2381	3024
7314	6403
7816	7526
10201	9505
6739	5944
2267	1827
4693	4924
2499	2453
1555	1594
5196	4456
8238	8298
8348	8375
5217	5773
9555	9441
10220	9245
465	712
1293	2111
7721	7301
621	585
5674	5031
10347	9785
2608	2550
638	1407
7901	7985
3250	2405
8925	9642
1255	383
4015	3481
6695	7065
2324	1428
7659	8596
216	568
2447	3066
3771	3250
2266	1608
3347	4001
1820	1844
-133	366
3501	3424
4906	5388
10353	9865
878	1503
6433	5983
4067	3730
1616	1274
2168	1556
1589	2354
3138	2965
4106	3216
9199	8352
2434	2448
6067	6973
6128	5167
1407	1429
3498	2817
9067	9453
9618	8859
743	1536
5662	6445
6526	7392
4949	4864
3552	4106
2626	2453
4478	4749
3332	2603
6625	6818
466	1329
744	1205
6314	5800
4732	4396
2541	1691
1814	2283
3666	3611
2362	2429
3931	4804
780	307
4422	5153
9961	9421
6913	6129
9430	8604
1395	1964
3260	2807
3924	3802
4569	3668
7194	7838
4745	4951
5038	4147
6935	7304
1274	967
5205	5394
7182	7325
8047	8114
2717	2901
4589	4542
5152	5988
7704	7154
2780	2292
4629	4689
9246	8676
9654	9265
2025	1798
2188	2257
9036	8574
508	38
1662	2661
9249	9468
132	1102
3000	2676
2893	2470
3232	3499
3053	3943
5025	5430
3006	2564
2841	2035
8919	8270
1887	2129
2973	3855
774	1336
10357	9713
3587	4382
8959	8874
7732	8176
802	966
8853	8020
988	208
7433	7717
7277	7961
9694	9638
780	553
6785	6679
2026	1219
3440	2672
8897	7957
5173	4605
474	261
9414	9709
4148	4562
3560	3904
3539	4433
3589	3237
10100	9975
7131	7693
7092	7364
3008	3924
8715	7781
934	568
4622	3741
523	588
1296	1690
4030	4008
1031	1364
4333	4510
1236	1653
1792	2323
7757	7784
6944	7419
570	396
-269	498
3750	4373
1296	2054
717	1488
5237	5866
643	1326
2860	2106
3107	3363
3281	2826
1960	1672
3532	2817
236	116
3450	3585
-267	173
5379	4509
1335	2164
10406	9823
5415	4589
5082	5684
699	554
9397	9829
3909	4115
8425	7684
625	253
7823	8553
6551	6791
3521	3224
6469	6052
1044	1246
4574	4159
2644	1722
1525	1803
7692	7028
5447	5332
4427	5263
6213	7109
3595	2767
7075	6535
2367	1943
8559	8573
4500	4722
563	650
7097	7397
3800	4331
7747	7522
2184	3050
4088	3224
4315	5048
1170	214
8927	8222
7648	7380
3842	2976
6037	5438
7906	8040
9428	8813
2543	2405
5530	5239
4046	3080
4375	4224
9274	8470
2002	2366
1993	2117
6710	6647
4106	4500
3223	3019
4578	4118
7397	8213
4216	4383
8395	7827
7404	7554
4116	3925
9578	8929
5715	4723
7969	8741
4997	4444
5689	6096
1484	1187
8200	7711
2395	1909
9187	9076
1982	1288
