500	2189170
10481	9626
1462	940
666	49
3935	4061
4582	4965
-434	546
3334	3834
636	814
1988	2881
6070	5124
9960	9567
256	435
8468	8193
7632	7491
6664	6754
2941	2513
6469	6488
7321	7303
3819	4493
2492	3113
6044	5764
9900	9182
5603	5125
905	1320
3490	3502
6077	6708
3630	4114
9535	9617
6811	7076
6104	6369
4003	4403
4167	4950
8632	7911
6122	5947
6816	6544
1606	1929
920	634
460	455
9202	9050
1577	2086
2551	2227
3660	3430
1863	2440
1264	1909
597	854
4071	4716
4385	5344
5978	5589
6392	6847
1951	2750
6403	6521
8437	9337
4	841
7110	6238
275	900
5287	5587
6095	5348
5904	5346
5873	6035
6443	6785
3470	3200
6804	5860
2437	3176
3508	3229
9046	8665
4708	4118
4857	5604
3364	2971
7949	7335
7934	7599
6779	7333
7902	8089
8192	8438
1717	1366
7956	7450
6798	6549
3372	3548
444	908
4072	4017
4478	4878
6209	6888
7057	6474
3498	3291
2627	3526
1936	2483
8920	9078
8640	8628
3924	3857
7670	7597
3770	4398
6476	5728
4151	3535
-525	123
7815	8539
3486	2902
2564	3457
6837	7605
114	359
914	1645
2172	1740
5180	5662
7059	7310
4432	4628
2195	2001
1086	842
623	1241
3919	4201
3129	3343
2483	1552
10096	9486
1635	1683
4324	4047
5522	5486
4221	4220
6296	6628
2692	3047
991	609
6534	5779
3876	4834
4279	4030
9479	9066
3465	4220
4241	5068
6148	6317
9008	9942
5713	5863
6820	5837
4628	4157
3383	3379
4018	4283
3574	4156
644	275
400	296
4166	5072
2830	1832
9293	8965
2915	3095
-932	59
7051	6474
9969	9809
7606	7431
1922	2381
7985	7741
4470	5093
6425	6698
604	310
8832	9287
4978	5010
3543	4004
6672	6797
3258	3216
1751	1469
9766	9300
8072	8507
2107	1595
6730	7259
2759	2839
9393	8835
1800	1204
3564	3806
2216	2118
2141	1145
1037	602
751	1010
7636	6773
574	1011
10725	9889
1146	897
4802	5015
1407	1817
10513	9564
795	1291
894	196
6542	7273
3398	3048
3075	3003
858	1397
4399	3416
2325	3019
2364	3138
2680	2239
9055	9968
-110	335
8263	8937
9270	9226
3932	4493
8960	8718
6263	7039
3382	3233
4764	4439
2550	2897
-486	63
7715	8101
7135	7747
168	304
8343	8528
855	140
7343	8252
2918	3482
2749	3624
5224	5491
9818	9734
7491	6921
8661	8192
8448	8248
5259	4282
4493	5369
4266	4268
7179	7689
4796	5378
2455	2451
8994	9065
10053	9088
5040	6004
1576	890
5652	5621
1187	1508
585	272
888	76
1162	712
-448	512
3934	3153
10006	9959
4441	5265
8703	8303
4482	5283
6181	5757
9795	9151
-300	104
2606	2087
1308	408
5923	6269
9265	8505
8998	9680
8411	9373
6467	6931
61	187
1089	1398
7123	6638
1023	460
6195	7124
4768	4129
5924	5641
6970	7779
4554	5012
8852	9681
5663	5885
3178	4127
1953	999
6179	5597
10187	9775
3981	4262
10108	9675
250	185
5703	6420
3533	3199
2052	1220
-172	260
2018	2757
-290	480
8659	7981
1744	1931
3325	3582
7551	6846
3900	3036
2531	2817
802	1620
9362	9300
1010	1424
4569	5094
7202	6661
2209	2103
3675	3351
6982	7605
126	529
8924	7975
5727	6451
2253	1943
7313	6932
1410	956
5899	5894
1980	1428
168	634
2698	3654
8511	8724
6797	7154
8570	7781
1860	1402
2561	3346
-476	258
3382	3269
8299	9278
8683	7992
1054	866
2004	2931
7300	7617
9298	9247
6530	6360
1686	1994
9847	9265
896	684
9211	9428
9013	8390
8216	7574
4872	5849
7384	7866
5819	4873
1057	566
4250	5146
9889	9915
3659	3528
4655	3954
5020	4558
9929	9847
1811	839
2809	2957
2293	2291
6618	6533
1342	1488
5371	5878
4989	4914
5524	5406
6431	6405
1477	2433
2623	3561
6134	6506
1528	2285
6233	5419
-265	77
8090	8257
248	1192
290	135
1486	1555
2216	1810
5579	4885
4460	4337
4058	3715
6945	6934
6402	5540
6491	7341
8436	8363
5399	6117
6419	7114
4600	3610
8915	9560
-489	142
3579	4083
7368	8305
2792	3053
10415	9806
10077	9854
7202	6592
5822	5066
3007	2504
2504	3092
9171	9588
587	210
8978	8450
5617	5588
220	1005
1540	549
6248	5389
3886	4805
6666	7603
5122	4488
4600	4431
1277	1471
6667	7322
8649	8055
3139	2945
8719	7930
6615	7419
6273	6219
3508	3802
2540	2513
8969	8446
1957	2682
4493	4124
5643	4688
9470	9630
1459	1226
2809	2925
1437	841
4518	4021
9256	9370
5193	4649
9828	9056
9738	9142
2685	2431
3906	3879
4311	4088
3041	3918
3637	3799
1990	2935
4255	4001
8133	9002
2455	3267
2292	2415
9411	9585
197	791
5165	4419
1141	1426
4417	5338
8522	8092
317	456
6842	7485
6136	5402
3179	2746
7115	8104
3019	3000
8210	7823
5762	6183
10105	9246
10024	9411
376	517
6619	7173
7767	7377
3236	4164
3134	2887
8353	8585
6480	6451
1717	2387
1252	1329
1520	1423
6630	6806
2810	3534
9821	8837
5393	5265
4742	5487
7398	7362
8538	9532
3496	3883
3926	4781
2338	3036
2376	1389
1037	598
1209	1189
7251	6993
1435	1413
4570	4527
9503	9382
8304	7442
569	90
3140	2800
1208	833
9072	8672
10387	9693
2593	2889
7919	7034
6710	5834
6932	6343
6097	5662
8706	9524
6545	5820
4412	4716
6846	7330
2002	2853
1188	1468
7994	7473
10538	9794
7732	8204
4915	4635
9202	8215
8470	7586
5714	5646
5876	6018
5292	6084
5759	6486
7293	7608
3560	3437
7522	7621
4087	4748
477	65
5151	5396
8515	8837
5767	5516
-126	364
4211	4056
974	694
3585	2821
7143	7089
1405	1088
2051	2303
7290	6789
4658	5443
5993	5576
4406	4467
938	1546
9803	9798
2583	2735
9849	9187
221	972
9841	9910
4868	5381
9174	9072
8488	8012
3693	3649
9434	8707
6603	5612
8014	8317
