500	1929186
1915	1128
7222	6592
3281	3429
6104	6576
5140	6009
7082	7966
1065	1195
2275	1280
-154	427
3800	3595
8342	7782
6463	5838
-239	72
1150	499
4661	5450
3940	3694
5992	6500
8689	7819
2447	2340
3022	2751
7210	6796
10214	9497
4101	5006
6395	5753
6919	7022
4313	4530
1968	2180
2848	3613
3979	4828
7490	7749
621	181
9240	8607
1339	750
3263	3974
3267	2445
3101	3242
6399	7148
6680	6089
3104	3647
5513	5500
3891	3068
10018	9492
10269	9748
2440	2589
5815	5634
9489	9019
8212	8459
3686	3821
8135	8333
10152	9976
8064	8838
2765	2872
2506	3002
5050	4926
7109	6228
9061	9433
1282	1933
6140	6513
615	1605
435	474
4246	4489
9488	8893
10355	9608
2774	3192
9911	9384
8611	8390
830	1400
8456	8479
2526	2078
1885	1590
7540	8476
8307	8355
5427	4947
4489	4001
5744	5237
1673	1258
7428	7077
9819	9622
8655	9298
6990	6499
1376	1421
4992	4983
6157	5395
3431	3780
5224	4276
197	904
5399	6068
10328	9838
5954	6900
6617	6320
-19	541
4335	4942
5752	6036
6468	7420
1327	1910
2103	2899
5935	5548
7794	6873
3936	3843
6641	7163
6957	6871
3782	4554
6167	6306
2271	2422
5547	4964
2934	2590
-321	487
3821	4815
7113	6937
3180	2678
9640	8972
5216	4866
459	943
3892	4593
4138	3476
750	650
9423	8825
8123	8170
6709	7220
390	823
6419	6801
10679	9912
4205	4013
5788	5405
2125	1559
160	486
4712	5466
2468	2477
6323	5550
8686	7882
6827	6647
6802	6057
6485	7375
8226	8550
4078	3186
-681	265
9460	8817
5433	6140
4311	4262
4588	4990
3661	3232
423	1355
-125	350
2056	2475
5920	6318
5891	6194
7349	7144
10809	9824
3638	3518
6998	6604
5917	6024
6923	6172
4658	5583
2586	1943
1250	1438
7029	6569
6809	5969
3410	3112
3959	4749
10955	9994
7297	7026
5042	4079
7076	6432
3208	2948
7111	6347
3757	4172
5916	5245
7954	8446
1616	1074
9641	9131
7593	7056
8244	7879
6361	7315
2527	2091
3177	3277
3223	3183
1484	1053
9721	9876
9237	8358
3866	4588
5895	5838
6248	5948
986	1127
7082	6251
3657	3536
1158	1557
8563	9296
3551	4000
7869	8295
6850	6512
8764	7994
3999	4433
5118	4926
1474	2415
8262	8913
7916	7086
8597	8696
6408	7118
8655	8075
4283	3695
2352	2318
5355	5141
5832	6200
6167	7160
3883	4716
6501	6751
10093	9413
9406	9960
9491	9708
8626	9598
3000	3242
4324	3360
398	48
2600	2087
3515	4481
7464	6916
1621	2439
7590	6910
7526	8458
7935	8324
4695	5480
9262	9077
1225	1062
7498	7820
7150	8094
1633	965
5300	4789
7361	8226
8010	8196
8140	8003
1151	872
8313	9183
2714	2650
4589	4731
3844	3012
5481	5009
10127	9626
6281	7023
3009	2116
2350	2802
3748	3044
5976	5633
9179	9235
3309	3199
7149	7962
8830	9496
1736	1455
8986	8119
3126	2382
9305	8602
1516	1445
149	319
3835	3127
4170	3356
7710	7696
4347	4214
1452	1742
651	259
-260	260
9974	9158
8896	8330
5258	4282
2480	1499
2872	1979
7320	7754
4363	4987
8580	7868
9988	9375
1580	721
1178	208
6548	5967
1444	2232
3330	3688
4646	4913
354	37
9796	9528
7594	8190
3934	3138
3559	3370
9374	9126
5280	6190
638	1083
1626	2130
4608	5241
1229	2224
1848	1676
3317	4246
4609	5363
6306	6739
8531	7934
2967	2952
4544	4389
3333	3055
102	926
6529	6762
5971	6195
7716	8501
7722	7040
4308	3826
487	55
5913	5128
4260	4906
3064	3307
3591	2772
7560	7780
9656	9590
2678	3515
3377	2474
787	38
5701	5973
8332	8195
3379	4051
8514	8383
7563	7489
6016	6117
3619	3950
9711	9179
7045	7459
-630	219
6677	6564
7966	8318
7782	8711
3762	2854
2590	3324
-492	402
3837	3190
2646	2966
7614	7348
3009	2591
3892	3552
-126	551
4174	4835
7972	7015
1219	344
4783	4337
1189	379
9048	9966
9170	9658
5183	5617
5090	6002
5277	4281
1411	1891
6717	7672
1153	607
6385	5728
2777	2737
4820	5103
6008	6127
952	1540
7190	6878
854	1558
5615	6007
10379	9620
3227	2718
7785	7391
2122	3014
2400	1508
5092	5805
7851	8391
2942	2652
4380	4050
3184	2265
6282	5771
2196	2292
4689	5343
3492	2575
8737	8825
1776	870
6482	6769
7248	6430
6151	6227
623	348
1787	1205
7494	7407
7252	7416
9810	9783
1248	1738
3423	2926
6992	7300
7773	7339
7527	8112
8189	8146
3252	3928
5316	5520
2644	2205
8047	8986
2143	2103
3263	3703
8118	8316
1654	2364
4422	4707
7024	7236
1959	2010
4271	3987
1761	1313
-149	231
5245	5123
-38	440
8613	8810
9149	9847
3865	3205
2704	3168
7483	7707
7200	6878
7727	7063
1965	1019
4118	3324
8730	8866
2866	2809
4140	3247
5767	4860
2552	2472
6347	6267
4375	5174
657	873
9837	9340
4243	3630
4444	5088
868	1405
3743	4716
3760	3836
7565	7483
4813	5318
1735	1040
9201	9021
10321	9931
9714	9205
8651	9173
9143	8757
5885	6750
253	839
7661	8315
6310	5701
-187	551
10153	9221
2704	1865
7843	7841
7443	8181
3158	2473
4586	3976
10154	9199
8815	9095
7503	7872
8852	9502
9111	9283
5046	4347
10330	9918
3331	3407
5397	5984
9398	9572
10815	9863
1307	1118
10058	9887
3010	3598
9071	9079
1701	1108
688	150
1662	1123
7025	6107
5613	5174
6221	6339
1125	2032
4058	3283
6637	5986
7456	8004
4897	3999
6225	6451
1287	1852
2958	2053
6427	7158
6874	7586
9380	8698
4705	4260
3921	4115
5771	6338
9888	9277
4193	3205
1578	988
1720	1354
8059	7866
6038	6532
5786	5623
8904	8607
5697	6402
7924	8074
7803	8194
8913	9786
5802	5107
5296	6124
7787	7102
7286	7585
7381	7237
6333	7063
-74	282
8031	8435
1162	988
6431	5797
5566	4813
551	779
1380	619
