500	259115
6361	6665
563	82
7702	7606
1502	2395
3297	4154
5203	5840
5389	5309
2428	1458
4964	5602
953	1649
3676	4209
4893	4647
8660	9581
5993	5618
5488	5525
2859	3733
8746	9254
6318	6951
4816	5658
9528	9966
2182	1479
7898	8329
6533	7458
3864	4006
3629	3397
7144	7533
5844	6012
1613	1300
6221	5317
5516	6398
4161	4479
2736	2830
9880	9627
3393	2813
7577	7165
4644	4824
9535	9763
4288	3847
645	753
6864	6814
7624	7315
5736	6561
4257	4064
2007	2112
3737	4657
1961	1949
127	783
3104	3875
2762	1858
9294	8407
4870	4848
2823	2977
1331	1331
4672	4669
-634	356
6289	6796
4705	3995
4521	4329
4229	3763
6029	6511
5241	5515
8883	9218
5778	6778
1038	1256
4662	4026
8277	8872
1237	987
7550	6697
6325	5506
9697	9708
8830	8847
5008	5783
6489	6846
5308	5507
7867	7521
3692	4074
2644	2904
1429	1307
5244	6122
5471	6148
930	1917
-640	139
2006	1773
8778	8119
5127	4249
2582	1959
2805	3280
2307	1666
1690	2624
5720	4888
613	668
2198	2534
1865	1437
10164	9231
3690	4150
7371	7696
2118	2167
7698	7146
234	408
691	941
3962	4547
7745	8204
568	323
1616	2234
9974	9020
5233	5028
2886	2096
10124	9767
124	462
8173	8792
8083	8485
8870	8828
-456	539
631	1014
6481	7114
2103	1374
9684	9241
6423	7410
8145	7433
1647	1171
6051	6649
333	808
6995	6518
1200	954
3007	3906
3950	4262
7824	7508
2054	2539
6344	6920
2538	2990
5492	5989
7374	6556
4001	4513
5662	5228
8225	8776
5168	5016
8111	7522
9649	9203
560	662
1404	980
4893	5133
1449	1918
2456	2567
7854	7727
6517	6243
3586	3700
6534	5596
661	1468
4758	5410
5777	6768
1936	1627
4413	5119
1136	708
6740	6669
9337	9653
8069	7781
5522	6358
6569	6181
4350	5330
8302	7952
6358	5394
3159	2208
5797	5468
4762	4539
5175	5422
2583	2621
8001	7341
3816	4094
5381	4569
1899	1788
6247	5413
4144	3529
7806	7458
4304	4296
3687	3750
3307	4289
301	770
4599	4730
3913	4503
3829	4747
9155	9942
2949	3040
4664	4336
5464	5993
8726	8397
5968	6439
4025	3474
6570	7021
9542	8881
1755	2375
-429	138
5353	4871
3218	2503
8839	8385
6882	7395
3409	4119
3885	4202
1799	1250
9627	9227
7969	7883
1265	1909
9227	8979
8305	8359
8057	8080
5661	5842
10031	9849
4475	4192
8076	7406
7610	8239
618	177
4341	4273
3520	3435
1723	1963
3154	3925
1538	1697
8935	8778
6853	6596
2642	3413
7887	8286
7949	7879
5774	5038
6091	5549
5220	4683
8063	8854
9641	9139
8844	9409
4932	5927
5044	5592
8065	7212
2108	2949
5952	5483
907	1143
4191	3324
7297	8175
2035	1647
3486	3178
2602	2351
1626	888
299	1081
2421	2971
2150	2298
4027	4624
8433	9367
917	1201
9644	8823
-244	649
9251	8276
5660	6140
9520	9931
4599	3864
9459	8628
9644	9346
3250	2270
4187	4984
2139	2601
6781	6173
9178	8957
702	357
3554	3990
6733	6512
8795	9534
6892	5979
2398	1530
2212	2105
4722	5404
7506	7524
8875	8320
6631	6695
9253	8939
6578	7165
8639	9073
3072	2660
8879	8072
10094	9769
6973	7050
8060	8590
1011	1456
1179	1177
942	1583
8750	8739
4159	4039
8196	8460
4977	5428
5295	6146
4463	3689
4575	5289
9058	9147
2734	3281
3616	3489
4260	4531
5207	5823
7571	6595
6409	6246
4244	4869
5830	5879
2736	2450
3692	3353
8717	7777
8976	8420
1185	1655
1200	1432
6870	5961
1919	2772
9221	9437
9165	9698
7565	6805
2667	3395
4854	5193
1531	1877
6843	7079
2400	2085
8494	8220
3711	4266
1657	668
735	902
3417	4010
7233	7092
-30	711
7461	7924
7971	7453
8932	9884
7450	7141
7774	7657
4693	3752
7848	8150
9231	8829
10441	9964
1253	1629
7327	6884
8830	9305
4586	4876
4964	4316
9370	9776
9478	8866
3230	3611
2544	2183
1711	857
9747	8839
1485	1095
4680	4290
10315	9967
4436	4958
4539	3957
4048	4968
1956	2678
8370	7512
3127	3097
7751	8275
5873	6545
7358	8309
1993	2868
5153	5559
9439	9270
2525	2050
8297	8692
9000	9286
5659	4869
4673	5092
8223	7337
1818	1036
3883	4748
2425	1866
1273	1384
1478	1913
4298	4756
8505	9262
9034	9797
7222	6536
1633	872
8928	9456
3102	3035
342	409
7915	7559
4819	5116
1294	1462
6747	7384
5620	4794
8268	9008
4296	5127
7569	7133
3568	3676
1871	2465
3179	2838
-117	726
9054	9030
5339	5757
3392	3479
9889	9042
2654	3109
2818	2679
1215	1635
6367	5624
6576	7044
5365	5477
3731	4534
7173	6757
8350	8456
7888	7012
5535	6486
5852	5443
9021	8543
9251	8429
9544	9296
2305	1869
3111	2593
5020	5741
5203	5064
5245	5056
4875	4934
8883	8615
2001	2232
1478	2156
6886	7541
7085	6561
6792	7566
7553	6781
5347	4729
8829	8341
1531	1644
9837	8932
5971	6656
1668	713
3112	2934
10061	9280
8360	7904
8970	8958
1797	1927
5213	5973
1326	1051
9076	8591
6323	6900
1174	709
8972	8114
7398	6462
954	1937
4258	4427
2799	2393
2086	2124
7260	7670
2631	1748
5466	5795
1948	1506
9604	8980
7463	7199
4638	5590
6168	5588
8298	8287
2875	3695
9112	8165
1270	750
7025	7934
9542	9798
2931	3192
6568	6684
9848	9264
5917	5965
6991	7345
3984	4502
7444	7260
3109	3074
9370	8710
6247	6747
3864	4473
420	484
5413	6196
3626	4626
8267	7780
4666	4586
2475	2355
4538	3786
8341	8196
8451	7472
2141	2746
433	664
6255	6500
2700	2364
5971	6054
5521	5916
2586	2550
5262	4807
4516	4064
2665	3318
8792	7945
2490	2606
1519	2008
8257	8154
8268	9164
737	112
9219	8501
2560	2902
6947	6011
4598	4725
7631	7897
6678	7038
1208	1969
10493	9962
814	125
3847	4084
7210	6656
8051	7243
