500	1855928
1675	1025
6394	5996
583	750
6635	7075
688	1675
5106	4872
2050	2569
8955	9778
7253	6790
5108	6088
5496	6235
5259	5784
3952	3091
8520	7930
6273	6777
8687	9605
1848	1952
4367	4785
2937	2428
2857	3155
9945	9818
3979	3175
339	896
10191	9542
3692	4180
5014	5278
3090	3629
3695	2819
1809	919
1060	203
6915	7910
8921	8328
9802	9471
2551	1777
9310	8969
5616	6587
4818	4394
4077	4105
-83	97
806	551
6217	5638
3655	3826
9920	9500
3337	3807
5691	4694
4188	3387
-264	443
1742	1737
4392	3984
7277	7138
9269	9701
3975	3098
1566	1893
5995	6878
8713	8985
5649	5099
5214	5973
9164	9149
5136	4606
845	1128
508	809
6252	5398
-129	444
5931	5208
8956	8351
5849	6169
8105	8727
7223	7101
8464	7586
3310	2541
-383	5
4176	4601
1500	536
8241	8567
4882	3953
4000	3517
7447	7755
7581	7080
7071	6318
8989	9292
2951	3156
-646	201
7234	6278
-11	234
8605	7752
9345	9240
7772	7191
9244	9521
6648	6992
4805	5127
5460	4607
2801	3546
3166	2548
7252	6810
7393	7873
5678	6057
8370	8043
4698	3716
6970	7652
7082	7986
1395	728
982	544
5855	6284
5650	5998
8557	8556
9077	8696
7562	8250
6439	6959
8780	9017
7624	7566
7362	7724
9331	9117
7794	8343
6997	6126
9324	8457
6813	6178
6251	6842
5365	4440
7907	8312
458	915
204	1131
8388	8424
3868	3095
2865	3651
7785	8188
3225	3051
9222	9856
989	174
1824	1446
8656	8002
1668	1258
3388	3815
7409	7291
5699	6006
4667	4529
3897	3068
6270	5330
9347	9072
4243	4027
7017	7766
9040	9707
2497	2598
2853	3596
1178	1551
9616	9586
8751	8126
-189	281
4413	5295
199	519
5803	4978
8192	7828
6101	5328
3584	3222
10512	9907
6824	6254
7917	7598
7364	7037
8447	8432
8345	8957
9571	9516
2018	1645
2862	2048
4041	3733
6757	7116
5581	5946
4859	5659
3240	3034
3629	3716
3827	3213
5368	6037
1614	1573
9491	9674
1121	1161
6556	7201
1667	1071
5330	5836
4017	4880
3529	3938
8531	8301
10264	9420
2795	2342
4602	4875
8787	8910
7236	6745
3044	2466
8512	9472
4369	4587
7718	7487
9357	9038
6857	6160
7466	6686
969	66
1211	1786
301	1045
1936	2846
-849	101
8294	7514
5858	6147
8108	8989
9572	8675
3120	2155
7719	7457
2902	2388
6891	6514
7911	7320
5119	5841
1838	1333
6778	7595
9798	9627
1236	980
2839	2897
2680	1906
9449	9399
3525	3941
8281	7677
1142	1839
1914	1949
7326	6550
5619	6269
4926	4886
7502	7655
3325	4144
2511	2414
9735	9674
7363	8139
9638	9165
9804	8968
1415	793
4114	3981
4869	5104
6538	6915
402	1380
5913	5826
6689	6380
2376	3138
703	499
7945	7516
1801	1024
3645	3940
8491	9414
88	92
1409	2203
5030	4309
-246	71
615	1209
1216	1480
5714	4743
5721	5111
376	125
8626	8692
481	73
3447	2761
1398	1813
4165	3546
6770	6147
2635	2645
3822	4107
109	1000
6079	5115
10938	9983
2381	1888
7002	7203
7431	8011
7319	6717
3556	4005
1809	1419
4878	5193
5947	5892
-83	15
5098	5979
1616	1668
1758	1765
4949	4074
9811	9360
10119	9558
4582	4574
2602	2026
4103	4908
8113	8345
2978	3516
7579	8402
7486	6975
1695	1896
8801	9051
5253	4850
7760	7416
8686	8580
9014	9111
4320	3753
6065	6359
8441	7892
8994	8301
9980	9247
4173	3665
1264	346
3965	3142
9671	9600
2611	2056
9673	9178
3114	3764
8568	8542
-166	304
8439	8710
963	175
2555	2075
5817	6429
4025	3302
4059	4935
7399	7727
2374	2418
2305	2496
813	878
-69	289
926	18
4711	4657
1460	1793
7552	6882
10457	9651
5995	6889
2197	2312
6380	6313
1143	1330
2158	2172
4130	4231
2098	2443
9416	9683
9114	8551
6399	5567
9324	8955
3378	2955
2463	2063
4648	4035
8621	8675
6669	6717
7580	7529
2671	2380
9036	9077
2198	1422
8307	8893
1344	2260
6943	7570
3749	4708
9082	9477
6774	7421
1942	2143
635	877
2368	1637
2043	1625
2876	2098
5707	6516
8897	8161
3549	2760
1322	899
4342	3596
7421	8221
304	265
7451	7340
4559	5288
9553	8929
891	214
9014	9871
8477	7554
647	1276
8705	9373
2183	1188
3902	3424
2336	2076
2781	3474
4311	4437
1412	2077
-435	161
-816	4
3202	3643
5802	6189
7459	8411
5246	5965
9432	8488
8652	8834
1361	883
3153	3167
7802	7039
8545	9104
1085	361
4473	3578
6430	6880
2417	3376
5731	5840
4150	4078
1512	2422
3040	3092
2179	1447
869	554
5815	5461
2653	1699
4739	3763
1845	849
8990	8988
4194	4687
5195	5197
9711	8801
4054	3333
8044	8570
2640	1931
-309	474
5487	4905
416	925
8545	7768
3025	2707
7116	6338
10424	9495
7906	8497
1091	1305
-948	34
5730	4743
1910	1996
4806	5494
8396	8086
9426	9466
2448	2744
8447	7935
7232	7594
10574	9759
7130	6271
3833	3259
5618	5602
784	1261
5813	4847
859	1616
6234	6638
3588	3743
742	1387
3635	3456
3553	4403
2543	2779
9269	9944
5187	4411
958	1574
2455	3183
3324	4234
7568	7965
624	874
3175	2907
1063	1074
1128	302
1838	2012
2200	3063
6361	6917
6603	6498
9166	9023
1744	996
8019	8552
3524	2641
2188	1830
6352	6742
8211	7357
3935	3622
6266	5386
7388	7550
1140	1999
6238	6779
5881	6625
1650	1390
7337	7376
123	171
9732	8736
2387	2654
3107	2129
967	1233
9497	9464
8964	8525
5421	6114
7638	8266
3251	3576
951	1362
439	1136
3057	2260
5557	6348
4228	3581
8375	8580
6281	6692
6717	6004
3413	2538
9015	9734
2524	1829
8204	9068
5589	5865
1709	1557
3176	3256
-1	466
5466	5436
605	1587
8338	8045
8698	8344
2331	1880
4356	4530
1931	1854
5185	5501
5167	5893
7831	8371
6395	7246
