500	629790
3339	2744
1701	1463
5368	5361
6125	5582
2178	2144
7440	6792
7948	7183
4520	5195
8507	8527
4862	4208
-229	603
3422	3701
7823	7243
7795	7633
6279	7088
9022	8602
9201	8652
7901	8357
1959	1346
5161	5304
8871	8896
3564	3256
2463	2842
9529	8546
7310	6654
2591	2617
1006	1494
620	668
8352	8530
6395	6178
535	85
4826	4655
6356	6125
2034	1035
5672	4713
3642	3051
8524	7952
1206	1813
8471	8892
8779	9046
5928	5260
7385	7762
563	490
5639	5101
6018	6974
3114	2237
5727	5794
1435	2085
-574	259
7050	6223
1572	2566
2931	3502
6840	7404
4720	4163
5133	4375
3081	3029
5275	4875
5857	5977
-290	74
3294	3833
4522	4073
8574	9155
5945	6472
1784	2111
1323	1869
7859	7613
2486	1545
8446	7994
5426	5250
8022	7289
4492	4461
4392	4648
5749	4916
3104	3719
9877	9271
5189	5297
6987	6610
10464	9842
1374	392
9108	8420
6726	7559
1968	1474
3982	4661
4555	4532
7119	7236
-10	171
1824	2394
3005	2399
3873	4577
2466	3077
7945	8614
5630	5321
1912	1818
6019	6697
4816	4109
8352	8701
3301	3226
-423	575
7398	7890
7379	6804
8932	9903
2795	3741
2380	2184
7358	6837
792	76
1902	2749
9508	8813
4074	3305
8423	8756
772	336
6862	6687
-268	305
1356	1218
6732	6533
4201	4385
2594	2471
8937	9110
8553	9161
1850	2492
9023	8233
9727	9144
5755	6013
801	158
9420	9700
10606	9745
8026	8411
2156	2208
6646	7004
4579	5013
3708	3780
6926	7891
9348	9083
5882	5694
10015	9530
5769	5260
493	1480
572	1305
8063	8561
7159	7976
342	1301
546	204
5790	5637
-16	891
3651	3771
5202	5877
6341	6227
4900	3955
2981	2355
8589	7777
9696	9705
10270	9924
7193	6486
9055	8285
5760	5487
1552	1456
1309	385
3558	4037
2631	3526
70	458
10225	9774
336	559
5981	6707
2546	1802
4226	4191
671	224
4018	3437
4042	4872
2450	1556
2114	2152
3825	4003
4032	4750
4263	4198
7110	7754
1193	930
1753	1079
2346	1926
7388	8069
5882	6871
4544	3762
8121	9099
5300	5591
1497	540
7445	6942
6685	7381
3965	4326
-71	632
8933	8350
7089	7561
3144	3130
3166	3522
3123	2948
6504	6407
8099	8585
8295	8294
3601	4203
4158	4498
2786	3691
6474	6247
1187	2106
8307	7898
1652	998
4617	4236
6126	5488
2669	2038
8435	9078
9531	9491
10694	9970
7448	6876
2283	2238
7921	7112
4404	3576
224	422
9606	9574
330	858
3686	3931
8055	8289
9648	8702
5545	6302
3517	2734
4188	4360
1260	1882
1511	514
3520	3916
8021	8178
10573	9702
6935	7873
9278	9170
6400	6209
1748	1962
8938	8271
10294	9401
5013	5147
9827	9333
-42	588
7908	7520
8184	8123
988	790
5046	5446
9540	9107
9350	9823
4394	4775
3604	3458
3066	2565
2237	1726
7301	6488
6363	6769
5914	6513
7456	7108
10	34
5149	5117
8800	9464
3150	3145
549	276
3889	2992
1046	704
3424	2560
7711	7939
1356	2257
855	201
9207	8770
8716	8256
9068	9079
8074	8088
5720	6243
9490	9664
3011	3508
4952	4051
7192	8095
258	516
9239	8931
3835	2979
1602	2175
5419	4903
9786	9949
6961	6750
6192	5920
1032	1799
5901	5248
3287	4114
3130	3850
6722	5756
435	821
969	1878
5631	5542
10741	9747
5942	5948
8711	8610
5600	6406
10321	9383
5824	6005
7619	8369
9953	9448
4133	4195
8743	9701
2938	2328
4694	4242
141	424
6905	6255
1763	901
7902	8823
610	285
4955	5057
6425	7207
893	1525
6608	6195
1996	1798
10635	9728
6184	6466
2535	3384
3169	2173
3429	3444
8531	8565
9225	8453
5752	5987
4063	4908
-214	662
9127	9287
4544	3655
4491	3760
45	523
2159	1427
904	1887
7780	8378
6877	6996
6751	7499
7361	7887
6698	7381
-15	304
5203	5609
2568	2714
4867	4323
401	1080
5681	6596
2632	3490
5728	5174
4622	3998
4019	3152
4912	5705
7524	7180
5277	4550
5870	6520
1002	1959
7406	6536
1994	1762
9220	9377
-800	164
8832	8567
5183	5182
5117	5318
6238	5945
7328	7232
7255	7634
7391	6840
3116	3621
6935	7817
7978	8662
1934	2641
264	1109
8749	8681
3997	4781
1390	724
10248	9596
595	1003
5333	5744
4281	4408
8936	8353
5501	5289
920	1317
5765	5612
8294	8423
6087	5525
2203	2230
7110	8007
4622	4793
2307	3251
521	202
5379	5701
6537	7457
3075	2255
5540	4834
3422	2908
4263	5163
8626	9332
5231	4933
8421	8092
9891	9262
5058	4613
5568	5791
5793	6212
6045	5721
8632	9444
9835	9942
7265	6763
-408	407
1467	1359
3733	4565
9666	8913
8589	7771
4971	4956
1433	2022
3450	2580
8339	8442
641	120
8295	9190
394	935
405	6
8201	7841
1165	396
6150	5439
3443	2572
3045	3092
7129	7364
4908	4394
6974	6270
2836	3482
323	869
6994	6426
8110	7481
4507	3983
-437	340
7139	8005
1297	2248
4634	4196
2922	2061
4964	5952
5561	6102
1500	946
8172	8331
4896	5006
10310	9757
10880	9991
8091	7236
4810	5271
5324	4403
2807	3738
8352	8154
1255	2190
7984	8460
-45	250
3285	2569
9517	8739
8769	9586
4069	3797
2721	3575
5665	5399
1282	484
4588	5518
6519	7031
5243	5346
6452	5837
5900	6470
1920	2766
4990	4058
7799	7963
549	346
4147	4877
204	671
7322	7810
5089	4779
9297	9523
398	269
2867	2267
5499	5164
8915	8544
4622	5440
2063	2081
2453	2781
1016	808
1318	1779
2877	1949
9672	9843
7525	7917
2300	1582
6724	7407
6514	6757
9672	8899
5298	5124
4439	3592
5399	5892
8564	8759
7961	7632
7396	6841
1404	686
1485	2206
738	1554
8588	8914
1952	2642
6177	6906
772	74
10502	9751
3414	4208
2038	2970
7342	7916
1760	1361
6590	7557
8778	9359
3238	4234
1060	1806
2766	2962
5868	6340
