500	2194630
3680	3961
504	831
8031	8420
9183	9679
4174	3675
6728	6784
3743	4259
3318	4014
5063	5937
1636	1520
3563	3956
5730	4900
2786	1819
5227	5687
270	964
2495	1555
7195	6833
636	1225
7708	7258
8761	8941
1548	683
3190	3679
3884	4464
-128	397
4093	4639
5154	4227
9586	9131
9797	8987
4481	4079
678	1552
7999	8421
6284	6592
1708	803
6322	5678
10540	9642
6628	6872
2680	2328
6335	6959
968	1266
9432	9304
3917	3021
7428	7551
5781	5443
3167	3467
6624	6564
732	1691
1751	987
6140	5703
854	340
593	589
4160	4304
521	367
2705	2698
3894	3194
470	119
8095	7725
4775	4770
2205	1932
2418	1424
5897	6004
9025	8326
3311	3786
2350	2808
5649	4672
8996	9208
5699	5921
616	820
1626	1217
8944	8145
8458	8961
4631	3821
1363	421
10198	9723
4824	4389
8826	9496
6484	7445
7890	7397
7342	7864
1473	2065
6045	5187
8455	8023
7959	8784
2812	2175
6216	6354
3030	3772
1842	1112
4259	4856
663	999
6821	6067
7259	8030
7778	7594
-51	872
5334	5919
1182	197
1724	1016
5166	5342
780	399
8255	8270
9269	9055
4573	3692
8987	8252
6646	5758
8083	8491
8770	9715
10032	9846
2692	2842
3882	4043
10595	9968
1915	2104
3034	3511
1103	2077
1795	1400
4425	4209
4252	5089
2960	2717
-864	69
1513	1321
758	977
2720	3626
8936	9170
9093	8351
7776	7688
3682	4609
294	129
668	760
6673	5839
1025	1283
1617	1478
8252	8035
6050	6003
9158	9313
1113	1869
2217	2406
4787	4248
6735	7351
943	1232
1145	290
7964	8811
4152	3319
6636	6686
854	191
9744	9733
1387	2377
7711	7059
6938	7096
3189	2698
6445	6143
6770	7514
8152	7344
1266	2265
434	272
5041	4443
7588	6705
8085	8449
1685	1869
7778	8477
6931	6333
5111	4395
9812	9349
7478	7443
7691	8522
309	141
1001	555
4310	4896
1389	1531
2743	1796
6499	6614
3569	3926
5782	4850
7608	6883
5225	4832
9659	9615
3116	2721
4856	4272
8280	8046
1505	1836
6808	5889
6823	7396
4617	5306
3123	2898
4851	4297
5980	5451
2778	2640
2002	1258
8859	9186
6930	5947
2809	1821
-19	352
6432	5737
3770	3552
1422	1998
5529	5142
8033	8017
1398	762
5814	6470
6206	6061
9901	9749
1228	1093
4582	4622
1721	1937
3899	2943
1141	725
3949	4826
5453	5789
5861	6331
1315	1998
6145	6350
8995	8010
9602	9560
3182	3232
-467	122
353	25
6324	7261
9874	9342
7880	8138
6555	6165
7528	6900
6313	6480
4099	3135
6350	7293
9155	8863
3896	3308
1815	1821
3362	3847
2054	1367
-960	20
2582	2928
1535	1671
2330	1792
8581	9399
10777	9957
7210	7158
1652	1856
7850	6942
6815	7631
4277	4172
8696	9218
1668	1156
8614	8457
8410	8724
1750	1997
7954	8612
6955	7435
482	240
5781	5295
6336	5957
5134	5501
7540	8530
4732	3952
6807	7531
5212	5809
1775	1110
1762	1163
6860	7129
8045	7539
2212	1724
3116	2492
1518	1758
8361	7809
3755	4518
3169	3060
9782	9184
6644	7303
1876	2480
7410	7982
9819	9761
9171	9780
1096	385
-13	910
8092	8965
8253	9068
4345	5035
365	916
5978	5279
6985	7520
6912	6521
2112	1155
2362	2897
4403	4622
858	1214
8155	7334
14	387
2540	2025
6628	6309
2220	2360
9098	9774
6111	6801
6653	7149
383	158
3111	3616
2372	2118
7807	7931
7523	7229
1540	883
5627	6012
5771	6047
9951	9413
5768	5646
5856	6032
4924	4280
8133	8477
792	394
8381	7757
8201	8076
8535	8575
465	634
481	816
2602	2504
6525	6002
8293	7554
5254	5219
2960	3186
6719	6223
6982	6786
6247	6708
10514	9985
9228	9737
7634	6784
1562	1090
8182	8148
3040	3809
3727	3666
3674	4410
2295	1421
6437	6230
6189	5753
2152	1464
254	847
6644	6675
8369	8742
7459	6679
712	376
8658	8393
8699	9344
10209	9860
8233	7584
-30	117
8682	8750
8172	7315
1725	1319
4649	5551
2163	1369
9549	8849
3802	3285
4080	4072
9819	9501
8074	7572
10072	9227
4208	4716
1092	1959
949	1861
5185	4246
806	341
8938	8726
5576	5167
5630	6200
1220	1979
7730	7188
7581	6837
2028	2316
1918	2832
2446	2191
1152	1153
5901	5210
9966	9316
5656	6471
3696	4624
3236	2354
1455	1148
4746	5485
7476	7711
3083	3955
9300	8814
7997	7485
8397	7696
4868	4160
6093	6134
1441	601
2525	1912
5540	4943
947	1148
1056	949
3102	2851
7303	8018
1018	1986
4318	5248
7903	7230
4218	3253
9866	9374
100	625
4753	3937
546	1217
3289	3584
7751	8465
9700	9445
1701	1290
8263	9259
4626	4647
8321	8292
10580	9956
5074	5431
9014	8672
1211	772
4460	4562
9867	9739
8624	9370
9462	8942
8825	9290
899	1706
1213	2113
7362	7984
965	1008
5275	5397
9760	9288
1402	1302
4388	3585
518	632
9425	9865
5723	5622
3333	3560
7082	7143
7002	7743
1092	1530
5291	6180
1779	1780
8923	9197
595	343
10214	9592
1985	1627
5256	5871
9959	9175
1780	1259
4410	4484
9002	9429
349	715
3608	3326
459	639
3202	3494
8043	7875
5907	5011
4635	5158
3056	2426
1521	1659
7160	6379
7919	7082
8488	7512
10419	9586
4886	4767
7407	7785
2813	3437
7169	7115
2933	3917
1363	605
-831	116
4817	5670
10401	9408
6998	7846
10338	9764
3865	3188
2775	2183
2721	3054
773	828
2822	3247
5060	4468
1727	917
5323	4825
3453	3825
2946	3250
8038	7263
2664	1983
8586	8407
204	993
1274	1044
9775	9531
2216	1228
7137	6472
1588	1733
8181	8148
8862	9482
7546	6853
7738	6882
1410	1237
272	941
-390	563
352	641
3382	2578
5303	5292
4613	5144
2666	2717
515	404
6171	6116
2002	2188
8941	9930
5930	6695
7682	7755
9536	9727
5420	5255
2569	2937
5492	5424
736	80
