500	1224744
1451	1844
1662	668
1032	1831
1629	1323
3930	3326
4337	3721
7739	8158
4590	4834
9950	9989
3872	3331
8123	8728
5731	5810
3205	3686
10563	9803
5469	4810
2104	2757
8779	9062
2175	1926
3871	3402
6557	6874
-143	126
7188	7005
149	211
5046	5269
525	267
3932	4244
5225	4793
1300	609
4153	3288
224	148
3073	3747
5358	4840
7558	6725
2508	1608
2095	2557
6713	5775
1663	1125
4701	4479
7251	6799
7951	7766
6560	7360
9664	9787
1361	1272
5685	6443
8963	8105
6040	7022
3541	4306
4385	4631
5472	4987
3795	4583
5565	5909
7086	6532
8876	8291
3862	4717
4021	3068
662	1344
3377	3620
9537	9046
111	551
1041	405
3823	3221
7906	8197
1787	1608
2293	2507
8418	9283
9008	9081
6249	5309
2019	2334
6300	6403
6151	6623
178	1107
4626	4805
1510	660
2504	2282
7833	7927
3217	2556
2176	2413
6122	7018
875	554
5377	5265
2512	1547
8146	7247
4792	3799
628	1453
9170	9322
8318	7912
7420	7594
2892	2816
9132	8303
8428	8004
9813	8868
10194	9725
1717	826
1242	488
5644	4737
9018	9286
8344	8947
8581	8033
8795	8004
3528	4502
3295	3482
3771	3768
9375	9592
851	468
2227	2613
9871	8988
3691	3589
251	140
7022	6990
-752	26
7698	6982
3802	3766
8772	9681
4705	5527
-218	540
5354	4819
3538	3190
1765	1967
1292	1243
3382	3543
915	56
3038	3065
2020	2448
8943	9404
7588	7434
78	779
9269	9139
8428	8160
3579	2976
6967	6987
1079	902
4914	4288
1258	1112
10497	9555
1212	1971
79	360
1327	2043
6619	7447
8088	7254
6518	7320
4972	5069
2045	1492
2930	3280
6461	6549
8887	9626
7475	8170
8805	9212
8858	8483
372	1235
5799	4858
1	298
4771	5682
7231	8050
508	1273
3364	3807
8509	7944
4977	4834
8987	9044
9374	8806
2511	3488
1189	426
2728	3325
5835	5209
3978	3658
5352	6081
3738	3063
9031	9350
9453	8756
1233	272
9556	9229
1228	1065
2273	1972
3672	2922
3714	3455
728	999
2498	1648
3384	3655
10154	9469
1074	426
432	1418
949	911
5836	6521
8247	7732
7813	8354
310	1273
3578	2785
3214	3336
6110	6655
1658	2519
9180	9059
9552	9270
3836	4075
1670	1284
3016	2937
9279	9641
2232	2517
7763	8583
9990	9047
433	868
-881	106
1149	1641
9160	8736
7514	7117
7356	8124
6715	6517
9193	8198
1187	398
8376	8394
4455	3778
4620	5162
7258	7044
996	1836
360	1249
816	819
-107	313
10112	9236
8244	8549
2171	1838
5238	4584
9943	9530
7105	6881
4354	5019
189	713
3623	3000
4898	5703
7174	7320
9857	9864
193	327
7006	7239
8682	9419
9114	8468
9689	9534
3085	3941
2589	2007
1236	2166
8866	9788
5188	5620
4036	4742
3059	3131
880	1343
7276	8162
5508	6010
9467	8825
5896	6368
7370	7194
8999	9098
8289	7680
5024	4035
7758	8254
5362	4841
599	1504
5418	4475
2275	1960
7012	7459
8631	9347
810	1629
952	936
4946	4875
4350	4363
1068	1980
1747	1257
-727	18
6897	6775
976	1766
9425	9045
1259	2095
2292	3004
5633	5796
8336	9194
10220	9610
5543	5539
9821	9966
4667	4346
5088	5884
5798	5424
5749	5022
6566	7102
6554	5882
3678	3695
8397	7774
6779	6559
4040	3557
9561	8617
3748	3314
7576	7645
5719	6090
2451	1920
2480	3270
6609	6627
2911	3127
6173	5187
1173	272
4266	3452
7767	6993
7736	7844
2702	3660
4497	3831
6667	7367
5456	5841
2434	3416
1056	548
2501	2673
4668	4523
3617	4312
1282	351
4861	4787
5393	5006
980	1033
2472	1734
8157	8643
7909	7988
5799	6498
2635	3531
1637	1745
6955	6035
846	1458
2374	2084
5159	5781
4780	4697
5143	4430
7012	6453
4863	5330
6178	6937
546	284
7191	7122
6129	5479
5867	6663
7672	6808
6177	5724
9158	9962
6675	5897
8018	8639
3706	2837
5009	4238
4438	4570
5659	6504
-597	391
2069	1740
6034	5713
1789	2056
3368	4035
720	770
4061	3179
10200	9331
6604	7248
4313	5143
5470	5278
1054	462
8269	7456
8345	9025
7512	6969
3196	4123
2699	1897
5907	4911
7697	8334
2571	2794
2385	1668
8372	8084
2447	3002
1208	1270
8978	8407
8955	9825
1072	693
5255	6179
6334	5346
4982	4365
6447	7085
2859	3127
5817	6092
1918	2883
-579	66
1889	1757
7290	6764
3475	3598
1740	803
2323	2537
1302	1940
6280	5534
2933	3756
3005	3074
6147	6742
453	718
2826	3425
3537	4122
1637	2153
7302	6542
2617	3317
8713	7866
5173	4709
5094	5766
6010	5305
4133	3456
5436	4503
3470	4421
7589	6626
44	214
8004	7908
9677	9086
9334	9185
1954	1012
2798	3417
5743	6420
7536	7253
743	526
6483	6420
9016	9121
6155	6768
8827	8663
9588	9361
4564	4879
6646	6846
9856	9956
2955	2728
-446	417
3158	3707
1027	1645
9106	8562
9105	8839
5909	6660
3636	4366
10883	9955
5482	5680
6583	7189
3853	3137
7360	7216
8352	8748
1814	2391
7877	7754
4443	5036
7633	7067
6149	6406
7548	6821
10312	9598
1487	777
2067	2781
8271	7354
9612	9624
1938	1499
7003	6131
5411	6094
7145	6587
7264	6604
2924	1955
5955	5209
2735	1752
7338	6950
724	156
10480	9537
2370	2752
4624	5288
9647	9210
3502	3561
6799	5809
2353	1909
3261	3374
5339	5657
10447	9542
9526	9127
8647	8952
781	52
9792	9818
10594	9708
5638	4747
3615	4340
1285	1846
5946	5424
8948	8565
3233	3542
2971	3704
6128	5512
606	910
-811	107
9527	9872
-98	633
1412	1493
3875	4032
1839	2521
2022	2069
7526	8342
2721	1836
821	1577
5829	6370
1534	1668
5394	6092
1840	1855
1446	1793
6558	6499
2285	2294
6977	6895
2602	2713
7090	7429
3958	4861
6015	5497
7910	7495
8030	7052
2611	2153
8165	7654
5088	5510
4147	5012
6221	6603
