500	1260371
4585	3700
8751	9187
8833	8687
8544	8128
9293	8496
7384	7490
6278	5698
9461	9309
4128	3960
1346	1228
4747	5361
9025	9156
1811	2805
-227	17
9494	9103
2056	2378
5579	4818
6584	6388
5803	5914
2064	2781
7366	6532
2736	3582
5551	5681
5294	4738
6900	5917
3918	4625
2598	1724
1103	1362
6130	6227
3235	3312
6593	7262
6351	5880
697	1605
5086	5106
7975	7691
3325	3931
1950	1562
5808	5880
8155	7929
2668	3193
994	1728
990	1342
9093	9600
8169	8826
7481	7088
1064	1676
1194	199
14	630
9609	8630
9212	8926
334	1018
6382	6749
4249	3454
9742	9617
187	561
3668	3425
4774	4149
-83	471
4417	4611
-469	431
10235	9793
8093	7836
2372	2167
2991	3989
3279	3135
7011	6374
6406	5471
1477	1290
6867	6374
1869	1855
6879	7034
9503	9405
2459	2114
7649	7471
3421	3209
5286	6039
791	1594
7428	7217
2030	2939
5854	5627
2425	2287
823	1671
1081	794
5593	6585
7115	8070
9197	9745
6895	6550
9350	8706
2491	1654
8950	9491
6984	6860
3405	3933
3408	4270
10095	9856
3715	4486
7324	7152
4411	4867
3389	4093
6823	7535
6658	5692
8987	8134
7891	8234
2115	2029
4834	5316
5304	4779
1452	1743
336	696
1972	2525
4594	4974
3111	3914
8211	8369
4288	4534
8943	9895
3824	3245
2034	1178
6297	6392
6853	5886
211	1159
10088	9721
450	1219
6802	6332
1333	1174
3538	3839
7130	7685
4674	4596
6167	5393
3784	3799
4676	3985
6737	6655
6335	6228
1491	2255
3477	3506
5856	5739
8069	7785
725	920
3541	3038
2600	3103
7618	7153
7976	8043
7429	8261
7343	7746
8336	8225
10261	9733
2427	2622
4918	5371
3766	4524
4881	4315
3249	4193
2068	2957
-144	463
4198	3588
2044	1888
5232	5625
3762	3510
9546	9746
5215	4468
5061	5747
6714	7431
484	765
1097	1225
8942	8773
2111	1293
6998	6681
3398	3433
7749	7161
4970	5355
2235	1693
6174	5390
7181	7245
6143	6030
946	1853
2391	1940
6091	5238
7637	8113
9018	9431
6537	7404
4424	4480
8933	8918
3288	2821
8539	8212
6041	5598
7777	7552
5346	4577
1064	148
5101	4432
5541	5281
7589	7120
5671	5799
5209	5541
9410	8847
8270	8190
3945	4689
9699	9650
4509	3619
5859	6516
5768	4774
6243	6065
4891	4600
6921	6493
3673	3265
11	422
3581	3374
5293	6204
3789	3438
3322	3714
9374	8726
1587	664
9257	8776
4503	4593
-357	500
1213	255
8645	9332
5718	4802
5567	4683
6067	5128
2936	2616
1419	1081
1355	1326
8935	8723
4917	4989
3841	4531
1089	728
10679	9916
4545	5032
1834	2612
816	631
5640	6461
4464	5039
5313	6234
6590	6612
6350	6041
1441	1553
2895	2832
2844	3096
956	1479
4088	3446
1325	863
7398	7441
9882	9899
-252	503
8730	8626
4519	3569
1005	1440
4536	3773
3766	4419
6581	6982
816	83
4493	4840
9259	9685
3487	4475
9066	9825
2955	3310
9566	9015
3263	2613
7550	7805
4753	4329
5553	4591
7825	8518
10218	9749
3948	4924
5529	5098
5157	6079
706	1451
134	1129
9401	8613
8523	8636
3352	3875
4111	4948
1165	719
5279	5913
4380	4392
2407	2815
3861	3374
1712	2249
9160	8568
5146	4863
1182	903
689	1320
569	622
4363	5173
5864	6000
2002	1430
5336	5462
5945	5456
6865	7737
2494	3346
9442	9888
1967	2219
8582	9339
743	320
4754	4205
4127	4250
2537	2313
743	1076
8673	8400
7522	7767
7381	7197
6668	7442
3594	3667
3633	3936
396	899
10373	9723
5761	4893
2532	3495
2038	2653
10600	9642
3165	3976
6055	5261
3513	4040
7372	7646
3562	3565
9401	9554
8698	8943
1947	2047
10101	9816
-747	207
1708	2477
5071	4407
4385	3557
9671	9275
9229	9931
7847	8105
21	588
6436	5557
1205	432
6171	6693
3918	3093
8274	7899
1701	2394
7131	8129
2393	2239
3096	2127
4506	4026
5277	4877
2221	1446
252	950
4460	5379
1182	1152
8374	8030
6219	5267
5450	6386
859	1700
8084	8525
6562	6383
5828	5897
8135	7294
2431	3249
1502	2472
2890	3753
2228	1904
7886	8361
595	28
1414	753
4198	4952
695	818
9566	9851
6061	5497
-670	259
8072	8302
9711	8997
4940	5435
9813	9187
7899	8448
6960	6797
7272	6715
3238	3360
5919	4946
2688	3442
6812	5996
2435	1682
4671	5352
6568	6846
4586	4339
6031	6307
8478	9244
8593	8471
4215	4461
7619	7085
612	717
9248	8876
638	491
4514	4052
6594	7381
659	1163
3017	2644
2622	3428
2242	2441
9138	9787
-92	702
3105	2582
7077	7127
8417	7466
6992	6104
8678	8293
7630	8138
8200	8906
4815	4709
1326	500
6147	6605
6111	6803
3557	2686
3950	3289
9007	9320
617	1059
6532	6782
9414	9789
4050	4384
9226	9123
3880	3353
1686	1208
4986	5344
1543	1122
10430	9877
8983	9597
7897	7095
9414	9514
7312	7184
1211	1705
5361	5914
998	783
8904	8575
6347	6725
7395	7530
5001	5932
4225	4630
2618	2793
3079	3987
4356	4981
729	297
-105	737
9721	9322
5394	4612
5407	5742
4675	3957
8149	8763
8459	8971
2917	2467
6198	6440
4242	4048
2066	2683
1743	1265
4232	3478
6543	6846
6324	6558
9378	9547
8212	7222
1607	1937
5413	5122
7932	6997
6101	6303
9141	9572
3626	3679
9870	9150
10586	9689
9014	8046
1034	1135
1633	1261
5964	4972
2101	2842
10077	9977
7691	8506
7754	7457
9278	8681
8367	8495
7362	8182
2043	1117
2700	1902
2442	2547
1964	1799
7091	7769
2496	2297
1341	1651
2232	2187
5637	5106
6460	5669
5192	5995
5235	4351
4612	4914
3092	3749
2177	2436
10013	9742
10304	9817
464	687
6398	6932
5465	6433
4873	5196
8429	9041
5986	5219
9305	8860
6672	6793
635	416
2299	2149
6312	7216
6612	6334
5236	4952
2069	1670
4554	5198
6039	6604
2647	1949
3989	4454
