500	622232
7968	7268
1033	1098
3076	3803
3846	4018
920	876
2881	2103
6138	5616
6108	6221
9161	9799
8866	8968
2794	2428
529	309
6188	7010
3772	3706
4379	4044
2215	2175
6542	6127
5821	4923
6756	7605
7025	7457
8577	8021
5270	4986
5196	5172
4655	5528
8634	9049
1384	1502
9560	9793
4906	4327
2159	2748
8898	9190
6126	5887
7605	7457
10810	9919
6737	5973
2305	3063
7228	7926
1839	1714
2541	3113
6337	7323
3704	3758
3725	3442
2949	2209
2702	3354
8203	7353
5229	5862
3404	3940
1578	1254
8981	8631
1918	1972
10025	9059
4688	5554
6468	5882
8163	8784
6752	6303
2277	2713
3601	3418
8899	8004
9850	9872
5211	5429
7860	7332
1111	1301
9383	9592
2598	1858
2228	1443
7157	7077
3953	4358
7167	7319
6538	6038
8409	8795
6841	5994
2694	3555
-237	283
6404	6754
7532	7167
2728	2818
4756	3981
4964	4565
3557	3382
2795	2430
6196	5645
6815	7706
6620	6940
1495	1551
5250	5468
6165	6240
5368	4887
918	1768
2151	1340
4839	4621
9113	8642
1015	1431
1987	2669
5458	5829
6980	7375
7513	8099
10729	9920
10447	9499
3790	3284
3632	3391
8418	8491
5215	4899
2266	2006
4815	5247
5226	4510
4925	5497
8396	8687
4118	3235
9656	8661
3994	3339
9027	8541
3915	4237
1917	2374
3936	4713
8074	8149
4459	4615
157	300
1682	1618
3623	4324
3607	3877
1918	1770
4479	4190
7488	7610
9157	8637
2359	3317
9149	8275
6577	7521
1464	1336
779	900
4777	5197
4956	5578
759	285
9551	8792
6436	6195
4745	5030
7671	8286
5527	4793
3030	3591
7384	7152
6635	6656
9974	9505
6172	6433
6335	6229
6794	6658
4497	3793
7084	7332
4384	3803
8242	9167
6440	6345
2121	1614
6495	6794
81	109
9044	9996
7252	6502
5372	5305
7338	6532
1879	1940
6441	6894
6559	6639
1541	2422
724	1417
7613	8528
5584	5643
1473	1521
2200	2508
6345	7030
4660	4430
2366	3244
4681	4585
9572	9445
786	1748
8023	7046
6766	7575
6395	5697
444	226
1842	964
4906	4606
1656	2005
979	863
1839	1974
7735	6926
1708	794
6663	6867
2309	2061
6714	6036
549	227
7937	8873
6430	5753
3440	3252
-586	382
8402	8684
4123	4255
8442	7968
3864	3405
3942	4165
3798	4487
5339	5781
4494	5429
1833	2678
413	1410
5170	4683
2169	1961
6769	7183
9157	8292
726	755
8761	8012
3113	2933
4516	5441
3779	3117
6368	6767
-757	136
4016	3604
2788	2266
8892	9031
5738	5659
687	465
710	1170
8545	9399
3027	2756
9846	9192
6632	7536
1370	389
2831	3037
7848	7460
6185	5785
5160	4833
9784	9544
3043	3098
7183	8098
6518	6464
4962	5257
556	933
3144	3007
3370	2601
4166	3954
9418	8480
7395	8169
3584	2623
2103	1510
1380	1961
4423	4001
5148	5447
7939	7762
5629	6314
3611	3367
7907	8266
4574	4171
3055	3196
1946	2016
8207	8942
7945	8272
4097	4487
6870	7710
9509	8915
9811	9203
8749	9369
4371	4727
5496	5205
5857	6519
3861	4253
2729	3176
5041	5045
1211	1703
2341	1626
1098	930
-730	259
8066	8912
7188	6208
1205	710
3251	2559
9432	8622
1037	990
3018	2436
3903	3000
6854	6800
-525	267
3863	4216
6843	6299
7242	7793
6552	7080
875	40
1344	2022
3352	4280
10636	9914
10755	9860
2055	2946
8634	8888
5400	5998
4541	4072
2770	3007
4329	3940
1290	1419
7473	7948
6752	6679
6396	6349
5165	5704
4194	4094
9761	9535
8414	7477
8886	9202
4425	5105
3599	3394
4366	4349
3452	3214
2304	2230
647	740
3053	4035
9756	8784
6895	7396
8023	8971
6731	7558
8559	9321
3013	2692
4286	4532
2471	1759
3026	2530
7307	6825
3756	4371
9004	9597
9666	9862
4442	4794
4482	5186
3324	4252
2621	3516
3765	4764
9014	8204
1031	194
872	41
3552	3494
1682	2222
4660	4339
4217	4989
478	717
2767	3417
4964	5548
5987	6113
9714	8916
7061	7086
8673	8307
1979	1041
1783	881
1867	2644
4237	3869
9141	9135
1934	2017
8009	8465
9291	9412
7040	7144
4634	5024
17	124
870	1401
4177	3296
3628	4208
2292	3201
2798	2343
7435	8368
7009	6291
7978	7629
5879	5721
4707	4180
3131	3499
6893	7717
6192	5305
4737	5453
6285	6644
6812	7768
818	891
-334	304
2709	1780
5438	6373
7648	7895
7136	7906
4631	5265
4033	3512
5438	4597
8768	8642
3954	4900
-261	376
828	1168
4100	3591
7520	7875
3474	2996
4692	5233
5251	4494
1327	1182
1420	464
785	1150
2879	2364
3989	4636
305	1206
6049	5898
8109	7553
8700	9376
1360	2145
565	274
3405	3746
7204	7640
7463	7166
4156	4383
7061	7480
2198	2397
4244	4956
9227	9777
6523	6773
4578	4734
2238	2098
5449	6377
5594	5058
9111	9597
4663	4395
4867	5282
2759	2075
8369	8151
5060	4567
5485	4641
3368	3242
7775	8517
10715	9805
9580	8612
9788	9292
7744	8301
2042	1449
1627	1851
8205	8292
7303	6602
837	959
8344	8204
2775	2713
5512	5639
5524	4850
3889	3312
10417	9499
5056	4627
9646	9220
7444	6603
4035	4227
4826	4782
4398	3704
3977	3580
8424	8551
2885	2131
1746	2515
-104	222
7372	8284
-294	582
3909	4568
8375	9342
1653	1359
6050	6187
6741	7436
4723	4743
7660	7223
7490	6969
6930	7717
3349	3574
3356	2405
1676	2265
1721	1376
2193	1707
2911	3072
3460	3466
4936	4629
-235	164
7345	7543
9058	8208
3935	4749
3541	3188
812	788
4387	4409
9434	8887
1885	2207
4404	3872
7386	8081
1519	2163
3528	3118
8986	9659
8739	9045
5891	6097
7032	7458
1335	1046
2881	2671
3342	2507
6650	6545
7718	7533
1226	1809
849	864
6801	7691
3316	3492
6197	6190
8716	8151
5745	6468
4777	5318
7199	6202
8503	8881
8063	7348
3896	4270
4575	4557
807	1786
1057	655
2047	1524
8050	8073
