500	1333079
9900	9309
2100	1629
239	312
1997	1522
9664	9082
6505	6564
9146	8940
7416	7459
5903	6002
4319	4303
1613	1269
8811	8203
6222	6284
4054	4882
3702	2971
8870	8594
7497	6550
1282	316
4234	4677
1132	309
4489	4987
8985	8780
8380	9024
10515	9656
1378	2215
-540	104
1084	741
-276	572
2638	2479
2820	2019
9559	8788
6969	7750
2145	1810
2209	2065
8493	9292
1967	1982
9483	9110
3011	2782
8939	8944
6959	6536
4929	5586
1039	1955
5017	5105
2774	3143
10270	9420
1421	896
1662	2562
8963	8263
3999	4385
6899	6767
1927	2311
1814	2230
3185	2434
1362	801
10721	9960
4834	4353
3849	2943
473	921
1739	788
6460	6215
9461	9279
9875	8989
6387	5989
145	332
1885	1451
8018	7500
1233	1596
7582	6848
4808	4923
5141	4708
9117	8893
2707	3348
1260	1740
5616	6319
8912	9264
6937	6815
7341	7249
3835	4002
10147	9482
3732	4639
7607	8068
6053	5846
1105	2049
798	371
7542	7216
2321	1556
9841	9180
8151	7245
1035	733
9586	9368
5142	5571
7709	8458
6697	6476
6461	5643
7196	6284
7326	7588
2232	2572
2721	3395
3667	3330
5176	5855
2250	1321
8130	8305
3012	2836
1887	1548
3763	4184
8788	8987
10254	9438
6878	6082
1081	113
3833	3990
10086	9482
10505	9562
7214	6453
-485	404
1461	1919
7706	8030
1519	1279
3342	2608
8454	7866
4120	4483
4168	3878
2761	3213
2163	2943
7105	6834
7921	7769
6783	7425
5166	5349
6757	5894
9089	8985
1293	306
10500	9752
1606	2071
8660	8067
1849	1583
10281	9825
8837	8458
8489	7924
10289	9948
3385	3686
8508	8519
7417	8147
9997	9615
2710	2409
9868	9335
5838	6641
5190	5204
6198	6836
7738	7144
2793	1859
8575	8762
2662	1939
9155	8916
2053	3013
1449	1102
5445	5388
5166	5577
5074	5993
674	1044
4565	4056
3619	4114
-209	638
4210	4929
2692	3567
4461	4316
3028	3777
10483	9887
9600	9328
5554	6086
1354	1361
7723	8605
-686	172
2788	3543
-227	433
-94	623
6793	6462
5337	6213
1135	856
722	1113
7105	7112
2711	3321
878	723
5272	5147
6047	6093
1818	1343
9614	9792
6289	7102
8061	7799
10575	9695
8599	9369
6316	6119
1802	2427
3316	3794
7082	7918
8833	8183
259	1118
1121	1323
8309	7435
7378	6617
4044	4135
2456	2637
9777	9579
5018	5422
6660	6058
2962	2397
-550	16
1513	1553
2192	3119
3870	3991
8152	7706
1345	1930
6173	6856
1977	1601
5165	4995
8956	8577
7067	6306
4913	4062
8809	8639
2879	3303
8960	9033
4638	3865
9763	9536
7216	7532
7850	8606
10131	9468
8991	8316
559	1183
3420	3203
-609	117
1311	2120
4492	4911
2829	3724
6757	7218
10112	9254
3590	3297
9078	9573
7127	7492
4444	4630
7638	8121
6531	6424
9144	8450
1924	1287
4018	3775
4555	4297
4201	3745
3373	2860
7481	6545
10228	9441
9274	9516
1889	1065
836	940
3137	3724
2638	3291
5418	6079
6759	6501
576	605
3575	3177
1438	2353
8045	8412
5871	6670
7648	7594
8299	8523
1339	394
4318	5278
8695	8239
7173	8034
4987	4037
9403	8909
413	715
8702	8962
2324	3088
7712	7472
8849	7969
2954	3639
5410	5329
7985	7022
5978	6233
10025	9554
9743	8817
1724	1299
9068	9666
3121	2588
2879	3490
3335	3503
495	19
3301	2490
590	351
6464	7322
5270	5168
6150	5969
8332	8118
8551	7947
1327	361
3310	3361
2835	2137
5475	4532
2995	2146
5724	6270
3729	3514
6664	6779
1035	912
6048	5296
6116	5966
4226	5042
-615	102
5697	6442
7347	6715
238	1100
3524	4168
1243	1578
6417	6826
10137	9320
6123	5803
4278	4998
635	51
662	698
5456	6435
6237	5776
2167	1430
9070	8638
7796	7225
3222	3707
7065	6820
647	667
7971	8207
8856	9160
7254	7466
7356	7087
4126	4542
8863	9339
2675	2037
9036	8486
7786	6975
6079	6198
3346	4154
7914	8292
5670	5509
6720	6954
7486	7199
4040	5018
5864	6095
7740	8215
7743	7962
8467	8860
2189	2938
1519	1400
387	1141
5554	5493
8427	7651
6141	5223
10033	9081
7093	7605
6652	5824
9294	8895
338	769
6606	6859
4809	4294
8914	9640
1215	1955
5445	5385
8264	8457
10275	9613
963	1508
3193	4153
10211	9712
4185	3255
5260	4406
7641	7969
6183	5703
1158	1190
9128	9995
9809	9348
-350	391
1287	2123
855	5
3314	4141
9562	9077
7683	7640
3305	3317
6550	7301
7716	6756
4082	4562
6430	6275
9325	9412
8517	9352
7338	6931
10070	9811
9129	9171
3256	4014
1971	1253
5141	4454
5081	5043
4599	4325
9088	8852
9717	9665
4104	3142
8040	8765
3925	4884
5479	4789
2525	2532
3494	3990
9450	8543
8487	9063
5468	6084
5924	5553
5520	6387
6940	6523
1690	716
8719	9341
2893	3841
3244	2751
8629	9141
7393	6475
7453	7392
8073	7726
7800	6903
9333	9848
3911	4630
5014	4422
1848	2652
1566	2048
5839	6775
2728	2689
6507	5856
6868	6428
6150	5735
5569	5315
5333	4790
9975	9902
3176	3226
-148	145
7963	8570
10291	9682
5632	6397
3091	2568
1122	1404
8110	8815
9102	9957
9606	9031
5187	4450
2946	2975
4976	4637
10264	9367
4393	5092
1116	567
5279	5935
5065	5041
2676	2367
8973	9120
5576	4632
3024	3038
6261	6506
609	894
7256	7476
2489	2720
1437	510
2222	1703
4383	3609
10342	9500
571	1390
9330	8885
5935	6065
3716	4264
6259	5782
1556	2411
3244	3306
8016	7453
2289	1524
8117	8433
3049	2717
8271	7500
7860	8147
1522	545
4180	4306
9909	9200
6412	5803
2729	3012
9832	9769
6628	6988
6891	7551
9908	9213
9446	9297
8207	8521
9089	8338
5870	6225
8981	9920
9193	9098
7552	7386
1018	756
5033	4687
9859	9262
8623	9442
8532	8321
9986	9207
387	988
4295	3538
2707	2636
7664	7972
1023	1900
4970	4138
4465	5046
