500	1255206
723	1511
4554	4579
2192	2085
3174	2980
9442	8455
1954	1610
4304	4825
7109	6896
9683	9965
2430	2339
8789	8214
4077	3301
3216	3043
6300	5348
1911	2604
5073	5369
6713	7711
8049	8624
1094	682
431	1365
7441	7093
5551	5027
1981	1037
1233	2209
7585	8581
9820	9478
8692	7933
6433	6499
4300	4980
1877	2081
7615	8468
4674	4830
7177	6716
2418	2022
9926	9117
6473	7301
6267	5408
3718	3812
7560	8353
2907	3900
3456	4367
5120	5924
8566	9415
2925	2179
5050	5144
939	52
2939	2969
7933	8760
9966	9539
5743	6428
290	816
3681	2704
3360	3212
3563	3339
6149	6528
1525	1237
-631	269
1504	1622
3427	3260
2637	2492
4338	3854
9688	8918
194	6
1949	1045
9186	8972
877	324
2985	2274
4412	4832
4250	5214
3043	2970
1954	1083
2940	2491
8077	8093
9753	8849
5396	6331
8091	8604
8832	9584
8010	7105
1716	2341
3272	4154
2219	2710
3401	3452
5368	5924
169	981
1048	1144
1653	2587
4355	4815
6029	5039
7237	7261
4283	5036
2321	3179
1150	2147
5345	6092
5677	6157
10011	9778
5510	5629
650	1229
8709	7897
7208	6747
7776	7237
9459	8799
5156	4165
3149	2383
2048	1926
3490	2540
5067	5534
8731	7907
4244	5146
6488	6758
7575	6691
822	1156
5008	5927
840	854
7752	8676
2209	2633
3880	4282
9289	8767
8893	8093
4195	3196
9332	8855
9314	9012
9041	9635
504	219
4793	4099
8839	8432
4741	5249
1537	2222
5196	5651
6936	6631
9422	9401
1407	1615
2384	1633
8752	8625
1873	2094
1837	1665
203	425
969	1543
2691	3223
6763	6089
1918	2613
8164	7852
3866	4781
7551	7845
20	439
10408	9963
1373	1729
8582	8751
744	1025
5648	5527
8463	8082
5262	5187
4445	3613
4627	5609
2430	1503
4770	5496
8340	8584
2166	1984
5241	5779
1518	1203
8439	7837
2636	1728
2530	2711
2323	3110
4915	5069
641	1384
1327	1635
9171	8171
9520	8698
5014	5041
6587	5968
1541	651
9224	8571
3510	3573
7501	6744
1165	519
2454	2164
6930	6684
1157	296
5623	5388
9023	9036
1854	2085
2094	1619
2781	1949
5571	6211
3601	3157
8927	8753
8484	9069
3039	3519
8711	9626
9420	9061
4838	3995
7689	7087
1672	2438
4559	3660
8948	9566
36	278
2937	2831
2722	2667
3184	2900
2482	1617
5198	4525
6436	6661
4487	4881
4330	5256
3099	3045
7229	6622
5668	6611
3116	3256
9429	9935
4923	5607
3454	3365
4489	3985
6506	6290
5498	6402
7547	8005
9952	9177
8783	9168
8601	8706
6434	6259
2323	2826
4258	4272
6002	5004
4624	3778
4932	5628
103	757
6374	6574
7870	8480
7691	7602
3175	3040
5496	4651
8156	7322
5316	6260
4006	4603
5661	5824
6234	5844
9163	8487
6784	5914
5099	5135
8060	7350
8794	8834
8391	8420
7240	7643
5181	5268
4717	3881
10302	9407
3539	3896
10873	9954
-265	175
338	1049
2578	2501
6737	6585
767	49
2511	1885
4025	4772
4425	4736
1083	928
-41	606
99	521
8193	8479
7481	7689
-750	223
1227	1031
7640	7065
7229	6751
8101	7332
4	383
7607	7165
6531	5973
7494	7122
2924	3211
7616	7680
5464	5896
4176	4704
-87	93
853	715
8654	8446
1113	1990
8783	8931
4860	5250
8234	7527
9297	9450
6248	5925
7847	8232
3674	3795
1890	2441
4019	4302
8982	8711
5659	6251
5315	6032
653	1146
9510	8534
9308	8883
9196	8991
7466	7415
1128	212
461	432
4165	4439
8762	9566
8849	8508
643	1025
1669	1757
4892	4067
5653	6010
6753	7052
6574	7035
8479	8983
3489	4122
3600	2817
10300	9503
5040	5710
153	275
1921	979
7085	7320
273	1063
5254	5159
6767	6875
8351	7750
3028	2785
4584	5473
6942	7937
10309	9681
4784	3982
4758	5367
3429	4343
2370	1817
2981	3138
2541	2949
7999	7973
8253	7784
2588	2014
4699	4870
4458	3781
-196	408
2691	1927
234	756
7645	8451
7964	7922
3342	2651
1701	1781
8278	9166
6170	6011
3986	4058
6258	6110
3766	2947
36	1015
2606	2813
3460	2812
1567	875
3741	3187
3655	2678
8773	8084
6614	5675
7558	8505
10318	9722
1909	2607
5482	4762
437	78
1296	1352
292	839
4417	3931
269	926
1839	2632
5952	6116
4683	5050
10710	9930
1597	1683
2235	2093
7949	7924
6859	6713
9631	9371
3520	3732
8814	8433
2165	3160
7987	7389
6020	6633
6101	6925
5541	4936
7246	7555
6350	5456
-132	790
1041	1682
783	1199
5476	4521
9553	9439
3570	4142
4566	4895
8430	9261
972	1726
2774	1849
1204	604
7438	6999
426	1392
7583	8192
6685	6639
8301	8193
4264	4097
2006	2859
4911	5225
1609	977
9877	9121
8681	8673
5567	5234
8811	9520
3890	4571
4209	4318
9675	9724
5964	5704
7625	7058
940	1400
3683	3284
6576	6982
7014	7893
1006	1664
1811	1159
9191	9010
9103	9529
2896	2200
6948	6656
9681	8699
8005	7220
2153	1953
9374	9270
8949	8233
5511	5205
7896	6919
-110	197
7890	7170
1542	1103
9637	8981
10496	9667
3643	3992
1507	1842
3731	3805
8166	8209
6960	7956
1854	1585
5723	6455
5410	4789
-683	287
8634	8915
4325	3379
4909	5261
2403	1610
76	721
7092	7916
6345	5933
4896	4070
9449	9126
7983	8418
4090	4009
5579	4961
8804	8358
2389	2033
2916	3332
9273	9390
3582	2980
3355	3367
8673	9170
2262	3091
3210	2928
6982	7746
5324	5930
8045	8592
8037	8754
2606	2757
1814	2657
8936	9310
4009	3992
4426	4931
-145	290
1568	2416
3971	4645
2042	1489
7336	7654
4871	5137
4250	4511
8503	8100
1223	1641
1411	1537
9614	9471
3586	3849
3151	2203
6521	5589
6617	7324
9709	9185
8598	7805
2281	1676
8047	8955
104	218
7297	7830
6537	6795
8799	9753
5669	6085
9221	9698
3670	3429
7152	6569
1511	2327
2583	3094
10105	9761
6744	6434
