500	1253332
7502	8312
5943	5763
2329	2313
5836	6796
9255	9419
7265	6393
3311	4196
10379	9534
2927	3919
8023	7883
10752	9905
10273	9478
8916	9120
7707	7206
10217	9804
6659	6822
7110	8003
4035	3249
7359	6482
7521	6932
2937	3832
10044	9713
3644	4633
8995	9889
10568	9641
2700	2128
2347	3247
1325	2081
5306	5329
10216	9778
9585	8679
2771	3150
7501	7178
10272	9807
1041	1271
2794	3268
8486	7767
5118	4916
6455	6164
9177	8600
2231	1867
4345	5097
9705	9130
6768	6917
6185	6405
4356	4802
8459	7872
2022	2126
6123	5345
3704	3626
2058	1953
3188	3700
8346	9097
7892	7164
7687	8426
2066	2361
8894	9800
7579	8566
3	468
4360	3842
1286	1406
9585	9548
5155	4332
4174	3563
7201	6308
3443	3249
94	363
5600	6523
9525	9139
8432	8261
8075	8447
787	1433
3860	3298
6788	7209
3912	4718
3988	3698
7224	7814
1848	2674
9940	9334
7594	7795
10591	9663
5981	6417
6422	7256
4580	4929
9459	9925
3282	3147
627	87
4294	3916
1249	611
4767	4174
4616	3865
3351	3099
7004	6231
906	1117
9535	9850
2344	2071
6320	7052
6213	7141
631	814
4935	4125
6531	6723
10165	9619
2658	2389
4938	4585
136	562
362	443
9338	8492
939	1824
5186	5302
350	997
7784	8312
2247	2004
4511	4463
9216	9714
6348	6559
4757	4729
9423	8919
7558	7738
6395	6526
8826	9697
2959	2183
5784	6715
4293	5230
2082	1254
1131	448
8763	8622
4487	3747
4006	3809
8240	8893
6917	6650
4947	5625
4320	3654
1932	1259
378	463
3314	3026
3421	4198
7354	7115
7786	8282
8519	9350
7267	6617
5899	6252
7984	6995
4534	5075
1014	978
3932	4039
6848	6686
10756	9980
2741	3086
664	1008
4422	5358
2018	1434
4883	5478
6631	7548
3635	2741
1468	566
-735	34
8544	7887
1602	2164
5099	4592
5969	6828
4540	4776
-164	150
2954	3302
9295	9044
4808	5629
1477	1849
144	664
1116	200
49	321
317	1075
7553	7572
5188	5624
4258	3859
9066	8665
3962	4397
7520	7713
2181	3135
6715	7030
5088	4090
5654	5967
7327	8256
147	182
5731	5973
2306	2695
230	1161
2287	2489
5681	5438
5161	5389
8116	7321
3678	3543
2095	1145
4181	3382
6890	7696
7341	7274
7946	7156
4864	5164
2072	1381
6211	6389
1602	2013
3183	3624
6256	5993
7187	6920
6647	6668
6997	6728
768	868
4151	5015
7170	6553
8546	8311
1875	1260
6889	7392
3665	4426
607	892
3095	2457
7071	6788
3088	3270
9646	9335
4271	3360
411	744
10785	9873
9765	9362
555	1138
9501	9511
7664	8320
241	962
5585	4725
7950	7733
4371	5101
8039	8770
1517	818
3494	4331
249	872
4964	4934
1494	1136
3884	4747
5413	5430
4665	5445
3140	3149
5708	5849
5547	5967
8796	8498
1977	1681
-210	445
8634	9223
8776	8656
657	57
7448	7248
6479	5766
959	1037
5528	5829
1185	878
4618	4573
698	1193
2190	1269
7188	6769
6254	6387
4438	3841
8492	8361
6872	6154
5843	5999
7026	6405
2158	2002
4367	4602
6995	7052
1685	1650
3536	2864
4558	4979
2467	1691
3252	3666
6109	6977
9112	8613
5385	5422
7969	7782
1572	1177
2625	1712
5078	4760
2888	2934
9684	9149
4946	5919
5858	5959
7526	6567
2950	2907
10242	9650
2791	3388
2666	2238
3950	3923
964	363
231	476
4125	3776
5516	6479
7375	7658
6660	6447
3121	2627
1495	654
3568	4143
9037	8832
3120	3485
8757	8932
9503	9700
3283	2833
2459	2383
3847	2890
5267	6151
4015	4541
-334	582
5225	5210
1375	1399
5835	5327
10345	9695
1159	2022
860	778
8733	8049
5570	5413
855	898
3096	2196
3227	2715
7408	6874
7750	7321
8906	8185
4280	5086
8569	9247
5426	4891
4582	3731
1621	2212
8607	8816
2479	3291
744	137
3249	4015
1860	2135
8736	7743
684	458
1471	1802
5860	6519
1620	1870
7072	7142
7569	7583
3442	4244
1101	1920
2704	1982
622	68
3354	3356
2018	2101
358	150
8408	8558
5963	6381
1213	1967
3731	4009
-702	49
9867	9915
8276	7384
2286	2475
542	1391
1318	1985
7412	6892
3540	3784
4552	4472
1030	860
2896	3495
1975	1528
6734	6919
9024	8364
4191	4091
4677	4657
1591	1414
4420	4875
6261	5832
422	1133
2365	2920
2766	3618
5993	6310
9771	9841
8527	9105
5803	6734
2690	3326
2857	2195
2906	2154
9190	8346
7556	6560
-810	82
1586	2531
6110	6958
5351	5248
6297	5669
-141	695
545	553
3733	3731
2517	1597
8749	7795
1942	1661
8246	7999
3988	3097
4887	5634
5249	6090
7457	7238
8230	9161
6789	7515
2068	2848
2191	2934
9310	9492
7799	7049
7225	7996
6257	6658
1087	775
6549	6680
-465	16
5780	6290
9702	9762
46	9
9070	8643
7686	8179
5341	4589
2795	2428
8792	8751
7962	7624
774	25
4816	5338
3022	2241
6588	6989
8569	8523
5946	5179
3339	3415
4228	3313
6565	7200
9172	9411
3412	2969
3174	3734
7000	7458
4059	3570
5449	6153
3300	2495
8731	9543
8544	7602
631	1389
3101	2878
3785	3869
1714	2530
5738	5164
1206	1794
8344	9274
9502	9033
7156	6456
3270	4198
4983	5080
6006	6467
2361	2820
2238	1683
5547	5340
7303	7516
2546	3112
4308	3631
4524	5205
8655	8869
2963	2245
10407	9481
8391	7956
2040	1204
9460	9459
467	211
8593	9522
1260	2153
4506	3976
3250	3285
7573	7982
4981	4884
5856	5191
9569	9115
5727	6065
6894	7812
2537	1615
6663	6620
7289	7890
9831	9291
3628	2883
9853	8924
6361	5754
6675	6939
3218	4165
7902	7849
8552	7899
5523	5023
3268	2311
7817	7832
1999	1685
3632	3616
7846	8423
4413	4029
4989	5285
897	260
7943	7962
1018	1745
7850	7581
3317	3425
5408	6148
9391	9166
3644	4199
2223	1546
8700	9064
9648	9174
4494	4223
423	180
8695	7933
