500	627125
1594	2115
573	93
8045	9015
811	551
1081	483
3456	3782
7286	6786
7844	7510
825	1065
997	847
6677	5793
244	876
-852	109
1963	2668
7739	7007
2316	2102
1358	476
4337	3558
2540	1670
4787	4667
7862	7379
3126	3772
3877	3369
1976	2640
3576	3439
10552	9977
9144	9810
241	804
4564	4546
1654	1095
1840	2561
9072	8834
8275	7963
495	724
9221	8665
726	332
2015	1487
10435	9513
4841	5221
6658	6740
1083	317
3397	2587
7761	7735
8648	8011
2397	2874
7486	8231
1161	341
1206	1673
4385	4529
4670	5012
9726	9515
2464	2546
-89	241
4065	4765
9199	8790
4548	4608
4738	3814
8620	7941
2623	2062
8452	8925
8456	8125
6364	6681
3871	3241
9076	8228
7866	7868
4521	4289
3338	3634
3712	3689
3085	3301
8822	7875
1906	2083
3789	4628
9293	9046
5445	5024
2133	2451
3210	2242
2924	2318
-115	632
9762	8774
6406	5696
2761	2854
-509	63
1034	393
3122	2343
76	352
7759	7547
1320	876
4139	4570
5713	4801
2393	1955
589	516
8619	8440
6733	7386
7380	7783
922	514
4289	5008
4795	5359
3198	4008
6421	5856
6922	6226
10135	9680
9967	9448
9020	8606
1257	2062
2057	1441
3253	2459
4880	4162
6392	7048
718	116
2003	2181
3170	3154
3284	3340
3008	2104
3637	3992
935	1437
697	483
8813	9121
6140	5390
5759	5912
2334	3036
4298	4052
6260	6052
9741	9653
4480	4472
9302	9188
4456	4320
9301	9580
6743	6397
5594	5852
4746	5353
9451	8719
8860	8308
8931	9570
5124	4772
492	191
6862	6846
7137	6684
3047	3015
2267	1579
10090	9360
9197	8475
1509	798
7718	6919
7211	6954
2741	2913
7343	7611
9404	9863
3616	4564
9591	9089
10668	9737
8570	8109
2287	1418
9150	8424
5864	6126
7346	6851
3786	3047
3160	3216
2282	1976
7972	8923
9029	8437
5196	4387
-171	638
1698	2117
590	331
5010	4172
6761	6835
1025	626
6632	7282
6126	5802
4792	4906
1869	2294
5812	5228
5800	4820
5118	5047
7431	7097
9331	9065
5412	5420
1347	351
10639	9757
10087	9212
7257	7318
7114	7731
6180	5725
9312	9421
6511	5791
3173	3675
8258	7395
7220	7797
4979	4403
3361	3298
7757	7672
6024	6128
6265	5848
850	1164
10062	9638
6432	5512
2299	2181
529	634
8866	9529
8303	8986
9212	9058
3228	2711
6682	7654
3148	2247
1526	1712
7926	6986
402	600
9390	9358
8725	9207
3930	4430
9811	9167
7057	6696
2510	2865
8349	7533
-162	89
1163	1300
1720	1821
3257	3048
5801	5334
4676	5187
-440	422
-443	355
7345	8336
9960	9626
10326	9611
980	859
-52	793
6865	5870
3059	3644
6768	6943
9330	9616
5070	5525
8843	9620
4598	4200
1856	1669
8350	8478
7694	7910
8868	9771
3893	3770
6638	5813
9793	9409
1110	337
1160	1826
4197	4104
6556	7508
8134	8019
578	1232
4842	4146
7625	8463
7411	6884
2085	1288
2843	2133
5771	4936
8848	9627
6062	6778
6984	6133
6002	5682
8229	8585
6083	6022
2244	3153
214	476
2113	3105
8317	8507
4454	4398
6286	6681
5584	5876
9054	9323
5832	5086
9599	9633
8862	9350
5013	4583
-487	194
4048	4286
2491	1725
8724	9671
9423	8860
1682	2320
1680	860
1445	1841
8616	8804
5129	6064
1971	2078
8861	8793
4177	4287
5933	5119
2805	2817
3968	4880
8425	7746
-575	132
582	1520
8797	9612
3576	3784
1676	1837
1430	1449
4936	5730
9180	9114
8282	7283
3742	4579
1752	2017
7508	8281
3598	2667
4910	3962
1118	1609
8748	9153
8115	7524
7469	8152
7431	6471
3758	4004
9441	9528
1376	727
6144	6225
5754	5481
9979	9674
904	1260
9629	9680
9156	8677
2649	2611
6633	7151
6410	6912
10298	9865
1428	1295
1097	1093
4956	5147
6826	7485
1657	1109
4878	5562
3850	3176
7110	6625
2402	3196
281	385
8546	8699
1940	1639
4748	4760
641	917
-379	360
7079	7748
4788	5051
8372	8344
8846	9085
9108	8259
4107	4348
2221	1378
5666	6345
9567	9846
5274	5491
1950	2631
7912	8469
6224	5868
7296	7376
7163	7173
3579	3511
1601	2107
7992	7244
5174	6029
4434	5113
9903	9627
8164	8326
5537	5425
7969	8095
8071	7258
2483	2751
8988	9603
1127	830
1453	1912
2210	1336
7914	8168
1780	861
-342	438
594	884
1078	670
8394	8712
839	729
4740	4050
8823	8806
4749	4631
1065	1851
6959	7635
3163	2657
6775	6819
8329	8702
5394	4487
1796	2727
8665	8088
2188	2664
5186	4625
2551	2337
4652	4290
3141	3324
2281	2571
7764	8568
1295	2110
9088	9125
9135	9280
4674	5142
3929	3171
5811	6257
6123	6387
4073	3841
8917	8939
5376	5773
3934	3104
5544	6292
5773	5528
2259	1824
10009	9181
6010	6545
824	636
5014	5935
6139	5502
668	1178
7147	7525
7325	6656
1114	1873
3170	3875
1081	1616
1290	916
3868	3475
5856	6730
919	15
1946	1780
1331	1510
9649	8668
6657	6911
7791	6863
4515	4134
404	1384
4670	4876
9843	9302
1812	2292
3912	4415
9298	9188
8312	9046
6599	6039
2394	1411
7732	6771
4987	5454
9199	9848
7290	8016
6909	5927
3629	3778
7946	7622
5052	5952
1843	2494
5165	5458
9008	9872
6234	5991
5852	5869
3096	3071
6782	6366
9505	8797
1163	1003
295	578
6246	6295
8674	8628
7803	7552
924	147
7474	7110
4321	3703
2990	3167
4949	4968
11	819
1287	475
3980	4491
816	114
2204	1978
7280	6958
8446	7956
2354	2068
8662	8232
7719	7310
2391	2099
9441	9683
3920	4615
8131	7806
7824	7872
1381	1868
9062	8896
4483	5373
7479	7686
4710	4385
2527	2409
3132	2255
3165	2311
3706	3475
6001	6423
716	1640
3901	4096
2705	3310
7201	6579
8419	7494
4521	4325
2470	1969
5035	5904
4871	4392
1454	1961
8000	8181
7907	8574
1016	1068
7173	6311
7359	7945
