500	624173
7514	6827
4179	4527
3834	3882
4554	3956
7422	6547
2356	2980
8127	8610
7180	7431
7445	6661
8925	9350
2514	2260
5951	5019
3329	4189
7937	7647
8190	8807
9353	8873
7408	7849
2900	2677
1079	1757
-148	424
2887	2613
3618	3086
9806	9881
6133	6181
9431	8564
9647	9646
2644	2953
1739	1900
7633	8282
1102	118
3938	3167
6789	6799
548	727
5300	4864
4663	5548
7194	6555
5987	6116
1165	1929
8056	7891
2690	3290
5059	4085
5565	5202
2861	2227
5034	4513
5054	4611
3754	3996
5345	5825
-33	248
9968	9252
6666	6254
8279	8330
4268	3572
7717	8095
9523	9827
5188	5466
435	788
7356	7430
6753	6754
2685	1942
4899	3981
4288	4178
5529	4784
4388	4686
3459	3389
3904	4181
1142	1903
9480	8784
6268	5855
1198	1670
4619	5598
7712	7160
6283	7210
7678	6988
3636	4578
6248	6566
1216	784
7850	7420
2814	2598
8720	9618
2572	2743
5821	5861
6659	7309
4343	3563
2168	3138
6893	6684
451	212
6002	6681
9155	8446
4904	4616
3089	3351
5634	5355
4784	5394
4	487
5732	6526
4234	4039
3585	3440
7063	6949
4799	5613
7306	6489
6485	5622
8920	9207
2567	2980
4978	4374
5495	4816
9175	8648
5083	5165
966	1961
1991	1936
3371	3807
8028	7791
4879	4738
8229	8691
3056	2701
3560	4543
4425	4956
8879	8340
860	952
6133	5534
7572	7774
7947	6953
7996	7502
5799	6223
1488	1447
6529	7265
7187	7128
213	204
7839	7889
5884	5014
2005	2894
7980	8562
2704	2286
1020	534
4994	5866
8981	9331
5460	5980
9403	9080
7936	8077
2952	2061
2418	2738
10189	9550
455	688
5791	5039
10599	9850
7654	8323
1520	1864
7649	6890
7051	6251
1723	2680
7938	8442
2409	2536
6885	6388
2910	2624
6346	7101
1265	1409
7027	6342
6084	6093
5516	6384
4489	3751
327	1034
8941	8780
3908	4316
5700	6480
1864	2119
8420	7780
4112	3576
5674	6061
6317	6754
2866	3813
1727	2373
505	1402
7526	7357
4971	5042
267	172
1041	1330
3918	2957
5315	5871
6571	6763
-669	117
4432	3920
3501	2776
6477	5690
429	1168
7968	7647
8831	8008
6792	6129
3269	3113
10209	9499
9264	9024
6435	5937
1441	2135
2174	3101
5921	5150
6159	7033
1675	1231
3400	3621
1687	924
7949	8019
3707	3738
7978	7339
3638	3941
6870	7388
7657	7848
4972	4841
7697	7982
4325	5298
8870	8336
8245	7793
3609	3916
8096	7556
6973	7244
8903	8684
8126	8476
7661	8057
2234	2109
243	179
3094	3349
4089	3732
8964	8645
8358	8873
2714	3028
6157	6668
3312	3457
48	673
8161	8173
5783	5546
-285	278
3545	2698
9673	9642
-338	233
5921	5926
907	658
2169	2859
1563	1379
2159	2221
3962	4774
3186	2854
4572	5445
1088	1884
3913	4343
9069	8858
2208	2985
8493	9382
4561	4866
1207	2153
7299	8163
3103	3402
467	553
3740	3576
9490	9068
7485	7484
7408	6730
4413	3484
4464	4766
7702	8244
3733	3234
8575	8561
656	899
2555	1617
2568	3456
2205	2739
3733	4590
573	457
7383	6427
9046	8220
2611	2983
5599	6230
8145	7156
5434	5182
5843	5705
9115	8782
5722	5291
9320	9408
1607	1001
5230	5203
5109	4384
4425	4704
764	1043
2437	3363
1937	1680
8957	7983
674	1601
3031	2984
6044	6064
5582	5715
4014	3267
7951	8620
6026	6959
1661	1663
4548	3993
4059	4761
4238	4352
4959	5424
4632	4194
8093	7200
3725	2946
4282	3779
4920	5565
8650	9527
4043	3294
1217	730
3391	3853
8643	8595
2642	2667
-213	562
2963	3292
4216	4976
6643	7566
2308	1329
5810	5726
1050	1549
8155	7256
6846	6897
3749	3132
9158	9534
1795	1556
4946	4127
2681	2580
2840	3441
4697	4459
7608	7889
-417	194
7853	7715
3802	3493
980	946
9780	9618
3315	3835
5756	4801
5476	4677
8223	9048
3051	3989
8361	9131
9933	9594
5199	4305
9906	9403
5027	4302
6140	5355
6399	6677
4530	4680
782	1563
8229	7893
4130	4700
5337	5618
1966	1879
6287	7180
2517	1821
1233	1741
616	1517
6748	6348
7634	7927
2587	2382
4912	5199
10370	9759
7093	6253
4266	4741
6425	5761
3406	2924
7024	7335
4330	5292
5463	5220
7486	7614
2391	3348
5548	5511
1833	1958
7628	8615
9269	9745
7620	8541
3642	3266
-309	560
2080	2326
6936	7511
2026	1594
2970	2726
5851	5911
5896	5331
2803	3309
6254	6303
7792	7847
1504	1690
5654	5010
1841	2013
4067	4582
2130	1141
518	955
7869	8606
9175	9453
2282	2113
3587	3291
9093	9400
4665	4332
5923	5709
8284	8987
1787	2629
1747	1950
9011	9962
3670	4514
9687	9715
5007	4372
1853	1538
3590	2766
7395	7291
1466	605
6004	6205
4961	5070
7568	7018
8918	9040
8961	9754
5477	5380
8440	9165
539	326
5666	4980
4470	4582
8946	9325
2983	3593
5857	6336
-581	217
4281	4115
633	894
7851	8341
1218	2177
5744	5521
5736	5769
7791	7563
-276	106
9493	8748
6695	6138
7788	7800
1595	982
10919	9920
8317	8240
10085	9314
877	356
3151	2678
1942	2751
9463	9602
6752	6322
-179	766
6210	6428
5197	4743
5304	4457
2836	2952
4804	4510
-56	268
1674	1673
4527	4204
-177	33
3753	4024
10086	9299
3502	3289
640	394
533	870
-31	108
9006	9350
3092	3948
5116	4256
4943	4908
1660	1970
8126	7752
853	1794
989	1811
10242	9421
9724	9374
4865	4930
4011	4950
10609	9928
5858	5989
4595	4567
285	497
1143	1939
7011	7399
7420	7658
902	490
8179	7526
-125	13
5786	5220
7037	7047
4247	3297
8184	8082
4558	5551
7156	7674
6930	7260
3315	2476
2417	2084
1606	2301
7492	7087
7129	7172
1920	1292
5878	5667
10851	9981
1628	873
7070	6360
5944	6428
5253	5632
778	1068
8131	8660
4986	5090
-99	337
9596	9801
3791	2927
9814	9786
5269	5945
