500	1918551
8080	8121
8682	7929
1503	1436
9407	9688
3743	2991
5018	4458
8628	7889
2064	2931
5053	6047
9711	9351
5140	4790
9010	9835
5114	5056
4581	3772
6615	6873
3492	2919
927	291
5757	6010
1682	1249
8777	9255
9332	8507
331	777
2678	2122
1626	921
8129	7973
7695	8432
6076	5971
7885	7646
2421	2673
7196	6292
8598	8385
4045	4614
1184	1614
8792	9470
1081	1655
6609	7160
466	815
2689	3038
6186	6520
2859	3852
1819	1391
7842	7181
4372	3917
4859	4304
2202	1551
7172	6315
2939	2634
1272	2178
8598	9258
1200	294
9281	9925
7720	6758
9036	9720
38	14
4682	4888
4441	4187
9843	8952
9460	9668
4061	5053
4020	3022
7455	6787
660	621
7241	7151
7947	8322
1828	1674
10365	9804
8361	7990
5936	5013
5916	6193
7392	7448
12	643
1007	1040
8011	8942
6521	6731
1349	979
2397	2190
3269	3968
6154	6028
9663	9543
5433	5219
4585	5453
1347	1255
8202	7419
4794	5277
4132	3695
7550	7922
5218	5096
6990	6705
1511	1774
1548	1508
2422	1620
8004	8736
263	867
7321	7398
9254	9893
330	1269
7929	8300
6264	6152
2678	3123
3893	3384
8968	9918
4470	3694
1337	1530
1910	1374
1398	438
1514	2054
525	217
2761	2161
5813	6640
1499	1687
8619	7921
8991	9199
8027	7665
6911	6893
6647	7538
7305	7861
8393	8639
6036	5735
3904	4116
10285	9490
4162	4618
3909	4514
8171	7250
1519	715
1872	1831
5317	4675
5921	6245
9171	9606
3503	3205
7583	7946
3207	2695
-607	324
1107	1773
6745	5820
3690	2981
752	538
7734	7730
1982	1550
394	495
9646	8647
3353	3309
136	273
4917	4615
3346	3138
8000	8709
10217	9577
7895	8601
966	338
8694	8758
10208	9912
8666	8397
8181	7304
5468	5212
4976	5324
6108	6942
5837	6338
9686	9367
3777	4557
8556	7761
5568	5832
5372	5523
3668	4074
5772	5427
9121	9629
2616	2865
4891	4337
5624	5348
2644	3587
1359	1640
7150	7737
1645	1329
449	108
9945	9278
5138	5490
898	882
1489	761
10297	9481
4549	3936
9386	9819
107	112
4865	5094
8230	9178
9729	8920
9248	9796
5962	5020
1222	414
4159	3627
8439	8825
3479	3289
8686	8636
7298	8124
8900	8280
7415	8263
3383	3290
8666	8355
9224	9561
2603	2420
2971	3117
6514	6930
3462	4305
5472	5492
4672	4090
3499	3956
6986	6810
7965	7648
7585	6754
5885	5405
6216	6861
1112	464
531	872
531	15
1038	436
5359	5925
9993	9740
1871	1658
7974	8380
2475	1518
5569	5780
2494	1668
7419	6518
3135	3439
9671	8805
7245	6698
5047	4089
3088	2793
1705	1524
2666	3369
6256	5471
5682	6383
3957	4383
-47	498
6011	6138
9001	9231
3568	3437
1331	1978
299	122
5776	5816
4277	5088
5601	5961
4820	4555
8473	9355
112	754
1669	1919
587	472
7899	7849
4232	3349
2143	2473
2660	3205
905	1161
-305	570
3653	2761
3954	3642
9798	9167
5226	5860
7896	7756
-657	248
1661	1902
7651	7502
5352	4498
5593	6576
9983	9698
10063	9108
6001	5816
8176	7761
1701	1905
5561	5124
5702	5252
7348	7591
5644	5639
4262	3906
8090	7835
5736	6141
8726	9312
7607	7868
1059	2039
9870	9951
427	742
8595	9377
8147	8407
2334	2726
2790	3414
5772	4838
1342	1387
5055	4601
3784	2932
5502	5025
4281	3713
8087	7804
7748	7013
8307	7321
5168	5356
8444	8208
7533	7650
2656	1942
7002	6816
8851	8869
4735	5463
4188	3978
5159	5103
7147	6350
3278	3295
6314	5321
3115	2941
4508	5049
7860	8208
9268	8394
3795	3444
8902	8856
172	236
4877	4010
1697	789
9020	8398
4687	4675
9034	9878
6154	5780
5065	5677
7916	8849
-254	1
3968	4103
5490	5234
5673	6015
6815	7429
2769	3616
8892	9015
3661	4172
4529	4653
1795	2684
1404	1200
6639	7586
8948	9865
3089	3685
2899	2426
6223	5785
154	683
2479	2847
5410	5099
3097	2274
7777	6895
3839	4526
5847	5478
4570	5523
7546	8199
1972	2371
7459	8334
5477	5466
1191	1485
4136	4546
9112	9780
936	53
10516	9675
3132	3309
9430	9432
7224	7666
4950	5483
5313	5827
2447	2485
2216	1515
4424	4684
3050	3558
1682	2535
4525	4117
9888	9616
3117	3791
971	979
6864	7839
2103	1294
2437	2149
6855	6900
5877	6038
7802	7008
1274	2151
6464	5809
4988	5071
1732	1882
5888	4901
2875	1975
10168	9842
2518	2926
1399	839
8574	8232
2494	2987
6106	6473
8302	7434
7777	8014
7094	6697
2660	2926
7463	7026
3198	3253
6991	6912
2380	2657
6257	7143
9589	9301
5535	5635
4666	5505
5237	6092
5817	5436
8737	8448
5339	5288
8163	8690
-799	9
2730	3333
8096	8375
6473	7035
9126	8227
6047	6007
-701	165
7929	7014
3006	2427
5710	4773
3672	3657
3116	3139
7742	8293
9996	9023
9057	8479
9499	9820
705	494
10577	9724
6292	6032
9987	9182
5084	4515
7602	7683
1610	2002
7747	7185
6579	5611
4982	5463
4194	3395
4977	5225
7513	7540
6886	6975
4706	5210
3695	3022
7748	8291
1541	1587
3245	3063
2302	2215
3942	4344
2922	3028
1290	998
7909	8337
5620	4838
8383	8045
5327	6175
4829	4124
9	133
3839	2844
1508	608
3760	4756
9619	9944
3034	3964
4281	4705
3733	3401
10411	9590
7073	6215
3990	3536
4406	4637
8994	7995
7350	6878
1945	1570
2784	2807
7838	7446
8530	8006
645	1080
2416	2805
718	1074
7539	7706
-416	280
6783	6121
3775	3720
5919	6258
491	628
10258	9332
1979	1635
6915	6164
6705	6553
3098	3347
5620	4728
8253	8355
1284	1053
6601	6115
7598	6752
4616	5078
1645	1352
8541	8783
7693	7346
5676	5240
1650	692
2776	3641
378	630
9781	9326
8019	8344
8029	7806
1433	587
7631	6877
8186	7242
8312	7323
4299	3577
5464	4479
6582	6525
1643	1271
6551	7420
