500	632534
8104	8674
1666	1049
721	1150
6628	6888
6606	6494
1154	1255
7435	6871
6922	6424
5332	6065
4558	4109
-554	103
5159	5733
6150	6963
5444	5279
8088	8971
481	1478
4986	4199
746	193
1590	1727
7571	7673
-968	16
9289	8333
8058	8951
4635	4752
5551	5025
4122	4652
3337	3507
1784	1319
8080	8896
5017	5762
224	871
8641	9184
8352	9352
-177	752
8293	8675
3193	2595
-811	92
5978	6828
1152	587
7351	7674
8143	7817
2749	3708
3117	2670
436	889
5484	6232
1614	733
7941	7471
8026	7363
8254	8235
6107	5131
8285	8005
3753	2994
4912	4539
1434	1452
6408	5541
3940	3456
7988	8916
2593	3238
3480	3899
8860	9411
8604	8671
-462	444
6311	6779
1745	926
2341	3178
3790	4700
6928	7782
9300	8684
9334	9187
8508	7639
1030	1333
3647	3143
-356	641
1786	1925
10767	9798
8365	7716
2528	1588
2083	1543
8799	9149
9516	9266
-272	527
2837	3172
3800	3835
-592	315
8754	8798
3879	3480
7784	8023
4352	4251
803	1200
2272	1898
8894	9313
5738	6518
689	886
5657	6587
787	1380
5401	5264
1015	1025
7143	6884
3676	3580
6473	7102
8196	7469
6215	5668
1047	387
5446	6191
2690	3344
8362	8354
8205	8589
7186	8042
3594	2846
689	1654
2118	2213
9233	8968
6872	6811
9279	8706
3582	4366
663	64
5922	5147
8510	8520
4308	5038
840	1097
3157	3131
5804	5250
265	612
1643	1265
6447	5603
299	292
829	785
6428	5842
7134	8059
6666	7161
6527	7186
5748	5924
1533	1685
4054	4185
6271	6077
512	812
5444	5118
3312	3469
1493	1856
-245	162
2452	2366
4415	3862
8825	9187
7319	7854
9289	8563
1243	940
-175	65
3566	3330
8788	9694
7751	7552
2300	3069
2710	1786
3157	2751
3930	3484
5951	5616
6453	5558
1024	968
912	774
5001	4605
7457	6710
7852	7782
4820	5353
883	1474
4703	4852
1354	1597
2592	3428
7131	7961
10638	9982
4266	3429
8304	9138
9924	9420
6921	7835
3316	3753
5767	5657
6491	6763
6454	6442
64	57
3426	3827
1976	1069
7042	6887
1724	2722
9245	9882
5257	5358
7152	8110
866	1586
1105	1432
6120	5581
1379	1425
8886	8442
8791	8223
7586	6791
8244	9154
5242	6073
4482	4240
6305	6411
7267	7210
769	1748
2594	3143
7112	7856
-513	141
5708	5756
4069	4082
2250	1347
316	390
7374	7121
4055	4468
-460	162
184	879
2397	2471
5998	5906
9202	9624
7380	8094
1370	450
3255	2716
5392	4726
3158	2509
2949	2862
1894	2082
3931	3825
8377	7612
3062	3255
5167	5058
3301	2525
-419	264
6083	6118
6941	7114
-573	382
8462	7551
8772	8492
7185	8143
9401	9333
9928	9944
7391	6494
2347	3340
6114	5196
8145	8911
9799	9079
4788	5622
5375	6298
1033	1232
1993	2963
4244	3418
1171	281
8060	8785
8272	8009
5667	5383
2691	3406
2966	2907
9752	9816
7407	8025
2986	2611
3388	3176
9073	8390
4040	4847
5195	5306
1925	1645
7043	7837
9280	9206
5481	4583
6221	5675
2461	3170
7336	7679
2681	2068
8243	8445
1354	1406
7408	7052
8558	8721
4275	3405
8425	8523
5800	5914
9080	9043
3895	3136
2397	2695
1709	2149
8411	9267
3826	4797
6215	6185
5211	6143
2687	1746
6097	6880
8701	8242
9448	8849
6522	5935
-149	305
2298	2779
8489	9024
256	1020
5765	5163
7450	7373
7328	6787
2464	1809
1590	2132
4919	5848
7099	7859
6869	5943
5504	5261
796	1412
778	1264
8089	7429
4297	4613
8847	8443
1093	160
10376	9833
1936	2499
6768	7272
10521	9542
2999	2437
10440	9932
1327	1524
6957	6058
4852	4740
862	1467
8925	9530
3027	2779
790	828
8499	8289
9626	9334
3026	3940
4769	5589
3847	3808
3258	2626
2948	2494
6918	6040
1682	2558
1706	1159
5251	4308
6764	7196
1453	2064
3493	3236
5458	5067
9323	9000
4286	3831
2774	3396
8089	8127
4438	3763
7754	6939
9718	9626
2606	3503
4325	4433
7412	6752
9373	8833
2469	3166
1164	660
1065	682
1928	1719
7466	6835
6512	7104
3721	4273
9899	9765
8710	8301
9287	9746
7225	6706
5077	4472
5502	6490
6282	6431
1381	1988
8513	8865
3125	3748
987	662
9388	8516
5035	5291
3175	2752
7058	6810
9345	8720
4346	3731
7060	7266
6066	5455
5753	5879
7785	7940
5690	4768
8449	8175
10905	9924
2488	2989
2406	3082
8817	9209
982	128
8395	8339
6237	5788
8356	8699
5093	4242
6839	6912
8426	7879
8723	8963
5450	5607
2785	2027
3725	2818
4803	4376
5849	6251
-446	211
2705	2191
7669	7123
5532	5936
5234	4369
-123	71
8649	7901
3183	2939
8123	8106
25	284
3389	3326
-827	113
2118	1725
6141	5408
6733	6369
8154	7666
8260	9206
5438	6377
8640	8433
7220	6234
8040	7600
3288	2639
7110	7080
8963	9681
2528	3187
4569	4399
8262	7526
7829	6885
4580	4384
4105	4119
6638	5708
6800	7020
7954	7123
8802	7894
2550	2484
6279	6899
8964	9096
5810	5945
7917	8261
1024	1791
221	314
4654	4334
432	856
857	635
2914	3585
5931	6136
9489	8780
6007	6306
3656	3045
3832	3991
7095	7673
5682	4816
5547	6026
1111	1879
8950	8896
2124	2936
8226	8229
-155	540
8250	8439
8440	7517
2351	1663
104	332
2936	2754
4084	4833
8602	7945
1423	1828
7500	7077
9584	8804
8001	7279
4082	3177
1252	1812
5681	5038
2467	2202
7684	6771
4311	4046
8993	8369
1189	1830
232	290
8917	8499
400	394
8093	7918
8431	8267
6342	7024
8068	7685
7643	7868
5604	6340
2848	2469
7244	7319
7405	6496
3911	4900
5648	6435
7088	7551
3564	4368
443	1013
5872	6507
1991	2409
791	1399
6924	5943
8817	8564
9872	9657
6058	6547
3320	4242
6398	5463
6754	7002
7758	7382
3683	3053
5132	5101
9197	9899
9132	9721
6821	7586
5698	6447
4172	3832
