500	2252266
9399	9225
7263	6942
8789	9651
2266	2697
7142	7704
1559	2087
3224	3545
7878	7886
6895	7270
6323	6114
1562	2207
6863	6149
8954	9557
1634	1966
8419	9396
-6	56
1148	257
6239	5910
3784	3038
5812	5915
10526	9710
1177	257
5569	5435
4923	5579
8549	9452
6471	7228
-634	240
5108	4928
2219	2877
8555	9549
279	772
1549	806
2263	2589
3530	4370
5381	4981
3348	4255
2185	1304
8574	8930
4048	4508
2919	3523
178	27
3107	3867
9233	8248
5966	6292
2612	2452
4570	3935
3257	2748
8359	8021
5708	6188
9303	9069
7575	7042
1053	1917
3089	3477
2495	2618
830	642
5583	6184
6388	5727
6354	6524
6052	5962
2601	1754
6753	6952
5999	6881
1622	2396
8380	7916
2496	2834
8804	9072
8357	9068
3263	3877
3346	3489
5798	5788
6833	5905
1705	2035
4410	4391
2197	2145
9205	8429
9467	8660
2369	2937
7807	7156
10044	9995
2557	3210
6341	6825
2124	2123
6202	5208
7736	7691
2357	2487
8053	7783
25	70
9841	9463
4669	4272
6635	6774
2705	3163
4502	4909
7312	7132
5728	5282
3390	4057
9322	9861
6846	7305
7378	7425
3106	2888
2399	2938
3015	3360
2946	3751
4453	4431
4945	5452
3381	3121
8073	8016
3002	3246
7766	6923
3747	4626
8646	8856
1087	1888
10720	9746
2661	2958
1890	1721
2602	1702
4793	5215
2112	1204
2702	2512
4815	4068
6470	7003
2232	2879
5821	6567
7286	6577
7508	7350
9040	9439
855	983
8508	8166
5563	5113
9093	9320
3230	3379
5333	6209
2839	3835
9518	9964
6600	6080
4210	3423
4932	4995
9730	9302
6461	7170
7629	8439
688	1
7880	7039
7481	7829
506	1223
6991	7325
5331	5511
1237	1778
329	667
5072	4293
6604	6262
5645	6055
7571	6892
2049	2624
4118	5009
1672	689
4440	5291
540	559
1070	1820
8402	9050
10071	9207
9714	9836
9245	9240
8008	7719
5255	5635
6792	7426
7078	7517
8684	7816
2251	1866
6724	7598
2002	1942
2815	3784
3017	3475
3239	3354
8442	9169
2769	2940
1665	1771
5528	4678
9209	9818
10735	9906
933	453
7201	7225
7924	8485
6833	7443
3114	2142
6663	6032
10245	9335
1984	2884
9643	9964
3554	4208
5266	6017
7719	7562
2637	2787
4911	4321
7591	8034
7033	6778
595	530
424	1294
8810	9680
5160	5303
2242	1466
625	184
7218	7022
5384	4942
3219	2662
2428	2736
8311	8666
7480	7123
9536	9571
9159	9953
3522	3658
1398	1531
-488	40
6511	6622
3879	4178
3058	3611
6859	6040
2663	1759
5021	5472
23	32
8447	7690
8523	8480
2361	2115
7419	7819
6983	6335
3742	4483
7153	6300
3339	3207
4049	3158
9544	8821
5794	5643
5843	6197
7660	7100
7084	7283
9513	9486
2222	1320
7940	8782
8447	8284
-320	551
5758	6494
1803	2507
5505	5339
651	376
946	1313
2718	3239
4014	3794
8188	8104
6072	5080
627	959
5910	4952
7978	7142
2401	2202
7106	7811
3975	3016
6947	6368
8264	8854
1733	935
6867	5989
6240	6149
4404	4627
1093	1720
1243	1475
9535	9279
2720	2437
6376	6374
1069	727
6038	5680
4234	3846
8604	7892
9240	8323
15	53
9557	8742
4504	4747
2486	2631
2768	2485
3248	2535
3264	2673
2873	2037
9127	8701
2463	1533
4544	4416
6423	6660
7355	7159
6083	6758
685	1598
7562	7739
5813	6260
1572	664
4577	4324
1433	2197
2169	2996
8705	8954
2075	2679
677	1330
3933	3775
6261	6433
1560	2184
2395	3309
7054	7309
3663	3250
10323	9345
4278	5098
7348	6826
4801	5594
1674	2613
754	762
1200	1766
2216	2701
2293	3131
5971	5780
1088	778
7045	6208
2345	3145
2527	3284
1792	805
6907	7420
9618	9342
4332	4285
1660	2040
7906	8583
9233	8556
4256	5180
9095	9393
3416	2929
544	375
9599	9390
9032	8912
7238	6474
8583	9527
4427	5372
4448	4505
7739	6830
462	491
3075	2401
9076	9956
222	352
8211	8904
3875	3918
1880	2675
8713	7791
9525	8883
8014	8915
6475	6481
5973	5145
4799	4571
5387	5788
9798	8854
6955	6677
3865	3827
10536	9699
362	274
6968	7280
6131	6384
6821	5881
4521	5029
-127	135
10054	9550
9152	8416
1903	1749
4456	4058
3998	4950
5650	4853
2611	2428
1047	1779
1405	1126
1441	1947
7897	8362
4353	4026
5010	4305
3773	3995
9045	8408
441	37
6886	6558
8031	8993
6482	6512
8211	7692
796	1413
995	54
-596	335
3775	4688
6290	5436
4086	4439
4112	3911
2507	2015
9451	9306
6833	7229
7972	8042
2569	2289
954	1294
5896	6246
1764	2447
1138	2133
2873	2375
2016	1988
4677	4941
2606	2311
4962	4552
1095	1712
8999	9868
9218	8914
1873	1716
3521	4084
409	1123
8941	9469
4511	4579
-421	298
9602	8890
2563	1742
922	556
2699	2264
-292	18
5800	4864
2351	1784
8605	8572
7141	7201
3225	3723
5667	5323
4460	4098
1197	1179
2255	1879
7663	7083
8699	8807
1891	1661
9168	9056
10457	9704
1638	2435
4567	5036
5165	4701
1669	2260
6294	6525
8018	7405
1280	1191
10415	9947
1019	1003
2456	3006
6500	6386
7613	8088
8684	7700
7002	7637
633	950
7693	8407
3926	2955
3592	3304
6987	7382
1728	808
9933	9387
6724	5814
10617	9816
969	1191
7590	7118
1778	1108
7930	7634
7153	7198
4613	5358
4918	4870
348	763
5183	5086
2101	1917
6318	5491
8802	7870
6182	6630
1426	1008
10586	9958
6871	7134
8329	7814
4664	3676
8081	7660
6292	5627
5679	6115
2500	2984
3271	2974
3108	3606
2685	2846
4208	4175
3521	3312
8728	8568
6326	6638
5956	5984
9023	8116
2773	3392
9581	9594
1389	413
3365	3837
6758	7561
3064	3099
4624	5280
1031	1236
6982	7952
5724	6589
6318	5733
4848	4791
1783	954
6214	5888
791	413
1197	227
462	1107
10262	9802
7341	6398
8672	9337
6049	5765
2920	1925
7931	8151
