500	255202
3630	4526
739	677
8690	7791
9528	9008
3439	2911
3832	3341
3126	3551
10046	9179
6575	6161
1605	2170
10667	9732
5036	4488
8912	8711
5324	5615
6159	6134
8812	8619
3087	3843
8984	8300
7342	7487
6325	6765
1989	2870
3982	4830
1064	687
1732	2178
6387	6916
4694	4618
9402	9831
6745	5761
7454	8335
8043	7506
7985	7339
5041	5543
5215	5520
8851	8640
2847	2718
8912	8790
6201	6743
2284	3159
5414	5531
9453	9884
1196	1524
2431	1909
1834	2135
2402	1899
6312	7194
3427	3252
5492	4998
6354	5934
1329	1106
2104	2968
3774	4184
7549	8049
5534	5771
8293	8235
823	149
4265	3366
3455	3525
4274	4519
744	18
4850	3945
5575	6154
8255	9237
4205	3427
8703	8549
2296	1428
5695	4948
2335	1944
1054	702
5083	4851
1438	2121
9342	9828
8572	7858
-715	39
5990	5714
5732	5891
7112	7758
6115	5353
10093	9585
6901	5945
1103	406
-115	49
-243	206
5653	5922
7739	8267
627	60
2155	1278
6549	7305
6964	7263
-428	248
8296	7888
4784	4826
9294	8548
8039	7190
6285	6196
5996	6154
2961	2661
9591	9928
3904	3719
7627	7202
6680	6917
599	1353
6596	5989
6369	6949
2920	3670
2113	1292
4091	4917
1598	1683
6886	7243
3902	4266
1359	537
5372	5126
882	474
4874	4870
10925	9954
8655	8255
5605	6411
5703	5623
4639	4665
3994	4043
4609	4409
1416	2058
8794	8221
8092	8100
-330	473
5400	6091
3392	4278
4231	4436
1891	1317
379	118
3495	3015
4014	4591
6467	5486
3448	3181
4286	4084
-144	135
7924	7088
7593	8133
4562	4910
8059	7162
8600	8908
5104	4518
3495	4452
8361	7706
61	145
4740	4795
9953	9988
10040	9879
3250	3638
3496	4317
4673	5166
9885	9642
1903	1121
5868	5253
1127	1727
429	1204
8157	8023
9397	9536
9293	9739
6511	5913
4673	3936
7920	8687
2634	1925
9853	9111
10759	9907
7605	7436
2632	2643
3623	3647
3920	3452
4287	4301
7867	7262
1183	281
4844	4643
7749	7896
6356	6419
8066	7901
4295	4963
9594	9445
9132	8912
6470	5908
1834	1147
2814	3641
4176	3317
7899	8091
7524	7956
4792	5219
9140	9048
95	819
6200	7130
6785	6743
8294	8191
8666	7977
5935	5177
1820	2254
2261	2228
400	1210
5130	5035
3362	3558
2483	3457
8741	9178
9421	9166
3126	3876
5438	4882
5470	5353
2519	2979
5659	5924
1780	1453
4855	5743
7790	8605
1764	1582
7688	8662
8945	8682
9322	9544
3348	3251
8496	7521
5230	4771
5672	6075
6600	7581
-153	213
1520	2155
5286	5160
7279	7966
4522	5165
4205	4664
4180	4674
4983	4668
5460	4589
3901	4664
792	1193
3226	3740
8892	9139
3268	2550
10756	9783
6632	6243
1070	715
2139	1823
1269	1837
2943	3020
3023	3868
2421	2734
4882	5654
6627	7112
1251	946
8622	8345
6100	5140
6020	6084
4980	5278
94	682
5849	5665
2038	1373
1617	2256
9063	9604
1010	737
5444	4873
4679	4051
6182	6230
712	544
1702	2528
527	1157
7814	8640
380	1263
3063	2064
6880	7462
2427	2012
5649	5842
1162	569
4682	5523
8934	8334
1668	1598
2048	2668
2749	3681
8094	8540
4559	5131
3634	4051
7256	8145
2995	3855
2600	2692
9566	9648
4813	5384
6304	7243
1861	2009
5402	4438
10056	9628
3540	3983
6998	7020
5761	5695
-821	20
3412	2655
9216	8885
629	766
4933	4845
11	318
6227	5742
7802	7736
6714	5750
10693	9854
6506	7451
7704	7411
3864	3620
10529	9831
4234	4561
2210	2256
4197	4914
977	1869
272	824
6080	6032
6952	7745
3268	3782
6859	6738
1637	1927
3259	2670
7341	7956
860	870
8728	8985
7237	7569
9730	9882
3489	3944
2179	2967
4725	5334
9478	9883
5614	5588
6948	7074
4599	5029
193	1116
2960	2563
2963	3409
2460	1921
2903	2058
3939	4055
9005	9826
5381	4792
751	827
3225	2339
1194	883
7669	7418
8942	9440
4024	3794
5388	6361
9037	8878
5197	6022
1908	2355
6739	7115
5104	5646
6969	6207
4935	5298
4699	4345
793	575
6221	5673
3782	3526
4146	3275
4558	5078
6991	6870
2724	3675
682	652
3561	4222
6544	7420
536	860
7660	7040
6885	7601
7153	6955
2233	1482
4775	4236
3076	2617
9971	9589
1297	1672
443	604
7686	7629
8917	9406
6342	6237
1358	645
6187	6499
7244	8028
9535	9384
5111	4587
4085	4938
9334	8607
3761	3814
7363	7520
7434	7762
9498	8577
541	643
3280	3543
8157	8345
9284	9938
390	1135
3832	3684
8436	9245
9342	8594
4587	4086
6954	7124
2898	2251
1867	1230
7448	6907
648	479
6902	6017
8105	8532
8813	9745
5591	4804
1879	2593
7208	6740
4359	4576
10854	9996
2524	2600
8889	8284
2057	1531
7673	8302
7788	7833
9269	9347
3704	3498
2902	2715
9397	9152
5253	5504
570	1378
571	1071
3565	2936
8805	8638
3687	3587
380	1370
397	922
8036	8467
9235	8948
4275	4958
4726	3839
3200	3042
-462	396
2696	2999
7868	8198
4619	4186
9855	9703
2838	3147
5163	6120
7272	6780
8622	9588
7027	7873
-39	67
1837	2537
6956	7138
6339	5988
9530	8844
107	10
1354	986
10217	9831
3252	2395
2394	2265
10769	9921
9725	9068
281	826
5738	6618
7411	6562
6283	6385
8013	7958
9348	9102
8884	8128
1054	728
3144	2772
2567	2919
3778	3798
9322	9216
2581	3353
5761	5919
8936	8456
2474	3454
8700	8797
1828	1406
9716	9305
9350	8998
7625	8424
7498	8055
1389	2246
1107	1672
3416	2837
8695	8066
9526	9069
7177	7415
6575	6260
2088	1834
7226	7048
613	1426
5835	5838
7956	8425
9319	9780
1668	795
4702	5036
4819	4159
7381	6649
6141	6958
1406	2120
3160	3117
10590	9610
8856	8099
8669	7733
4005	4060
3165	2185
8685	8855
2436	2107
2157	2515
5095	4458
1963	1867
6305	5991
139	1026
2337	1644
