500	2186298
799	678
7505	6708
8707	7850
2718	1789
716	1347
5757	5675
10483	9514
8820	8889
5360	5811
441	820
10201	9351
4553	5115
3863	2909
9348	9872
-375	361
4499	5270
1896	1510
2438	2515
2830	3409
95	42
3189	2667
7043	6384
8724	7999
1535	1200
3190	3111
9714	9198
1913	1964
1647	1837
2975	3657
7166	6633
63	243
4857	5167
3834	3354
1102	214
10012	9726
1712	1959
6962	7305
658	20
3761	3403
10054	9723
2936	2647
5157	4619
478	1206
7644	6948
1977	2473
2629	1737
1375	1230
6115	7001
8194	7782
6339	6297
1014	523
5390	6253
8530	8207
3962	3620
1497	1852
6280	6653
3182	3083
1377	652
7052	7559
4651	5434
3595	2982
3937	3413
7006	7774
-492	303
3350	2999
5075	4974
7113	6305
9938	9032
4555	4054
4674	5182
7779	8009
3396	4060
4926	4084
3181	3218
5100	5215
6401	7101
8517	9228
7177	6347
2971	2215
5549	5397
2157	1835
5711	4718
2238	1677
4714	3828
4417	5061
4360	5130
7105	8034
8425	9385
2170	1217
5943	6278
7108	7513
2517	2697
8304	8021
3825	4098
9107	9597
9120	8198
6830	6945
7659	8218
4888	4642
-231	424
3798	3152
8321	7498
4832	5067
1423	2174
1402	1444
3000	3195
1381	2071
4634	4591
2140	2333
6762	5965
37	772
10197	9988
7064	7906
4999	5013
6783	5987
10765	9999
7894	8193
9191	8311
6445	5636
9078	9826
6372	5498
7934	7362
2562	2774
7399	8074
3514	2826
3622	3973
8647	8329
1800	2225
8502	9347
9792	9930
7685	7340
3869	3640
2517	2639
-651	3
7355	7357
7372	6688
-231	565
9161	9983
587	1112
7988	8242
5192	5953
5801	5148
4138	4165
-521	211
7759	8717
3690	3813
2481	1847
5242	5998
2291	2255
75	715
9819	9246
7994	7671
8373	8154
5446	4752
3769	4155
202	644
7485	7862
9778	8809
5350	4735
1121	1456
4579	3949
3917	4701
5824	6152
8009	7724
5236	5271
7137	6195
4408	4246
6996	6086
9309	9345
1920	1476
4472	4573
138	1135
4021	4406
6182	7027
6516	6433
2578	2291
1347	413
8033	8444
3337	3296
6823	5978
8338	8283
9107	8210
3465	3680
8894	9110
6895	6858
8609	8452
3705	3322
3961	3009
6516	6822
3426	4260
3221	3259
7464	7156
9021	8535
6220	5266
-275	689
2232	2220
2446	2904
2237	2037
8320	7449
4107	4482
6218	5935
5630	5490
9334	8372
5198	4509
3240	2630
8782	9711
8720	8071
3604	3250
2540	1954
5073	5351
8724	8586
4611	5372
4130	3256
3143	2481
7100	6974
1536	2510
5777	5317
7038	6277
5873	5170
6464	5769
464	276
2231	2021
767	1531
7924	8770
7626	6872
9425	9892
4854	4345
6807	6783
4615	4929
8959	8311
9030	9833
-375	511
1055	1052
939	392
2054	2418
8407	7970
3026	2244
427	247
5787	4894
732	1332
6238	6136
3252	3162
8551	8325
3552	4102
9177	9812
3810	3376
2816	2035
9015	9637
6622	6072
8539	7656
7018	6944
464	671
7801	8159
3391	4217
1059	131
-757	120
9883	9466
10255	9370
8038	7759
1908	2811
1105	140
2937	3825
7029	7459
2862	2774
1264	1418
8619	7693
8201	9013
8934	9073
2548	3514
5782	6330
9794	9076
9872	9884
8012	7621
2498	3387
2313	1491
6614	7175
6259	6654
5734	6659
8153	7312
6973	7919
1152	869
593	1335
501	643
1822	1984
10339	9460
4882	4147
8014	7643
689	791
3075	3824
615	195
6442	5748
5685	6426
5059	4071
1676	1460
8036	8127
8160	7480
8113	8377
10004	9506
2416	3031
5856	5309
1249	369
8677	7833
4725	3863
5327	5531
3833	4059
3592	2931
1609	2311
1647	712
6505	7389
996	896
206	82
4173	3571
8032	7231
6913	6570
9892	9125
5166	6078
4949	4185
7533	7256
-497	84
2411	2455
7859	7436
5399	5095
1450	545
2439	2026
5248	4490
5884	6582
4342	4061
6758	5860
6935	6195
-58	859
6170	6889
1970	2432
3418	4064
5803	6127
3423	3729
4083	4027
1599	1596
4759	4946
1935	2412
2785	3327
5863	5756
10265	9980
764	138
6452	6338
1452	1576
4493	4840
5422	5916
6962	7369
7358	7787
8086	8468
1104	802
4738	5133
4163	4439
-96	242
1425	1790
5216	4539
2427	2985
4309	4458
9423	8533
9940	9759
229	473
9181	8857
2307	2824
8791	8569
3292	2905
5639	5671
7640	7158
6170	5426
7889	8513
5053	4640
8893	9133
9177	8916
4414	5108
3113	2417
2369	1389
5010	4496
5719	6363
4860	4315
9436	8819
1923	2491
9118	9340
9739	9499
7173	7983
1640	1311
8625	8466
1663	1615
785	1293
2408	3278
1954	2931
3678	4614
5966	5597
1185	295
9116	8717
9737	9930
5844	6170
3874	4156
8272	7319
7135	6452
944	326
8218	7458
4914	4548
7923	6950
9057	8629
9796	9335
6252	5815
628	189
6556	6444
7215	7015
3525	3244
827	725
2923	3738
1391	1185
-112	637
4291	3817
9682	9675
5116	4857
8341	8217
9197	8311
1428	754
3937	3515
3192	4186
7099	6344
5165	5982
4797	4954
9445	9223
2679	1984
9197	9044
2496	3387
5095	5879
8569	9160
6234	6812
2995	3302
1857	1917
609	836
4677	4101
2329	1972
8118	7482
6833	6927
-395	523
2334	3117
7853	8230
9417	8914
817	1593
723	631
9782	8892
1648	1287
5032	4854
4672	5560
6751	7341
4607	4951
-247	639
1789	968
49	938
575	1450
6703	7040
6000	6058
536	373
5881	6342
1357	1157
2572	2440
616	806
5341	5314
1680	2329
6863	7620
5149	5166
4533	4975
6660	6709
8918	8187
2897	2039
8651	8109
141	791
5252	4965
2350	1515
2038	1050
5852	5373
3367	3981
4082	4476
7394	7671
4970	5349
6041	5897
3158	3549
2793	2513
927	37
-150	721
1243	730
-207	403
5758	5245
3641	3873
6207	6314
9796	9340
2261	2125
1966	2328
4330	4527
9584	8930
8261	7956
5311	5138
4086	5058
-203	696
5655	5078
6365	7364
