500	1904557
7150	7829
10127	9774
3439	4263
3178	4130
5636	5089
5072	4775
1711	2114
9533	9802
8064	8834
6989	7525
9279	8506
4426	4568
6011	5180
420	723
3050	3557
8657	7657
5511	4927
4564	4147
4683	4266
4516	4398
7321	7692
5995	6442
1875	1141
4282	4797
9353	9078
9278	9170
5673	6489
4067	4657
2208	1996
9629	8732
3076	3835
6702	6837
2612	2000
5297	6039
10389	9568
226	1225
10304	9306
2243	2971
1788	877
8345	7706
4436	3701
3228	3930
6426	7155
8218	8059
3061	2520
141	536
6799	7652
3488	2902
2249	1728
6262	5788
191	265
473	1350
9247	9141
4487	3496
2028	1783
2655	2551
2300	1993
1897	1971
1902	2457
8041	8665
3100	2533
7692	7701
9332	8592
2079	2043
6003	6075
7009	7553
9900	9661
4816	4895
2532	2413
9898	9487
1908	2697
2210	1502
8344	8206
3492	3999
7534	8264
6071	5805
4910	5239
9525	8733
6779	6173
1036	140
1597	2038
5791	6228
8339	9125
7597	7318
649	91
1788	2139
4716	4025
3448	3381
3100	3083
7819	8622
6399	6072
-198	302
-39	732
1393	892
7163	7118
2635	2473
1867	1243
4747	3922
6717	7167
6069	5982
2227	1293
878	680
7029	6258
8732	8049
8766	9513
8249	9128
9415	9966
7301	7098
3906	3689
2342	1643
3362	2852
10180	9701
2468	3174
923	466
5285	5436
1564	1434
2133	2352
-259	257
2911	2254
4575	4840
9551	9312
521	815
1173	1574
6723	7386
507	298
605	614
882	300
2200	1402
8934	9013
8253	7850
8782	8548
5466	4612
9312	9485
5059	5764
1465	510
8968	8161
7507	6751
5012	4878
3885	4175
3797	4771
2811	3597
9925	9336
4455	5445
8947	9113
1624	1202
6343	5694
7713	7426
517	935
9474	9310
8769	9529
-210	103
1116	1865
5021	4480
7109	6801
4687	5042
3088	2312
6170	5900
5193	5273
1411	1669
6739	5804
2446	3371
6706	6629
4079	5040
2185	2981
8861	9722
2471	3310
3938	4153
3425	2659
4205	3966
1943	2451
7111	6219
395	757
2423	1821
2236	1289
9638	9291
9917	9408
321	874
10367	9518
2295	2446
-330	188
2183	3019
128	881
2786	3577
2456	1807
4243	4876
7822	8561
7156	6182
7996	8626
9461	9381
2910	3514
8922	8141
205	1030
8292	8576
4916	5079
4485	5220
6603	6832
7318	8223
6564	7130
4032	4144
9771	9107
9209	8744
4065	3719
6353	6557
9118	8535
5111	4120
4683	4452
6910	6935
2670	2119
6549	6487
7385	7191
955	767
1549	1846
512	1131
1127	1068
2044	1837
7092	6423
9634	9168
2326	1443
7611	8129
5692	5656
8987	9663
3309	3558
2606	3164
1756	1401
7761	8492
4105	4259
6063	6338
6043	6006
6497	7140
1206	1809
1717	2695
7075	6628
8316	9191
6967	7477
1348	753
2280	2376
5554	6338
7169	8129
9285	9629
3715	4381
5479	5861
1681	2007
5345	5421
3999	4559
10908	9933
5613	6481
4614	4127
8845	7900
4959	5518
3147	4104
5596	5752
370	1045
1509	2264
3963	3823
5293	5348
4897	5609
2774	3634
1218	667
10691	9905
566	232
9311	9838
6689	7380
1404	774
4128	4900
5982	6273
7661	6732
6413	6504
3974	3577
8553	8815
7978	8110
8170	8591
9211	9424
8217	9109
9101	8257
8317	8517
4125	4730
5240	4472
1874	2280
181	477
5050	4976
9694	9088
2565	3335
6640	7622
1681	1138
4097	4173
9299	8334
8076	7367
6079	5349
6584	7126
3762	4200
4205	5180
2278	2545
3311	3166
-172	131
4853	5190
9349	9586
3975	4685
7964	7958
2641	2991
8273	8092
5484	5927
7270	6762
5143	4907
2624	2073
4260	4241
4252	4859
7356	7540
4536	4523
842	81
2286	1323
8544	8215
828	1101
1154	756
6258	6087
7677	8349
4877	5676
6361	6913
3045	4013
5779	6593
9768	9351
4064	3430
5790	5003
662	1392
7713	7661
5145	4507
4615	4417
9605	9186
5400	5737
4543	5391
9006	9705
4373	3503
4931	5222
949	1884
8186	8638
1487	2150
5655	5170
7343	7975
6209	6985
628	233
8569	8436
391	444
9547	8769
8020	7135
8788	8782
9676	9140
2648	3134
3426	3412
6444	6913
3633	2911
7953	7409
4696	3880
6990	7700
832	1440
1387	1705
5211	6196
1761	1533
1223	353
5019	5522
5131	5353
6969	7455
4062	3845
309	580
6259	5846
6176	5987
9885	9954
9443	8810
9155	8593
7357	7487
4469	4416
3548	3841
7421	6902
9809	9568
5668	5709
4293	3995
4393	4896
9029	8923
3969	4271
8653	7967
2053	1776
1284	774
8686	8678
5629	4778
1359	1113
1231	2021
6916	6659
1390	2021
7269	7934
3988	4717
-52	292
7304	6535
378	71
9895	9858
9650	8909
3474	4038
460	1133
339	465
2563	2619
8554	8963
2165	1287
910	1578
2189	2434
9318	8872
1903	2784
1533	1043
2756	2455
4099	4643
9505	9648
3773	3701
6255	7151
1153	1282
2562	1652
2070	1943
10300	9573
2838	3803
423	730
1092	616
2645	3639
8472	7865
8056	8336
770	519
7902	8887
3099	2344
8849	8844
1328	1170
5756	6491
4188	4836
3194	3144
481	1438
7394	7177
5393	4776
3541	3118
5138	5753
3268	3032
5351	4624
3097	2464
7067	7074
-55	416
5462	5527
3660	3672
2287	2725
8191	8065
8784	8928
7975	8425
6817	6199
3122	2272
7454	6489
9400	8441
2725	2104
5454	6325
8614	9026
5033	6014
8853	8551
8789	8684
9486	9435
6642	5775
5698	6340
9295	9110
8722	8162
2635	2339
3750	3016
5541	5691
8394	8078
4440	4523
7730	8666
6534	6328
67	882
8581	9207
6672	5901
1630	2152
8304	8100
6597	5992
950	1813
7268	7916
10342	9356
1721	1194
9696	9199
2935	2897
3856	4612
8939	9129
6058	6002
1748	1046
10817	9857
5477	5433
4259	5100
5313	4350
261	1223
5138	5326
8469	9030
3437	3057
7748	8281
4179	3889
6999	6309
6452	7126
7559	6803
3417	2870
6205	5282
5168	5781
4564	3572
6182	7073
2073	1551
