500	640151
4098	4048
2243	2238
5003	5516
1188	997
7287	8124
4545	4509
5790	5894
4275	3591
4718	5233
2298	1802
3068	2243
1953	2567
8077	7157
8131	8396
429	1133
6563	6027
6072	6788
2822	3006
6622	7444
2658	3368
1138	1455
8719	9124
7595	8279
4435	4105
2041	2582
4166	3760
7023	7019
1832	1702
5464	4726
802	1079
6476	7066
163	410
5408	4516
9097	8565
7627	8523
3835	4362
4164	3246
5528	6384
5296	5957
6288	6468
2700	3643
8064	8363
7647	7281
4278	3419
5623	4742
2248	1369
8378	7383
5838	6703
5796	5367
1793	2277
1335	2282
8626	8219
8364	7952
5079	5695
2892	2982
1686	2017
2517	3068
6421	5908
9574	9149
5429	5483
2044	2162
3236	2973
1670	1277
5129	5029
6578	5750
8490	9374
6119	6794
4061	4964
7585	7529
7569	7821
6023	5673
9542	9677
6003	5884
6338	6887
1339	930
4498	4675
9450	9558
6354	7063
1472	997
5661	5905
7670	7012
10275	9901
7608	7730
5468	5546
6551	6710
4616	4333
2904	2228
5867	5387
5122	5211
6987	6087
8480	8508
5727	6014
4732	4830
1924	1341
1277	1924
2061	1303
5976	5009
5348	4653
8547	9490
3928	4216
-118	518
1270	1581
6994	6884
1192	1216
-502	104
10447	9711
6282	6671
4202	3448
3482	4069
8360	8616
203	308
6859	7418
8760	8371
1875	1328
8934	9389
6034	5387
9495	8791
3509	3606
4828	4149
5704	5154
56	350
9255	8956
6933	7030
4836	4225
1574	1579
4061	3507
9004	8516
6541	6247
6042	6284
10126	9462
5470	4862
4516	4189
2870	3356
7519	6593
875	616
1204	797
2661	2470
7836	7524
-71	304
775	571
6431	6612
5604	5687
2782	2116
1904	2239
4273	4151
9151	9412
10969	9989
8343	9199
7661	7040
8509	7731
3532	3176
2432	3170
2174	1692
1272	1516
3847	3136
4386	3484
5024	4816
1443	1076
5577	5407
2583	2614
4245	4863
7300	7053
6052	6300
3204	3531
7040	7020
4471	3772
1662	2262
7235	6526
9618	8676
4880	5228
2489	1888
3785	3411
340	892
9735	9646
6848	7410
9150	9708
-64	196
7009	7791
1805	2431
3806	3960
6126	5321
8000	7527
7120	6567
10219	9637
2944	3761
4720	5178
8064	8165
492	475
7354	6422
8880	9228
6709	5722
7175	7921
9845	9673
6862	7421
793	104
2807	2794
4958	4781
2145	1382
3550	3377
9140	9421
8778	9225
7161	7883
8709	8545
4625	3648
8442	9018
7236	6590
4639	4921
4276	3346
1167	1291
4597	4009
7464	6638
2743	2301
909	793
9148	8823
6370	6852
5412	6192
7587	7384
8668	8143
4164	4913
2637	2888
6663	6819
8836	8022
9593	9378
2883	2553
2948	2090
6389	6131
-673	326
10469	9692
7563	7008
7390	8229
8652	8411
9395	9872
4542	5491
3112	2256
2520	2934
3584	3464
6124	5216
5826	5765
7343	7950
141	384
7989	7701
7250	7635
7293	7134
2790	2379
7917	8544
7317	6948
4788	5046
9874	9133
5032	4719
3057	3529
1081	1237
8595	8149
3591	3927
1024	410
3240	2443
7505	6998
2979	2714
8418	7952
6866	6284
9679	8855
1850	1564
5003	4519
2129	2079
7866	7759
1527	1743
8969	8013
4145	5067
4820	5526
4262	3311
9101	9956
3587	2841
5226	5811
3308	4114
2554	2853
2851	2122
3465	3239
-215	130
1798	2439
8895	9524
4988	4940
7807	7109
3843	3052
7752	7314
6746	7357
9989	9154
1541	1329
8127	8617
10693	9973
5119	4628
3217	3210
6131	5673
10089	9924
1843	1722
6172	5604
4098	5067
7915	6930
-226	232
9375	9213
7806	8287
-474	452
3202	2541
2710	1844
2840	3117
9351	8388
6551	7183
2996	2231
7014	7417
2125	1983
1402	506
645	239
9771	8910
9793	9284
2573	3308
886	914
7400	6741
8425	8564
5384	5665
4788	4212
8973	8887
9317	8888
10010	9548
509	405
1440	1723
1521	1620
6195	5690
2724	2198
7283	7141
1757	1897
444	1112
3419	4228
2338	1396
7429	8048
3618	3019
8960	9490
9488	9313
618	1298
5369	5944
5736	5858
2123	1350
10448	9481
896	1459
240	906
2999	3197
6862	6236
7328	8212
8489	8396
4562	3874
5661	6167
7367	7606
8731	8437
4311	5226
8523	7529
1486	2451
3862	3201
2794	3183
5142	5545
6662	6258
1557	2043
1697	730
2471	3058
8459	7748
8441	8675
6203	6599
9310	8747
612	87
1521	924
326	737
6303	6727
1032	861
7427	7648
3343	2454
-701	67
3668	2679
9300	9791
5018	4036
4269	4830
2988	3076
7675	7630
9502	8699
2854	3403
1068	1670
5860	5654
7551	7456
4558	5209
1787	2226
284	214
2641	2339
8722	9392
2052	1294
9370	9474
6903	7646
9193	8534
996	738
8207	7497
4846	4061
3846	3611
7395	6735
-27	374
10151	9831
6034	5551
1147	2130
9034	8275
4697	4546
3256	3531
9839	9660
1550	1498
2634	3622
7970	8875
5998	5353
1253	279
10644	9651
-675	167
5189	5034
9928	9847
9269	9949
8035	7296
10229	9739
3019	2583
2331	3210
839	1457
1160	931
2600	2187
8735	9602
6175	5957
5585	5804
8031	8542
2038	2470
1495	1871
8694	8086
3125	3001
2740	1927
7262	7693
4589	5279
7449	6971
3587	3885
8012	8725
7783	8001
-127	738
9569	9548
7278	7116
7679	7259
9593	9294
10237	9396
5135	5368
5941	6314
-865	14
-286	257
4456	4188
3765	4463
2205	2041
2305	2043
6744	6687
8465	8990
6939	7863
6837	7199
7315	6930
1220	1271
8386	8149
10331	9897
8512	8272
3817	4761
4546	4494
7609	8165
1823	1904
4282	3757
4772	4686
4301	4534
4564	4818
2101	2032
2148	2298
4693	4208
4711	4194
4758	5398
3468	2904
8420	8950
8500	8589
1541	707
7316	8241
2000	1351
7212	6897
2607	2965
5370	4986
3470	4048
7366	6405
2290	2974
3655	4133
5526	5421
3034	3828
8346	9169
8813	7955
6282	6750
9194	9700
6854	6230
3389	3484
8202	8685
5982	5834
226	1172
1843	1701
4957	4764
9037	9907
