500	1869561
783	1008
7840	7341
7445	7010
948	1508
8318	7531
5003	4197
1586	2250
3536	2626
428	296
3069	2995
2559	2703
5534	4833
2157	2349
6453	6387
7269	7368
8697	8484
2503	3418
4035	4481
1107	769
8995	9100
8108	8584
7437	7429
7775	7554
1697	1951
2555	1580
-226	538
5108	4910
8002	8687
1351	2064
5885	6139
6317	6410
6541	5903
8289	8441
8947	8935
4936	5581
7708	8384
1034	750
2380	1729
2073	1665
2601	2056
15	140
836	216
4510	4427
4634	3827
10183	9262
5163	4477
2611	3503
2319	2273
8955	9816
2868	3669
6312	6628
10483	9997
3506	2733
7792	8268
3978	3043
10593	9783
1427	1146
8012	7247
699	697
2976	2632
9551	9438
2411	1917
5532	5290
6011	6628
10066	9321
7237	6466
6078	5594
4769	4980
5971	5416
5619	5813
10228	9416
6868	6468
9958	9972
428	508
6409	5866
5885	6562
2048	1158
7498	8271
7984	8104
2090	2706
3172	3194
2507	2960
6307	6534
2789	3165
506	506
8510	8346
10023	9327
55	633
8006	7882
1354	1496
4229	4755
8376	8429
6290	6858
7421	8392
8130	9054
2655	2175
4185	3278
12	521
2235	2207
8876	7901
3549	2883
1514	951
8861	7884
5366	5443
6712	5957
6997	7988
2253	3241
8070	7416
7144	6503
3481	3142
5087	5672
6529	6960
1945	1980
8484	7705
245	280
1385	1646
5270	4345
2108	3087
2198	2023
4357	3667
7657	7932
7558	8176
838	624
5971	5681
6737	7209
2560	2782
5640	5541
9846	9105
8480	8464
6708	6345
8252	9037
5363	5616
9069	9251
3962	4501
7298	7586
3361	3056
5788	4873
1805	2666
7444	7385
7557	7423
5139	4350
4305	3811
10196	9569
7183	7554
4400	4196
1549	1999
8500	8435
5009	5255
7313	6772
5409	6054
8702	8870
1986	1817
9663	8768
7756	7107
9174	8544
1825	2720
5251	5139
6063	6238
702	1312
9173	8181
5097	6020
6349	6243
2769	3473
1086	116
2937	2256
8602	8115
2499	2473
6126	6408
6549	7479
8803	8110
5688	5596
2476	2943
9918	9637
9668	9541
2671	2497
8795	9422
7819	7470
1745	1792
5067	4785
4886	4277
6101	5396
5318	4856
1120	713
2850	3022
5668	5087
3311	3149
7821	6827
5108	5050
272	21
9262	8851
990	321
2213	2766
8848	9140
1006	513
8604	9135
8298	9144
8285	9077
3306	4004
3370	3043
1742	1253
4473	4145
5140	4565
6660	7155
2386	1402
6016	6819
5211	5407
7907	8615
8279	7700
8837	8340
1288	1876
7622	7205
8715	8860
4155	4912
9084	9830
5996	5483
8776	9414
4288	4467
2591	2756
3079	3318
2443	2124
1121	883
8574	8720
4457	4704
4622	5261
1160	706
10327	9469
2171	1662
9951	9052
823	1669
3197	2277
1336	732
3038	3609
1259	1614
6580	5652
10115	9355
6736	7558
3763	4407
2832	3175
1633	1443
10656	9657
7929	8878
1579	1981
3124	2190
1073	1366
4216	4732
8541	8205
5122	4226
5952	5936
2799	2919
3834	3313
1499	2289
7210	7555
9807	9841
3257	2267
4555	5335
2184	1729
8498	7783
1399	1020
5767	5208
7359	6754
2121	2866
8347	7971
7956	8723
7860	7015
4753	4830
707	1471
2362	2204
4705	4298
1199	1887
277	1224
7318	6991
3649	4129
1267	582
9249	9738
864	353
1444	2429
5676	4966
1868	2844
4330	4607
2534	2276
9696	9458
1881	2237
7331	7206
4193	3836
5368	6315
3707	3788
1943	1521
1603	1532
8970	9305
8746	8414
2657	3348
6016	5369
7701	6777
4117	4747
5101	5367
9557	9063
3876	2912
4511	4209
5311	5241
4500	4610
2709	2978
7274	7837
3712	3400
6450	6172
308	63
8140	7904
7243	6772
4858	4802
1549	1326
6537	6918
9652	8774
9529	9211
7864	8598
8990	9776
10135	9399
725	1112
1090	1446
3676	2719
5817	5504
7541	6938
1896	1737
2220	2821
470	1403
944	619
4074	4004
2835	2174
-85	22
4069	3335
2997	3569
1726	1044
8372	8718
7535	7352
3420	3885
8653	8425
8586	9335
1111	415
2138	1550
7998	7078
9597	9058
7073	6371
1327	2071
10847	9900
5043	4280
5457	6162
6098	5650
9943	9089
1680	1962
3012	2225
3787	2986
4290	3485
10203	9528
9188	9598
7211	7593
7359	7808
716	501
7200	6511
3491	2674
6903	6291
2416	3358
3036	3520
2592	3365
723	47
5245	5533
8127	7293
1818	1798
4649	4999
10051	9974
1136	1014
10355	9609
4895	5186
3537	2592
-84	605
6829	7792
1818	2014
4534	5311
5741	4893
687	385
3529	4214
6779	7619
2552	3280
1616	2007
4017	3266
3499	4176
1542	802
5212	4795
1321	386
978	28
8162	7881
3172	2789
6504	5542
4296	4097
751	596
9415	9883
-68	127
8739	9395
3366	2535
6889	6265
5244	5084
7724	7865
10350	9903
9760	8797
36	279
349	571
7644	8386
6185	5217
2983	2877
891	58
6623	6466
5001	4679
8710	8837
1825	2284
6254	6601
7371	7863
5762	6577
3736	3923
3730	3955
5838	5446
6775	7722
6603	6717
2920	3563
3097	2436
1283	417
946	1708
9208	8316
5382	5658
7169	7647
8034	7310
2308	2639
1604	1747
2721	2251
5403	4510
8125	9014
8198	8503
7953	8476
8053	8822
5770	6014
8319	7506
2335	3261
4252	5223
2014	1382
9588	8938
5668	5600
9606	8783
7414	7160
8293	7910
8834	9418
2449	3263
2298	2520
4363	5248
3791	4554
1391	2188
2585	2813
2714	2105
1810	2707
3483	3079
8633	9126
8086	7312
965	1485
4560	3902
3196	3834
888	84
7683	7317
4	505
5146	4506
1556	789
8926	8807
8547	8281
5593	4758
1685	1683
1467	648
1746	2412
6946	7672
4217	4189
4501	5464
3730	4254
773	824
7542	7777
7658	6894
5134	6084
4664	3914
4233	3420
7989	8620
9430	9207
9615	9076
7505	7081
9663	9263
2318	1529
245	970
8036	8771
7545	8334
322	437
8757	9135
775	324
7237	7072
4583	3711
4565	5182
3566	3168
1660	1143
7845	7601
10134	9382
