500	118040
935	649
985	441
615	570
218	319
813	48
333	545
489	506
241	745
120	538
976	265
190	253
143	639
515	850
643	987
368	459
663	821
223	911
173	472
536	290
192	26
565	798
67	318
777	541
205	395
358	389
911	375
533	826
462	368
240	325
574	244
508	787
740	604
834	709
232	100
553	496
417	798
265	17
22	499
803	537
795	588
499	279
787	928
572	463
573	644
72	409
529	234
579	737
529	21
474	302
562	181
902	971
795	81
517	834
780	599
426	67
189	201
329	158
767	712
730	499
598	757
416	393
171	557
11	20
356	376
959	134
152	455
55	262
383	384
302	143
597	362
359	805
18	841
791	3
751	334
760	757
338	354
278	327
810	409
733	477
281	363
341	399
703	80
351	508
152	586
210	17
15	27
424	416
81	535
519	286
987	58
940	957
708	476
41	295
373	666
168	576
172	229
708	858
573	936
361	471
775	557
196	616
577	231
127	141
974	181
793	722
731	408
309	950
255	809
601	335
385	683
272	228
461	19
859	612
46	502
20	978
774	858
290	832
525	635
572	969
124	726
471	479
573	565
617	376
980	485
395	347
286	146
610	75
170	479
896	717
247	770
32	325
616	702
820	903
808	289
329	748
195	783
201	230
770	104
151	49
974	497
669	30
31	635
406	671
74	377
197	554
578	137
486	961
762	104
381	195
744	224
816	177
602	199
734	41
662	700
617	623
811	76
587	306
771	654
506	184
761	190
84	891
882	38
668	638
33	737
331	679
570	752
991	173
771	33
146	968
114	422
275	577
827	631
629	776
797	423
619	626
208	674
942	224
9	113
881	652
644	945
422	263
512	651
198	121
560	684
277	182
300	28
360	19
69	596
193	577
725	962
19	442
100	176
576	664
462	215
439	28
966	845
205	735
599	158
334	986
389	459
523	999
270	832
97	699
673	45
998	749
958	406
144	377
462	247
353	997
605	485
933	543
267	441
144	807
259	323
132	281
905	978
356	242
935	356
47	285
379	358
608	730
534	919
437	725
656	543
877	894
567	427
12	628
946	854
342	288
634	432
85	156
152	196
636	52
12	682
272	194
261	893
138	817
543	386
519	653
160	129
534	730
500	829
828	318
982	2
963	807
197	206
851	589
29	787
651	832
309	552
138	755
39	426
290	688
219	150
590	755
829	675
872	755
820	7
949	955
471	846
497	551
822	131
962	912
69	300
870	526
113	723
533	174
140	53
688	666
536	500
631	587
940	956
753	598
445	843
603	496
242	411
847	542
924	291
14	402
759	986
952	492
148	684
44	198
710	305
799	232
754	337
959	77
634	193
959	925
346	557
751	465
306	519
684	566
938	222
604	680
407	257
698	285
977	219
251	636
16	399
985	697
789	166
558	21
471	474
497	16
188	287
515	435
678	40
541	107
377	473
315	540
705	941
777	202
605	739
461	729
152	288
573	104
193	119
283	434
279	351
423	55
523	485
437	658
15	906
832	772
281	274
428	181
156	470
297	597
825	389
640	129
647	532
837	43
165	696
721	192
619	349
439	954
321	374
665	570
339	210
865	888
770	363
695	412
397	329
537	742
744	812
803	881
495	966
662	296
678	442
251	430
978	277
379	496
307	317
736	369
361	329
867	246
810	258
6	264
64	614
73	342
719	853
872	640
237	524
310	528
579	618
434	262
327	518
876	116
78	726
616	207
258	534
346	568
674	407
891	576
654	675
420	288
582	180
400	313
571	309
814	546
264	578
653	61
9	981
722	50
348	835
28	817
150	132
291	87
643	867
317	421
379	993
923	722
274	758
591	328
716	54
161	216
154	319
824	389
586	85
154	284
207	469
411	22
210	274
202	506
319	567
96	283
976	754
754	234
592	377
876	72
436	808
915	386
63	741
386	32
394	671
805	758
955	712
54	868
57	54
184	374
189	223
274	603
544	840
635	429
433	13
440	272
611	538
495	212
402	586
248	181
834	351
923	522
650	804
395	301
805	398
932	717
563	681
163	56
770	372
486	656
501	690
900	469
970	401
735	933
733	703
789	252
844	784
611	134
366	763
674	642
853	730
547	917
961	285
467	841
875	907
435	693
127	568
91	208
512	913
343	322
657	474
52	217
434	835
184	476
514	455
428	300
171	992
294	130
522	343
43	100
176	612
64	249
687	209
410	84
184	733
19	484
643	37
220	777
308	125
334	211
335	363
115	884
756	409
615	581
481	499
344	788
496	590
159	525
262	77
648	132
585	5
614	173
110	108
273	728
367	602
16	921
212	784
435	367
176	666
