500	61716
16	230
627	997
93	120
247	84
25	431
863	830
692	605
37	526
382	541
737	900
592	138
421	898
912	843
741	393
84	878
68	507
102	233
674	671
457	583
343	919
838	302
112	456
595	670
874	102
423	879
138	246
452	80
409	193
567	815
433	166
28	523
742	142
409	745
159	473
118	232
768	40
696	331
358	593
907	701
888	84
647	912
432	650
422	927
7	421
521	749
107	311
682	127
780	99
449	679
875	35
131	104
654	111
316	747
346	521
645	545
58	400
953	987
957	849
659	503
467	490
261	406
328	553
325	293
535	71
350	901
381	230
331	620
573	668
754	877
476	535
184	673
978	502
309	545
872	943
791	636
399	62
8	124
625	406
400	937
409	369
977	203
921	694
476	952
178	721
239	267
770	5
355	332
155	823
738	802
120	958
130	140
677	787
64	282
995	20
885	92
147	701
866	344
390	384
742	388
772	845
543	39
515	580
56	975
712	624
988	524
996	922
869	82
853	922
541	813
327	936
385	345
596	196
532	424
652	235
190	882
680	208
283	627
962	438
87	535
145	107
976	80
400	310
257	252
216	730
40	30
278	808
843	903
835	314
466	41
11	866
205	435
243	135
785	13
419	325
378	764
846	597
790	294
463	362
902	871
916	125
900	325
368	646
822	958
672	645
670	685
11	954
572	164
749	686
121	514
603	146
608	988
589	471
842	193
535	300
619	101
807	174
492	944
351	6
711	787
599	313
648	9
649	866
133	142
731	267
228	762
733	134
535	790
841	176
739	793
164	681
697	193
945	875
68	898
537	550
581	463
448	418
565	690
142	182
836	184
769	324
615	691
185	465
222	311
601	926
123	977
683	581
973	668
556	275
70	271
643	269
197	348
53	142
912	320
40	944
48	641
795	995
851	651
636	948
34	403
458	48
516	137
472	205
763	693
13	99
603	4
755	954
296	973
926	61
607	696
562	813
192	818
99	799
529	709
512	466
700	537
96	671
400	125
92	59
99	273
193	952
212	964
658	173
229	634
935	265
228	49
876	558
28	532
60	386
592	737
983	844
952	982
983	954
260	844
729	196
625	108
723	567
82	351
220	259
312	181
23	127
207	482
402	991
625	842
147	929
78	402
990	652
877	90
197	940
611	807
6	543
951	245
663	112
145	145
764	326
205	177
473	541
32	160
640	246
988	666
438	764
613	666
14	227
270	805
563	359
650	101
359	641
880	497
480	619
805	387
563	217
150	267
399	914
972	614
315	16
378	565
244	856
278	965
290	356
367	281
274	683
729	680
348	611
646	943
422	594
32	618
912	5
182	304
707	500
776	446
84	300
666	436
621	174
661	991
361	659
68	100
886	947
454	504
466	37
343	832
904	735
938	893
21	884
236	502
587	73
270	668
869	247
302	796
468	52
70	344
435	668
39	517
464	670
351	623
959	870
336	118
677	855
889	22
645	375
31	142
44	812
389	745
123	648
745	859
3	344
979	541
819	965
457	708
596	921
917	363
654	694
298	916
37	471
885	155
611	181
599	837
339	90
924	535
716	781
127	171
323	154
382	809
341	102
299	476
466	459
392	475
156	141
751	343
543	491
887	1000
679	372
587	160
801	526
819	322
458	768
301	336
252	509
57	288
705	980
789	94
35	73
176	481
48	375
482	781
94	208
881	308
493	891
610	569
889	548
573	118
317	739
895	799
924	392
757	972
165	623
581	342
461	763
816	6
703	459
920	122
189	723
881	248
253	343
919	725
370	101
491	572
791	657
213	266
986	466
125	869
207	799
39	888
810	324
725	519
307	228
406	102
600	35
248	478
652	358
398	491
974	320
301	875
799	466
903	381
903	665
835	450
522	238
801	747
788	155
941	962
5	214
515	898
898	282
426	261
194	958
914	172
563	840
78	938
527	858
600	22
620	365
821	593
307	997
789	214
364	872
83	787
1000	878
109	888
412	625
53	192
256	441
218	277
327	14
163	300
749	837
968	313
263	320
895	783
62	629
614	574
419	27
364	972
411	276
330	150
767	298
181	528
679	722
301	127
417	884
143	971
850	917
906	288
246	716
785	104
25	59
52	557
5	56
344	738
60	457
948	183
863	792
478	241
565	961
163	940
674	581
769	231
877	925
573	395
411	110
713	154
431	410
728	440
101	306
227	17
238	444
357	121
606	707
101	156
687	447
268	724
52	527
920	24
484	667
553	791
10	840
299	39
456	361
876	683
734	5
180	379
555	566
27	962
744	22
578	459
525	93
21	538
727	191
35	725
793	843
175	237
391	995
