500	193675
191	301
932	952
691	46
197	902
712	751
320	11
713	739
119	582
424	897
328	581
697	974
230	240
715	989
300	476
175	594
286	958
991	175
669	983
650	53
814	144
109	930
310	899
905	640
613	697
728	124
561	606
334	861
306	116
540	798
868	393
161	71
56	611
974	856
764	641
184	692
435	799
170	547
124	463
203	558
462	274
296	633
134	583
895	214
537	133
554	218
118	912
787	38
560	63
805	541
13	486
402	539
8	714
685	927
264	315
105	572
563	754
259	310
971	122
831	433
912	838
671	818
292	99
351	503
637	782
871	685
992	623
547	893
907	984
282	197
642	764
988	576
556	903
624	771
801	779
613	576
237	661
293	990
284	401
90	922
418	626
475	409
383	292
871	701
519	425
922	936
478	358
955	833
498	572
449	300
348	825
496	273
727	883
994	135
64	971
433	771
208	11
488	657
492	836
311	1
154	119
38	95
249	206
584	714
871	943
1000	799
447	703
578	478
410	676
574	129
452	927
156	718
222	9
804	158
547	566
387	343
648	820
855	398
215	102
814	60
603	336
984	217
279	450
786	517
56	737
375	216
934	896
887	853
181	231
835	233
719	942
463	683
431	703
718	733
506	844
103	287
438	53
591	530
516	474
385	959
480	343
715	333
117	971
667	636
196	686
720	299
979	853
137	453
168	98
582	767
272	575
157	322
177	371
851	628
819	657
10	852
479	853
365	285
624	45
998	578
326	695
96	190
734	515
426	618
171	417
353	21
450	642
220	610
44	202
144	904
323	449
965	257
153	696
157	695
706	991
415	656
331	471
440	814
655	38
754	5
418	74
749	259
330	72
336	15
488	519
564	645
84	993
126	525
226	265
936	483
606	727
511	47
772	102
280	274
745	417
381	61
430	263
494	406
406	583
889	360
64	586
440	562
930	417
238	456
262	365
255	244
455	140
484	238
591	683
768	941
417	980
719	38
3	187
861	197
271	762
220	869
578	250
413	960
90	758
277	413
570	592
520	646
151	906
896	594
612	760
411	461
20	817
588	788
603	106
277	735
583	841
347	294
493	697
170	86
192	401
851	139
77	286
642	254
714	773
718	701
977	389
951	286
781	89
307	781
71	687
105	598
38	481
16	800
968	974
233	803
160	653
959	171
782	296
1	11
920	55
809	351
195	469
713	857
709	633
197	838
354	398
204	813
528	663
547	493
742	492
937	350
349	1
744	957
916	503
379	324
254	20
537	505
646	555
685	25
289	983
78	534
645	214
584	997
236	349
85	487
871	554
11	825
834	930
601	515
905	14
397	737
344	674
770	262
788	420
314	529
107	481
582	459
732	387
618	480
961	497
610	201
853	687
947	354
208	842
696	379
114	156
413	267
674	335
718	861
244	413
880	866
44	785
374	693
648	109
948	165
377	122
682	689
671	948
916	464
227	549
430	468
206	338
857	594
358	201
569	219
368	863
183	270
603	892
546	265
777	139
445	114
416	931
932	894
349	344
150	214
398	480
890	783
566	15
881	295
685	119
1	453
850	138
89	727
57	732
945	295
335	354
566	913
362	33
335	74
141	641
78	440
151	938
69	944
637	433
208	276
711	198
838	330
325	428
113	480
688	970
703	519
312	840
660	889
220	64
123	847
248	102
342	495
142	746
563	703
955	518
278	357
466	262
679	840
851	620
190	296
235	279
321	76
698	333
75	148
289	844
509	837
400	799
105	595
121	202
59	651
249	48
731	662
801	619
126	376
589	579
664	597
126	489
673	330
674	727
765	905
313	305
421	50
659	629
661	56
663	71
697	7
275	596
688	324
171	745
475	353
131	992
136	228
921	795
985	999
683	664
393	314
254	498
120	289
182	481
269	544
197	188
412	809
137	980
664	511
64	973
432	485
661	512
15	586
343	127
681	249
212	778
513	313
181	309
828	926
643	745
165	155
16	716
955	536
881	928
840	644
806	99
416	42
602	840
533	650
705	564
789	977
137	778
384	891
988	566
274	992
644	175
636	504
881	334
795	733
878	483
283	725
415	44
769	913
221	599
921	100
706	640
498	662
827	450
40	178
35	479
583	652
619	18
179	599
845	937
845	289
455	951
326	743
145	274
36	283
209	845
989	775
620	914
440	962
77	26
574	940
539	275
337	112
421	35
636	615
946	156
571	478
35	745
741	85
882	706
322	739
893	816
77	239
288	881
561	849
247	901
144	172
144	676
415	177
324	362
871	460
948	701
259	840
344	515
467	532
193	360
1	865
850	842
490	542
2	420
26	987
256	780
