500	1229856
8467	8680
5165	5135
6532	6097
680	758
8644	9384
470	541
6385	6797
8913	9849
954	214
1296	1704
6025	5625
-322	285
9293	8963
8548	9388
2267	2335
8308	8852
6436	7371
8537	8161
221	989
2969	2627
4805	3861
2070	1846
299	250
9303	8601
3688	4514
1853	855
8541	8615
7126	7630
6255	7255
7805	7735
5256	5853
7558	8545
6806	7316
6674	6812
367	1057
2810	2824
5907	6198
4485	4120
2326	3202
6360	5484
2158	2606
9482	8745
2083	1676
2466	2141
1081	407
7566	8066
2001	2371
5734	6124
7471	8169
5546	5586
3494	3111
3389	4075
9612	8716
6637	7312
3351	3606
2582	2451
5501	5487
5747	4849
7905	8241
8221	8902
8106	8078
-317	61
264	1072
9480	9793
8451	9003
9220	9985
2351	2976
7649	7247
2635	3109
1429	1188
6288	5483
3656	4528
63	845
3937	3216
5305	4606
3520	4071
2248	3149
3699	4398
739	1645
9653	9459
1922	2252
8338	9203
4020	4243
72	547
7445	7909
9813	9560
3509	3560
3855	4315
2204	2541
3372	3659
3674	3833
8650	8407
145	159
9412	8913
8611	7929
360	902
4229	5013
5576	5071
3290	2300
6920	6209
2138	2639
6882	7141
329	682
1568	1024
5243	5564
3705	3333
2309	2348
927	313
2618	3446
795	1695
5271	5787
2251	2477
-290	546
5314	4731
6020	5294
4466	5149
8130	8889
16	6
7609	6770
9851	9977
682	696
2064	1557
4982	5318
5281	4812
4834	5529
8663	7894
743	559
5059	4181
3988	3890
7969	8765
6077	5447
6767	7394
3443	3852
2742	3494
1244	2228
5231	5837
903	1573
2306	1969
2611	1908
3808	4624
7359	7249
9166	8561
4492	3492
6711	7573
6739	7470
6475	5529
3861	3414
2149	1562
6603	5654
7716	8355
4339	4911
6651	6907
6413	6224
8000	8960
9658	9796
4817	4054
553	847
4277	3472
8224	8196
2415	1484
1782	1584
5885	5759
9206	9502
3241	2816
3721	4193
3473	3037
6860	7496
1492	2290
1176	1795
1569	2116
7837	7521
9491	8710
2746	3102
7229	8075
5816	5156
1397	2019
5520	5433
3004	2557
9625	8722
1402	466
7856	8588
6758	5778
4514	4934
5126	5018
3712	4155
3026	3470
1529	1530
4796	4213
5030	5084
213	276
8596	8105
9740	9943
8518	7945
4863	4369
3484	3086
281	217
1740	815
6872	7123
1625	2378
10006	9245
2987	2068
1480	1504
8708	9640
7205	8140
2391	1717
8320	8008
3688	2941
5330	5784
445	826
4069	3275
2061	2042
8300	8093
2683	1763
9623	9438
6244	6849
8168	9103
2867	2063
4559	5223
6337	5835
10916	9923
2807	3593
3014	3732
2256	1268
7889	7748
9742	9956
1241	549
403	880
6804	6155
7467	7664
5102	5122
1441	1786
4458	3510
3416	2688
9489	9154
4421	4813
8273	9270
4181	4225
6325	6667
7021	6598
1772	1923
5980	6745
1594	1798
1651	1389
6979	6648
4607	4602
4247	4043
419	1194
1939	2173
8663	9536
1138	967
4945	5281
5534	5098
3966	4446
8035	7152
6689	7466
4405	3448
8421	9316
2873	3733
10422	9424
5181	4750
8169	7173
3201	4016
9806	9193
829	1211
6523	6434
3158	3642
1695	2471
2294	2838
2933	2487
7376	6800
3186	3379
6053	6886
6647	5959
3098	3423
9555	9635
349	850
6826	5905
8385	9289
1752	2306
5837	6062
3440	3932
1585	1599
4975	5038
4130	3218
5139	4322
5147	5172
9175	9236
4220	4696
6602	5958
487	956
672	827
8631	8029
1839	2333
7572	7575
9502	9690
9380	9027
1232	1498
7218	8080
3181	2838
6073	5568
1274	2086
8429	8329
5050	4306
8968	8862
6601	7587
7678	7582
7122	8042
4766	5448
-67	714
8838	9361
7582	7340
7013	7545
3927	3089
1542	748
3661	3556
4000	3809
10349	9681
8045	8018
-206	173
2413	2140
10740	9809
1666	1593
6101	5250
1015	1788
2922	2581
3587	4415
9067	9417
549	103
1863	950
646	804
4432	5272
2819	2977
5989	5946
2804	3006
6934	7047
5920	5278
4902	5536
3909	4121
5158	5047
10140	9580
6789	7266
1936	1231
2807	1847
3635	2980
2752	2722
2831	2376
8212	8703
5972	6427
923	922
9455	8922
609	850
5714	5514
958	108
2129	1619
8371	9224
5604	5921
6548	6948
2998	2548
426	819
8886	8325
5619	5971
4970	4317
8400	7450
5545	6430
7612	7445
6372	6308
9197	8439
623	1172
9627	9124
4526	4698
2548	3463
4981	5900
3799	3485
7034	6812
4847	3948
9565	9706
7671	6865
1287	1089
3718	4256
4104	3662
9619	10000
7164	7011
8831	8496
5461	4867
4928	5683
5409	4909
1904	1871
9265	9123
7319	8175
1082	87
7437	8417
5671	5952
5150	5600
4551	3984
10305	9708
8132	8524
4932	4030
2773	2713
1748	1009
3553	3674
1437	1984
7530	7100
8807	9176
5389	4760
6396	6627
7141	6746
9769	8989
7023	7550
7250	8217
4737	3956
3264	4236
2698	3184
110	98
3753	3327
1156	1053
5712	6112
2532	1550
5405	4993
6956	7441
4538	5291
1252	1917
4371	5009
111	819
9056	9989
5083	4971
4341	3486
7024	7129
4539	4078
4733	5168
4024	3980
6313	6270
10635	9756
7356	7934
3752	4328
6627	5795
3802	4383
1358	724
4244	4177
2388	1609
3371	2914
4883	4597
6362	6095
1895	992
9662	9282
3306	4109
9532	9757
3733	4041
4092	4222
3737	3729
5203	6042
6261	6408
5324	5457
7325	7893
2776	2965
9759	8998
1876	2544
1579	1524
772	306
2700	1746
5197	5600
6975	6807
6330	6105
3236	3380
5631	5064
4953	5230
2901	2028
2376	1473
7422	7136
4365	3663
7973	8775
1472	2365
9680	8710
554	24
8603	8701
9966	9746
3853	4274
6409	6205
5689	4922
4100	3566
1379	1087
8658	8803
8829	8737
5024	4961
1466	847
8886	9341
636	22
-960	9
9200	8827
4313	4244
6811	6775
2632	3093
500	397
780	1550
2967	3447
2588	1905
9489	9803
8662	8919
9288	8372
6331	7093
900	221
