500	638557
795	1768
9355	8929
3649	4185
569	894
5663	5802
1542	1582
5606	5043
3834	3278
1405	1966
7252	7564
6140	7025
7343	7088
675	1396
5232	6071
5361	5106
3393	3173
3396	4162
-450	167
9039	9142
4054	3794
4923	4205
8884	8154
6462	7246
4038	4610
7108	6429
1043	82
-72	696
8480	7725
7172	6533
5837	4962
5071	4706
7945	8109
9230	8748
5975	6790
5136	4959
1605	669
6636	5849
2255	2406
1288	1117
9318	8969
4573	4284
8390	8420
6109	6388
10268	9451
5692	5743
10075	9240
2516	3122
7	498
1617	2229
8629	9441
9975	9125
10323	9588
5821	6709
9487	8907
2938	2438
4797	5202
4159	4769
4291	4615
10315	9428
5104	5884
-162	418
10519	9777
4918	5167
1685	1040
4452	4922
10205	9355
1823	942
6744	7547
866	534
2970	3723
5337	5612
1694	1149
8948	9495
2192	3110
7926	8652
7175	7963
8559	9459
4148	4420
6136	5316
6253	7250
8989	9643
4954	5179
6028	6557
402	1279
4090	4873
3779	3449
6415	6204
6848	7797
6586	5605
3889	3712
-250	44
4350	5263
7563	7789
1135	970
2198	3016
308	649
250	430
5551	5924
2555	2063
9433	8563
7922	7616
7810	7477
3156	3698
3278	2605
4262	3682
6787	7234
1869	1732
2214	2652
7160	6833
7306	7619
3777	4072
9402	8432
7859	7821
7590	6755
852	1609
8329	8737
6756	5992
6007	6807
4473	5190
3816	3608
7225	6398
2262	1606
1964	1257
6942	6370
8740	9007
1959	2430
5316	5915
33	329
8081	7496
1326	1376
5054	5897
8116	7920
8140	8868
2785	3273
4630	4915
4081	3872
5753	5941
992	440
3453	3908
6034	6756
7110	7799
6429	7160
9500	9836
1271	2269
4338	4251
3813	4404
6891	7730
2528	1724
1416	1224
6337	6621
9046	9490
5886	6575
1934	2596
6300	6935
9659	9668
1495	931
6009	6481
96	607
6147	5591
3672	4342
2392	1491
7490	7985
3827	3818
514	1196
4204	4151
2909	3025
7132	6719
5250	5636
912	1767
8772	8450
-47	150
6388	6579
7218	7200
5005	5928
2451	1644
9092	9188
3323	4240
7527	7398
7266	6305
2023	1990
355	728
9164	8992
1025	1084
2687	2408
4653	4669
9316	9067
7341	6910
3704	3928
2824	2288
8560	8450
1789	2587
9417	8451
7804	8702
6000	6596
5388	5428
2368	2363
1244	263
5470	5520
5155	5855
6431	7171
1433	2366
2091	1883
2833	2482
480	450
1302	490
3755	3356
4342	3388
1686	1641
8985	8963
7726	8112
9189	9211
6305	7249
9440	9378
7942	8259
1977	1280
9605	9553
5134	5307
5221	4603
534	279
7593	7350
7188	7288
3730	3248
7438	7049
7668	7628
9623	9089
6526	5922
7994	8607
1567	1390
6359	6070
8967	9762
8455	8291
53	259
-280	474
4617	3930
5168	5213
7085	6193
4882	4422
4952	5679
4388	4463
2408	1691
3509	2844
1903	1833
2336	3082
4738	5252
2000	2248
8995	9765
3018	2744
3266	2904
8004	8941
3632	3492
3756	3701
3428	4109
5964	5710
6933	6312
2120	1244
8335	9148
8935	8553
5793	5818
321	862
304	872
7119	7854
5801	5674
9134	8213
5505	5472
1054	426
2550	1813
1362	689
4222	3251
9205	8733
8945	7961
7689	8066
9656	9851
5824	6762
8666	9388
8353	7658
4198	3855
7817	8040
6121	6170
8165	8095
8104	7496
3244	2324
3265	3282
3132	3939
5314	5500
2174	3011
923	151
6506	6096
8317	7750
5580	5384
153	436
3970	3039
4655	4483
8307	7339
4468	4104
8522	7949
4361	4756
4393	4014
7582	7075
9066	8217
6461	7037
2531	1920
10278	9546
5355	4399
6516	7411
1693	2686
7674	7210
6574	6249
208	320
6898	7749
7805	7559
7000	7707
5859	5069
7436	7503
9066	9934
4980	4115
498	965
3489	3323
1119	388
9068	9429
9939	9538
7601	7704
1712	1364
7568	7689
4628	4798
677	605
2875	3401
4552	4949
5104	5733
8997	9244
9199	9239
9285	9201
7314	6376
1735	1666
2553	2696
5544	4976
3968	3728
4244	4049
8976	8154
9706	8711
2206	1276
5951	6856
7580	7901
9686	9995
7138	6483
2134	2320
2766	2131
6995	6578
1807	1468
6884	6228
2547	2857
4883	5357
3116	3134
4465	4742
10029	9730
7361	7988
1946	2403
3290	4250
5796	6091
-1	981
9131	8540
2821	2115
6034	5982
4786	5384
9072	8248
7045	7230
7772	6926
2672	2355
2290	3181
3525	2671
8646	8017
7755	7370
3946	3295
1350	792
3429	2600
7806	7160
3892	3903
5619	4637
4933	4595
2856	3483
6897	6841
2251	3017
5743	5245
7340	7074
253	350
4021	4205
7238	6486
5525	4538
10004	9204
1699	2180
1024	492
6115	5781
1873	1462
1305	761
4032	3640
3877	3679
6771	7498
4752	4239
9511	9261
10081	9968
5199	4860
4952	5008
6875	7433
9495	8718
4721	4742
1570	2138
6863	7693
4694	4942
8919	9275
6063	6821
4520	5519
3382	3719
1985	2916
-420	423
1834	1604
9069	8077
3478	3081
3241	3719
8730	8302
2829	3666
9110	9068
8386	8812
649	1299
638	918
8378	9107
1383	1467
4942	4625
6404	6851
1796	2261
6669	7353
2204	2332
3139	3423
2466	3414
6875	6318
135	583
8056	8406
520	221
6268	6109
7040	7383
989	749
1946	2239
8994	8725
-672	297
6644	6043
1309	1412
4526	3641
4192	4695
9651	8706
1075	1489
1494	2271
764	1318
4007	3484
7922	8796
-297	131
4007	4444
7085	6632
3407	3887
8137	7780
7899	7330
9179	8577
5027	6019
8790	9579
8766	8569
5971	5473
1162	1340
3919	2996
613	1042
1350	2174
2585	3321
919	953
2776	2968
3477	4267
4629	4464
9244	8952
7644	8025
9215	9546
3802	3564
2073	1580
6330	5876
2761	2283
8729	8544
7668	8025
5558	5219
3404	4056
2038	2519
6283	6350
8881	8818
7708	8093
7758	8031
3509	3588
3888	4121
9779	9529
5230	5805
1045	1618
8530	8624
4095	5057
6405	6940
9682	9359
3915	3889
8250	7994
7688	8136
