500	2115392
4840	5322
7874	8767
5449	4470
3308	3309
3764	3645
8549	7816
9406	9145
8610	8459
9742	8985
145	3
1067	1135
7083	7169
1570	956
7640	8369
2402	2922
2427	2411
-320	207
4170	4974
6186	6730
670	1585
2011	1292
1301	335
2061	1397
5854	6189
337	958
6756	7128
560	941
2472	1587
7311	6562
7350	6466
7504	6687
-616	363
2014	1476
6214	5331
643	1036
7368	7969
3317	4124
3073	3489
4939	4563
7837	8485
264	1157
4712	3774
-59	794
1977	2742
7807	6921
716	839
6128	5822
3336	2764
5730	6665
7982	8008
4235	5021
2706	2366
4845	4455
773	953
10875	9950
1824	1801
5441	5067
3872	3541
-743	228
4050	3200
3779	2948
5756	6057
3777	3728
4979	4337
4557	5460
8897	9353
2883	2137
8060	7665
2483	2685
8001	8403
5023	4581
6506	6292
830	392
965	85
1802	1474
77	504
8053	8973
8206	7759
4172	4091
8704	8243
63	1052
7221	6565
3403	3671
8559	9013
522	837
10366	9702
8547	9323
9363	8869
2260	2041
2632	2212
8947	8849
1121	788
2594	2072
1745	2622
7698	7550
2392	3243
2161	1642
5575	5054
4176	3813
1621	1873
2040	2402
674	480
907	899
8742	9272
4006	4845
3684	3580
9103	9542
5863	5980
1058	1601
3895	4299
3787	3462
4499	5356
96	428
-79	457
5938	6544
5795	6739
6626	7170
4039	4635
8067	8703
9911	9120
7186	6412
2857	2793
448	1186
2798	3013
9120	9080
378	856
6461	6745
4308	4479
5520	4915
6525	6557
473	1032
7006	6912
6549	7541
6687	6742
1341	1101
2828	2405
1647	2138
3691	4022
5946	6564
1731	1430
9445	9506
5253	5284
5464	6390
2977	2543
7469	7125
804	526
6286	6239
4771	4474
3362	3204
7971	7193
2973	3066
9809	9965
-608	36
1881	1881
6882	7103
2588	2290
751	1354
7036	7555
6276	5930
2044	2613
3173	2391
2284	1699
3919	3215
4182	4370
9101	8857
3374	2871
6969	7253
2070	2090
8072	7744
1671	906
3943	4166
3399	4026
2985	3195
425	740
9976	9862
7163	6651
3320	4147
8624	8000
2834	3164
1849	1172
8234	9205
3168	3746
7497	7177
7506	6813
1405	2377
1517	2113
6085	5658
1667	2156
1675	1151
6081	6001
1185	1503
8111	8707
6965	7017
5440	4969
5887	5875
5134	5995
2174	2676
2421	1534
6328	5884
6023	5722
363	234
8678	9379
6965	7533
2986	3088
1981	2349
1867	2729
8053	7611
1525	1197
1293	1136
5961	5825
5508	5288
4460	5192
4210	5008
4795	4928
-135	655
2990	2706
7440	6549
2939	3280
6784	7075
3096	2627
7317	8294
7850	7923
3963	4766
5048	4666
2766	3565
1052	692
8859	8231
4613	5341
1633	2058
2508	2005
6136	5385
8506	7950
7318	7890
2667	1772
5468	5172
4672	5138
9191	8309
10498	9642
593	643
10204	9947
1383	2251
2978	2253
9067	9525
5642	6505
5512	4743
1033	1775
4950	5338
5890	5864
3766	4009
2654	2677
2180	1525
1706	1855
10258	9724
8448	9235
698	1117
219	722
805	788
271	551
3037	2883
4763	4572
2759	2667
2604	3445
934	271
1034	956
-426	37
7880	7340
8385	7775
9769	9213
-134	353
6387	6618
7525	6992
4208	5179
6276	5813
7071	6137
2301	1781
1258	993
7496	7390
1229	811
6996	6318
7052	7527
5427	5872
4705	5572
2942	2154
3611	3011
4818	4321
1926	1506
8048	8796
1537	2131
9168	9276
3204	3933
2609	1956
2638	3405
1323	390
6275	5854
6835	6720
8949	8925
5646	5628
6738	7216
4928	5626
2907	3659
10644	9822
4793	4951
9376	9702
5681	5287
9727	9847
9609	8679
4342	4868
4698	5049
5323	4533
8520	8118
7554	7308
4211	5181
4342	3477
7633	6746
5293	4970
1203	384
10022	9911
2773	2300
1088	515
2491	2693
4087	3452
458	12
1063	1341
2657	3282
6449	6178
4444	4886
6098	6666
2446	2948
6769	7560
3083	3762
9225	9179
3582	2860
6334	6904
5849	6451
6414	7152
10556	9716
9887	9099
1113	1240
4651	5031
5072	4323
5362	5265
1483	1916
5662	4996
10345	9413
9597	9510
5091	4231
4566	4099
3577	3025
7379	7609
6966	7183
2991	2676
1053	1577
8319	8720
2810	1942
8395	7432
9276	9169
6066	5596
5200	4839
5139	6060
6513	6800
4085	4022
3167	2940
5263	4350
4762	3787
3996	4606
1338	938
6725	5876
10384	9678
569	1245
3549	3432
7926	7592
9916	9972
4425	5063
1180	687
8006	8017
2588	2124
2468	2534
6492	7060
3904	3586
4623	4070
2403	1940
5205	5216
3384	3127
3639	3160
76	526
3268	3218
901	1579
6929	6079
6117	6568
4401	3406
204	944
39	492
1575	809
3601	3532
4782	4819
4156	3631
6384	6240
4216	5091
6691	6942
3672	4108
4518	4424
3174	2623
2174	2105
6267	6996
4413	4491
2580	1737
8928	8880
9715	9545
8041	7968
4267	3659
3454	4113
5397	4774
9200	9669
3735	3473
4747	5149
387	553
7887	8508
3810	3276
7512	7247
3034	2788
5067	5665
9297	9511
2284	3009
10167	9320
5753	4778
6164	6023
6534	6732
6950	6996
2530	2044
7496	6652
4379	4449
7988	7287
460	858
1051	799
4620	5470
3995	4080
73	1004
7421	7901
6395	5585
6688	6340
3614	3510
4799	5481
5016	4193
5922	5445
2006	2819
4712	5121
6889	7857
5718	5911
8658	8745
3665	3784
3665	4027
5670	4785
6060	5198
4934	3960
9506	8985
6562	5910
10457	9779
4694	5240
438	736
9062	8227
1090	1141
2464	1575
5761	6642
3534	3891
4953	5688
4588	3854
6643	7581
6635	5654
716	899
3420	3199
8357	7917
9835	9208
5128	5175
5579	5567
10146	9523
8528	7980
2060	2194
5572	5734
2114	2260
6807	6893
8639	9607
7005	7344
-490	425
1025	825
9650	9104
2784	2068
9914	9422
4039	4117
4093	4842
7109	7771
1664	1487
9534	9237
941	499
3831	4182
701	718
7085	6626
2355	1620
8510	8520
2460	2095
1433	1159
