500	246588
1052	1594
7280	7267
1973	2878
1594	2292
4771	4322
1849	1021
4624	4263
9033	8612
9172	8829
1227	1027
4014	3201
7236	6585
8918	9567
4419	4194
1866	1321
4849	5557
8468	8458
1756	2399
2639	3398
8993	9196
3498	2871
1819	1491
5815	6629
621	714
2364	2222
570	1221
8654	7867
7366	7023
6689	6504
4306	4767
192	425
5579	6462
9640	9553
8794	9347
5763	5955
8149	7633
5194	4243
6826	6682
8345	8997
8967	8948
7096	7871
6083	6611
2178	2993
681	1577
4811	5059
5326	4627
2957	3778
9270	9433
4402	4729
4158	4005
4910	4758
1546	2279
7654	8247
5645	5644
5191	5061
8386	8179
2276	3035
207	29
7173	6608
7807	8658
1558	1186
1740	2122
5460	6011
1927	1234
7084	6130
5089	6026
1656	1017
1130	1141
1305	2039
7446	7360
4359	4184
3816	4731
9028	8255
-430	76
9799	9905
1775	1716
629	858
6110	6307
4467	4053
838	1490
535	141
5275	5084
10629	9958
4802	3852
3339	3020
9074	8255
4631	5562
375	824
8285	8846
9225	9804
2681	1751
892	512
9527	8908
3266	3678
1575	1556
4547	4859
2259	1413
412	1363
922	143
7110	7489
8667	8805
1885	1622
6894	7429
137	579
8056	7688
3485	3455
-508	270
9609	9058
7780	7836
2510	2830
1366	403
2693	3513
6017	6560
7942	7156
2215	2118
9225	9999
765	1701
2693	2322
4035	3830
9896	9792
242	374
7471	8422
9478	9005
4886	4230
3503	3156
6112	6619
4740	4723
9540	8653
1099	1455
2850	2685
2493	2648
6182	7036
4287	3394
3751	3748
1498	1735
9940	9550
8522	7764
6820	7438
1859	2617
884	212
4527	4750
5677	6325
709	182
1608	2474
7139	6465
808	706
5885	6123
-133	255
7052	7989
1227	276
1868	968
2933	2383
4491	3563
7093	7483
9522	9659
5932	6702
9455	9297
331	872
1214	745
5786	5545
10509	9930
930	184
8541	8702
4714	4843
6471	5881
3527	3311
6593	7056
-103	254
8944	9045
8410	8079
6835	7822
4433	4370
5302	5690
5038	4737
572	771
2090	2112
9098	9455
3515	4016
3939	3993
7673	7711
4493	5080
8457	8890
3349	2811
311	396
3238	3555
8780	7939
4597	4438
8018	8688
3795	3980
9209	8592
970	773
7861	8855
7199	7126
6192	6464
8929	8626
3891	4707
914	517
9985	9913
6229	6298
6147	6839
9168	9125
6717	7695
3431	2754
622	1486
4871	4729
2424	1630
8676	9606
9356	9730
9105	8160
3675	4053
1891	1239
3394	4060
2287	2684
8950	9275
10698	9772
8609	7731
7506	8212
5415	5217
6733	6100
9852	9426
1820	1526
8546	9474
6801	7729
7229	6395
6040	5964
3734	3747
8992	9093
2239	1961
6844	6396
5186	5297
1769	2328
3889	4115
6479	6766
7206	7960
6456	5637
1734	2480
653	813
1388	1201
4258	3582
4529	5103
9027	8288
8561	8092
-699	115
8487	7870
3736	3304
5895	6375
4398	4254
7898	7031
-13	252
10321	9916
10131	9519
4894	4047
4623	4343
8878	9582
7925	8747
9050	8225
3844	4199
4258	3403
1478	648
2272	1861
1333	458
7415	6518
1681	1599
7035	6497
2580	2774
2068	1998
5639	4782
2313	1743
8424	9107
4602	3860
5278	5431
5945	5902
4854	5413
1230	989
2114	2195
6802	6219
1224	295
424	1360
4430	4171
3769	3475
4171	4535
905	1099
2505	1849
5369	4810
4412	4210
6261	6084
1411	964
5830	5716
2512	3444
7939	8436
4255	4856
2622	2694
6883	6522
20	342
1245	1418
5660	4787
-57	470
1313	1923
9011	8024
1151	996
8618	8114
5728	5921
4519	4830
4274	3515
5828	5817
205	658
6559	6519
310	58
46	635
3978	4367
4963	4282
1382	414
8683	9080
8288	8114
8819	7983
6100	5185
5925	5298
4938	4567
2561	3308
6963	7367
6961	7860
1676	1499
2848	3322
5866	5844
5962	6789
3020	2761
7756	8320
4203	4281
8080	7280
1582	2541
5617	4790
2318	2601
7864	8077
5092	5052
6018	7012
713	464
2277	1810
10453	9816
7732	8417
6625	7406
7037	6648
643	1011
8081	8108
4868	4272
8647	8168
5837	4902
10619	9884
807	76
2171	1616
5847	5623
6271	5569
5632	5916
6504	7127
3100	3673
1457	927
9245	8906
3390	3085
8883	9842
5301	6281
8975	8954
7903	7429
6824	6451
3582	4269
8770	9681
7201	6935
6603	6173
1904	1375
10192	9469
760	800
567	1370
1827	1110
5897	5088
9362	8499
942	1100
3066	3867
5809	6579
2698	3452
1708	1199
3709	3495
1345	1700
9419	9554
5011	4212
3973	3874
5130	5852
4644	4998
1542	2388
3755	4446
9883	9086
445	706
201	535
4393	5258
10582	9602
4327	4704
8288	7874
8124	8319
3124	2317
4914	4815
9357	9629
6031	6418
9521	9828
7908	7380
1615	2145
7718	7173
4070	4941
6647	6728
2544	3296
4120	4973
5912	6603
1356	1225
6764	7133
2590	2440
8159	7591
10569	9730
7097	6739
3978	4037
2671	2725
5397	4475
7264	6558
9670	9306
4374	5133
1545	2241
9897	9887
9805	9418
8299	8043
1031	776
3371	2791
7692	6751
9687	9929
2740	3317
4281	3797
9674	8748
5585	4644
4405	3858
1618	908
2732	3494
2212	1916
-38	155
2215	2853
760	1459
3787	3398
6266	6773
1809	933
8720	9673
4409	4737
4928	4468
5893	5910
8738	8113
5523	5416
6387	6876
8994	8321
584	1428
8257	7259
8275	8868
2449	1560
4009	3922
630	134
6491	6237
3899	4483
2328	3225
7811	8167
8858	8424
10633	9942
1246	775
5869	5457
3126	3316
6594	6459
3790	3502
7690	8394
276	769
4081	4454
3913	3704
5615	5812
7705	8335
4079	4375
2952	2484
-252	712
8391	7753
8261	8548
3887	4500
2392	1685
4010	4342
9042	9417
4415	3601
3318	3892
9186	8620
5054	4795
7661	8417
9043	8118
4127	4939
2322	2720
210	1141
2616	2412
2101	1414
5916	6304
8096	7613
697	467
7036	7209
1355	905
1737	1540
8119	8877
