
===NxC_test_MPI_6400_320000_001===
Serial:
[21.2797, 21.1977, 21.2301, 21.2363, 21.1878, 21.2117, 21.1775, 21.1883, 21.2227, 21.2316, 21.2, 21.2368, 21.2669, 21.2522, 21.2422, 21.2769, 21.2232, 21.4618, 21.2174]
Serial average =  21,238989474

OpenMP:
[5.9505, 5.95568, 5.94982, 5.98019, 6.05251, 5.95745, 5.99236, 5.98064, 5.99187, 6.0053, 6.00356, 6.0023, 5.96323, 5.97237, 5.99705, 5.96146, 5.90675, 6.0462, 5.93835]
OpenMP average =  5,979346842

MPI:
[6.85046, 6.90202, 6.89009, 6.87959, 6.90268, 6.93891, 7.00518, 6.89888, 6.84105, 6.83621, 6.81222, 6.85715, 6.9082, 6.80155, 6.8609, 6.8158, 6.80657, 6.81446, 6.93998]
MPI average =  6,871678947


===NxC_test_MPI_3200_160000_001===
Serial:
[5.30587, 5.32317, 5.30065, 5.30784, 5.30302, 5.30038, 5.29867, 5.30105, 5.29688, 5.29525, 5.31772, 5.30849, 5.3032, 5.29594, 5.30893, 5.3038, 5.30211, 5.29523, 5.39359]
Serial average =  5,308515263

OpenMP:
[1.82099, 1.56045, 1.50577, 1.51634, 1.50152, 1.51539, 1.54288, 1.52402, 1.50962, 1.51947, 1.49716, 1.51378, 1.4971, 1.58249, 1.60809, 1.51709, 1.48929, 1.53554, 1.49668]
OpenMP average =  1,539666842

MPI:
[1.71252, 1.7352, 1.70358, 1.70943, 1.71325, 1.7222, 1.72419, 1.70886, 1.70786, 1.72307, 1.71664, 1.72278, 1.72114, 1.70825, 1.70881, 1.70356, 1.69907, 1.72537, 1.70398]
MPI average =  1,714197895


===NxC_test_MPI_1600_80000_001===
Serial:
[1.33999, 1.33485, 1.33575, 1.33283, 1.33424, 1.33401, 1.33202, 1.33485, 1.33299, 1.33295, 1.33147, 1.33306, 1.33204, 1.3315, 1.35284, 1.33373, 1.3305, 1.33363, 1.33053]
Serial average =  1.2676889999999998

OpenMP:
[0.384476, 0.389981, 0.378036, 0.386782, 0.376855, 0.379155, 0.392768, 0.387987, 0.382044, 0.385153, 0.374698, 0.386527, 0.377357, 0.381127, 0.399014, 0.378773, 0.385594, 0.378599, 0.382222]
OpenMP average =  0.3643574

MPI:
[0.432083, 0.431827, 0.430749, 0.429125, 0.434715, 0.43325, 0.428367, 0.434617, 0.440384, 0.423286, 0.431291, 0.43445, 0.433229, 0.432854, 0.426991, 0.438723, 0.431474, 0.42642, 0.439817]
MPI average =  0.4106826


3.484
3.447
3.552

3.085
3.097
3.09