500	188016
679	330
765	901
557	173
728	523
629	716
991	569
742	153
218	348
831	936
865	575
628	323
799	15
810	650
476	283
272	1000
8	716
72	218
212	283
158	927
64	309
767	970
777	799
80	724
392	59
198	535
358	724
861	383
999	102
283	601
403	20
79	569
110	694
334	652
703	452
549	956
402	933
537	987
583	618
975	138
16	722
858	512
350	843
885	495
873	856
451	148
773	799
311	912
158	352
377	971
901	740
492	179
112	779
661	871
657	400
799	375
701	684
20	55
68	735
640	436
53	318
710	688
955	67
971	21
182	457
995	561
842	772
35	182
220	299
311	61
866	380
402	313
778	91
199	915
912	437
617	201
975	756
750	881
614	141
755	494
616	327
450	942
698	58
620	945
282	675
243	844
395	266
829	769
458	948
508	389
337	731
718	562
563	446
256	188
706	104
929	727
221	866
377	547
62	540
644	837
390	513
999	538
648	901
645	375
130	132
227	858
995	251
173	460
802	956
525	117
180	927
910	410
477	484
534	736
547	379
246	645
993	487
210	307
878	593
60	35
965	732
718	160
865	423
965	859
149	504
212	274
236	821
983	249
122	439
500	363
804	83
436	929
702	885
645	269
891	196
574	439
848	831
478	310
925	749
395	201
720	771
757	538
288	915
428	130
471	617
925	565
134	634
874	485
106	169
75	53
286	529
942	83
434	591
158	333
125	604
394	326
998	253
701	823
772	488
102	908
122	120
567	309
550	1000
584	392
950	667
437	84
47	644
450	543
812	868
83	217
813	814
279	51
699	762
347	474
524	828
661	74
711	959
21	488
874	162
893	499
161	123
712	715
400	264
506	172
384	469
744	773
627	174
651	434
24	218
405	562
930	370
252	992
877	720
907	158
8	186
25	328
582	223
885	581
979	618
1	115
736	869
421	164
329	80
436	435
621	861
735	948
635	176
529	787
783	505
666	393
95	699
30	225
908	155
16	783
130	139
380	926
755	240
811	880
231	576
159	986
522	659
22	484
563	444
920	228
490	974
646	492
892	885
308	216
327	957
529	683
477	324
52	462
854	177
691	235
81	675
878	400
380	424
550	823
766	363
636	217
178	777
134	569
79	711
205	991
614	806
497	530
392	256
112	389
161	542
494	54
620	252
626	935
230	746
621	297
453	739
204	939
795	573
402	404
607	899
821	355
505	928
932	698
907	987
633	834
64	745
897	925
348	195
632	660
759	136
599	972
877	165
908	90
106	371
142	574
619	462
553	27
806	916
166	596
25	571
518	805
476	126
424	369
876	571
889	355
338	41
838	139
301	634
865	186
270	728
258	234
624	114
754	142
183	641
511	464
563	722
375	910
493	78
898	693
31	961
761	480
528	258
230	151
505	205
87	227
847	123
20	764
955	780
694	700
116	467
341	575
511	238
786	113
81	327
322	885
577	180
805	636
896	72
424	506
576	55
24	354
920	270
523	516
348	206
674	248
303	487
948	451
566	602
934	772
269	710
376	783
452	445
397	250
654	341
121	338
372	650
107	423
259	834
102	829
65	479
577	949
609	896
652	10
980	950
103	910
382	388
345	990
832	750
622	551
17	950
830	449
74	537
720	456
318	481
74	137
320	140
198	473
934	917
110	329
466	807
860	909
943	411
981	191
738	463
548	122
845	145
234	15
512	313
691	849
276	504
341	568
453	897
963	837
938	444
350	78
562	425
183	93
890	948
44	35
693	286
748	953
730	150
399	93
215	373
775	725
333	173
64	386
119	530
453	525
813	703
54	324
880	984
762	109
536	556
855	722
324	143
343	200
937	578
168	527
246	98
828	825
873	475
189	762
510	463
396	851
467	8
515	412
735	373
561	582
3	350
537	292
384	251
76	565
481	615
214	104
878	547
45	402
192	592
753	148
243	442
837	3
136	315
34	503
505	188
692	89
250	287
788	1
304	680
730	137
630	181
794	927
396	70
98	373
371	370
80	917
778	742
107	908
474	247
551	615
764	897
46	56
279	849
674	728
745	223
128	243
803	733
669	418
93	791
784	647
992	84
59	98
346	742
940	843
662	800
917	668
815	72
894	527
379	428
229	268
641	439
179	982
974	74
591	761
463	669
615	378
901	947
885	836
949	455
138	84
827	294
162	700
645	355
184	354
12	146
418	957
851	753
817	151
43	850
480	640
58	622
701	20
871	960
40	576
832	536
689	799
587	693
869	735
732	623
904	457
48	75
614	628
195	887
718	514
81	938
895	328
328	728
553	299
728	743
641	760
129	380
962	373
505	541
