500	61512
334	449
28	312
450	294
694	174
662	954
96	528
100	292
495	493
616	34
77	750
573	92
165	716
594	930
95	249
966	469
61	598
955	15
797	495
880	424
477	421
294	999
579	467
555	634
191	315
925	945
90	489
151	551
887	333
723	667
256	10
33	530
411	887
203	329
706	212
477	324
114	174
803	976
758	740
199	990
510	891
736	761
716	260
724	712
14	416
931	343
32	549
852	958
653	529
236	141
573	254
69	289
443	781
865	548
230	236
281	78
202	99
108	251
69	109
155	153
277	817
694	143
350	592
707	207
206	67
229	411
834	606
877	687
939	976
546	695
87	539
957	134
333	571
883	655
226	312
632	676
26	319
124	566
938	302
309	754
492	738
40	917
6	43
809	743
363	813
290	335
299	5
844	514
171	137
881	343
446	429
344	769
159	956
612	153
39	686
6	220
895	402
7	531
371	791
681	899
688	858
354	865
743	447
109	646
548	363
208	870
883	837
903	35
788	923
496	496
112	588
417	923
970	881
163	491
480	391
504	858
813	401
16	694
968	696
2	135
454	959
268	673
292	766
688	584
468	221
634	3
760	508
766	25
126	951
93	545
63	407
771	365
287	412
17	292
489	207
598	548
314	579
11	95
687	489
971	506
601	329
329	304
745	636
967	854
751	236
126	283
585	48
570	93
910	213
59	269
632	846
17	132
649	503
784	655
148	391
941	403
72	843
944	162
910	927
833	395
684	665
896	224
281	750
753	129
103	451
333	670
197	745
157	942
780	618
386	51
150	903
437	306
598	492
685	221
612	517
882	249
821	266
835	857
933	605
233	158
400	645
344	492
972	456
202	364
647	692
819	782
529	970
676	678
895	320
671	733
388	694
542	579
697	143
523	4
638	670
92	950
391	681
52	659
44	54
32	8
489	312
339	325
814	476
891	778
832	811
701	923
748	999
980	379
248	474
607	378
977	217
49	541
239	233
808	292
972	696
384	425
152	392
622	360
618	761
166	893
875	150
516	575
150	465
210	608
66	971
208	268
64	59
270	576
962	711
13	63
270	679
722	580
395	587
304	495
663	195
22	390
205	401
762	204
939	516
901	462
962	154
816	530
285	59
1	516
748	382
255	995
606	260
489	791
255	917
309	422
855	119
151	765
162	796
596	214
539	128
18	343
483	508
44	490
241	362
376	809
260	240
381	575
21	903
561	828
324	475
574	17
699	899
502	38
674	579
480	554
605	257
423	835
250	696
148	910
636	399
81	398
216	140
150	59
809	112
439	528
181	569
957	103
422	796
372	32
84	475
934	531
532	718
638	958
78	917
589	444
858	334
478	396
247	247
470	719
770	896
414	621
965	662
822	401
747	644
881	736
221	244
445	483
225	768
248	239
292	611
880	6
67	730
248	923
329	116
13	174
673	884
59	924
100	891
498	206
793	658
206	789
95	323
693	970
851	870
951	812
434	618
130	423
451	355
338	140
224	163
425	664
422	161
782	877
346	167
772	660
98	719
649	87
412	312
48	437
277	132
777	381
605	95
883	165
279	351
195	915
926	282
342	716
478	620
978	696
518	127
27	654
801	96
245	3
254	533
709	868
376	29
157	695
504	856
952	56
559	282
232	8
304	600
157	659
353	953
461	120
798	237
662	247
904	71
939	666
33	297
521	249
504	410
181	441
834	584
768	447
434	839
984	425
633	309
993	813
635	210
346	953
877	238
810	46
476	214
455	298
83	345
246	588
441	422
672	911
545	437
973	803
983	314
470	700
154	239
582	654
579	286
85	928
459	692
794	140
625	503
880	372
68	338
470	496
410	746
811	167
161	837
563	106
58	904
511	930
361	51
566	619
820	150
332	410
893	392
852	923
799	670
271	865
494	715
929	313
375	61
727	200
645	335
333	911
552	637
256	176
824	699
219	610
269	811
842	616
608	105
589	839
310	30
596	75
578	227
596	947
778	326
866	180
446	360
924	367
847	322
743	242
744	461
311	366
813	913
218	361
821	687
76	671
217	794
902	161
981	663
984	202
514	265
795	61
710	580
773	965
164	460
903	812
123	167
639	285
161	668
9	707
962	787
96	854
424	999
739	12
517	581
69	930
194	152
219	371
633	425
941	313
757	441
821	625
989	856
176	600
808	310
524	763
652	99
298	133
378	223
95	529
105	894
145	917
841	328
424	936
790	32
1	727
786	525
401	620
114	220
219	896
789	140
799	954
441	560
444	369
936	855
545	318
643	153
338	877
371	677
91	681
260	506
148	888
91	464
449	439
107	148
