500	217882
913	214
823	857
705	444
188	649
426	915
957	826
613	619
670	725
557	557
580	140
950	347
860	344
990	155
602	157
978	950
681	367
293	706
525	498
226	202
414	87
528	575
747	86
346	476
621	180
801	610
484	862
381	440
699	383
50	578
57	126
340	246
816	853
328	738
570	66
593	547
630	956
428	828
960	735
158	266
960	590
310	444
526	267
100	752
796	889
77	50
209	896
178	322
740	338
631	685
177	969
820	861
14	362
412	40
255	495
507	239
741	917
502	237
45	617
386	301
670	231
39	212
629	174
905	253
772	308
886	673
44	568
30	808
161	469
342	442
446	117
26	608
955	931
83	382
663	254
634	743
351	13
209	964
74	987
187	805
597	37
797	115
427	415
158	504
643	8
725	744
325	117
615	977
307	43
549	217
840	112
272	465
543	509
947	163
273	965
644	128
682	176
562	146
932	387
264	982
595	142
446	866
167	239
696	243
398	159
475	544
215	387
257	829
29	128
801	748
369	486
873	643
321	72
59	594
551	391
823	354
822	639
994	814
883	561
227	848
276	819
979	891
727	923
875	848
670	334
347	953
974	701
945	559
306	123
729	426
583	215
269	292
370	453
604	446
535	943
521	396
933	840
92	595
745	641
997	519
237	706
370	419
338	174
5	237
890	175
67	657
250	54
866	880
664	940
329	178
312	861
857	147
953	2
813	283
914	775
713	95
87	101
689	642
612	292
726	119
75	388
95	276
915	75
834	747
72	644
46	700
623	144
559	142
981	28
650	593
75	22
959	240
392	314
623	361
160	293
794	783
947	864
39	597
834	508
678	499
779	46
941	495
261	549
564	823
541	917
231	141
705	828
688	230
8	778
121	294
695	230
810	889
405	122
517	481
875	692
648	623
416	220
43	242
964	135
873	214
996	554
34	607
139	677
141	573
278	187
194	777
287	404
414	343
273	470
235	32
766	180
757	532
907	246
755	68
369	894
825	359
513	433
874	524
537	566
712	911
114	81
916	135
585	142
103	513
587	910
109	709
604	240
450	79
187	994
638	383
415	982
280	639
196	99
599	579
723	635
59	852
541	209
714	524
184	638
162	919
133	761
167	8
39	310
53	599
111	244
485	468
209	964
915	369
397	188
1	86
920	47
897	611
884	127
648	60
541	699
312	19
746	406
380	379
674	675
683	484
647	851
816	653
334	556
719	340
35	170
824	26
826	312
620	667
833	680
314	124
570	828
197	918
300	774
377	122
488	3
474	882
282	75
402	282
485	63
410	364
404	494
296	728
924	880
896	159
953	122
428	915
114	727
521	579
662	682
526	803
374	59
571	889
232	710
218	678
359	24
743	345
209	372
773	284
479	298
362	162
301	17
501	98
594	902
26	257
813	69
991	107
478	632
355	672
125	161
313	745
29	721
685	308
787	651
339	508
47	295
132	254
527	316
130	421
727	218
6	215
873	905
122	512
29	569
316	518
316	327
367	199
523	885
536	97
256	108
663	702
119	718
391	630
916	196
351	170
7	115
809	224
535	678
890	438
997	303
124	369
216	179
607	781
567	214
257	897
127	282
459	41
893	566
605	117
972	533
889	958
634	506
284	57
97	970
537	970
373	386
866	153
726	672
778	900
978	896
380	900
254	814
926	415
832	764
187	517
56	777
146	540
697	923
635	30
763	892
809	294
162	715
604	234
857	564
708	607
676	603
942	760
136	550
584	496
421	293
4	205
501	531
884	364
579	876
762	328
225	223
576	836
197	678
833	491
861	427
962	106
843	272
895	358
265	455
497	273
613	194
69	755
257	18
613	992
149	627
221	130
105	837
598	467
495	261
837	951
666	496
559	827
875	336
813	713
651	38
40	622
949	209
565	653
618	627
314	432
181	759
680	256
370	507
401	552
52	922
121	852
609	232
346	885
665	378
535	497
157	493
335	745
303	831
398	611
8	333
658	77
322	887
120	484
906	360
211	832
192	350
158	411
431	345
574	814
432	933
470	430
834	855
908	526
92	815
931	544
137	489
725	906
637	832
138	189
676	579
166	163
871	545
924	454
627	363
745	478
141	978
290	220
347	198
467	663
244	461
792	463
544	550
685	986
210	30
646	952
773	184
799	157
320	871
424	431
630	715
842	340
747	22
414	193
753	524
417	634
267	429
306	797
529	676
925	883
555	262
95	575
988	772
833	646
690	915
976	749
369	561
779	743
684	897
324	461
540	430
790	410
411	797
325	832
976	230
160	153
358	828
940	605
236	529
114	551
360	405
546	863
452	459
