500	124719
120	333
48	776
312	857
190	607
183	686
125	515
707	670
53	246
436	877
803	37
813	116
525	700
892	551
121	348
758	639
119	920
245	55
71	602
655	226
825	716
33	276
831	107
774	421
541	397
557	883
809	4
115	61
324	868
896	620
693	293
354	855
928	491
138	714
775	783
944	493
331	803
800	71
817	113
742	62
716	289
837	130
94	197
757	161
568	113
648	658
267	943
474	553
651	268
15	263
708	670
560	837
663	936
781	591
232	341
592	524
350	197
366	76
4	199
766	543
794	851
198	965
951	265
626	253
727	23
834	138
60	335
597	395
885	650
569	36
68	486
358	830
11	18
862	959
595	253
904	310
979	922
664	733
904	787
264	529
387	434
98	54
443	636
181	943
912	279
929	402
570	657
267	20
320	823
541	362
93	639
892	932
422	738
421	612
894	379
754	486
678	555
351	198
199	991
477	356
601	645
271	31
936	97
811	636
319	816
752	161
248	644
478	112
55	396
73	950
87	391
886	263
320	69
585	260
3	365
159	958
329	297
915	713
113	469
149	563
836	766
783	863
681	732
854	508
492	433
645	38
139	935
641	231
344	862
580	558
203	964
681	223
527	475
672	648
56	816
147	500
130	176
973	175
71	918
306	99
198	61
712	769
18	963
293	484
588	310
31	36
219	521
120	811
701	464
202	652
715	858
531	718
128	816
447	901
877	62
581	856
473	959
52	282
761	356
482	203
498	516
17	789
610	561
133	795
562	631
240	666
311	354
184	285
776	426
204	128
141	467
927	311
218	262
907	119
365	651
505	78
588	670
274	354
194	645
296	109
452	237
569	64
243	562
249	332
888	451
667	915
901	637
634	350
973	929
665	238
29	619
376	595
744	414
41	920
832	127
344	158
206	938
982	529
626	203
323	830
565	308
625	485
651	824
622	721
7	882
406	414
949	689
126	117
446	769
859	725
557	779
578	53
898	4
725	827
361	337
767	712
298	298
344	699
25	834
561	369
119	148
505	941
182	555
955	53
220	987
971	544
464	62
167	545
247	649
529	284
991	528
445	479
410	667
142	720
393	221
512	731
280	238
417	273
837	342
258	593
508	496
469	858
19	411
711	188
55	929
260	266
486	868
772	822
351	3
439	543
47	203
310	272
637	379
528	234
109	410
18	492
920	519
217	183
607	761
500	704
6	667
29	250
491	101
358	872
963	896
218	819
593	956
190	80
877	681
849	288
326	640
771	802
919	75
205	278
978	394
395	763
852	319
942	436
401	788
317	767
820	913
923	453
215	696
285	609
461	310
894	319
112	349
124	37
58	4
902	572
615	233
373	204
403	934
195	957
495	483
395	316
567	162
369	937
372	12
144	479
222	762
513	181
19	469
655	647
425	811
491	542
825	863
145	558
763	131
182	735
920	147
668	575
499	397
760	316
432	246
275	557
144	783
963	814
744	797
946	19
800	969
164	14
484	107
323	938
584	47
75	266
469	457
49	838
685	809
524	177
23	52
813	835
760	878
828	958
57	533
817	573
621	372
844	960
115	824
40	978
389	4
981	228
373	244
703	355
52	707
199	838
432	810
593	400
401	532
577	868
880	83
336	108
774	98
938	993
39	973
167	636
500	647
27	435
88	33
618	262
250	813
473	383
663	921
200	860
964	574
938	335
781	26
154	399
549	268
9	662
234	2
210	818
303	909
355	299
912	737
722	371
715	618
801	436
62	227
883	645
815	320
366	208
841	491
649	816
529	128
403	391
848	373
968	177
838	259
776	234
562	267
63	731
192	773
272	258
505	47
335	796
807	108
124	328
984	663
664	46
438	619
73	687
487	571
16	547
689	799
602	545
66	710
523	250
736	687
757	65
24	896
596	463
271	777
224	824
170	168
699	175
762	709
783	818
99	974
701	632
685	318
99	694
603	651
456	700
532	211
584	988
951	566
257	854
766	827
511	123
880	319
869	366
825	643
758	84
57	541
902	798
48	843
80	760
437	621
688	423
183	481
234	642
630	158
983	64
669	886
905	425
607	333
754	442
918	287
705	967
197	453
611	410
625	662
900	462
113	314
886	804
287	382
759	74
719	768
272	913
879	220
350	774
839	871
863	139
695	539
429	587
96	925
226	266
780	955
32	177
667	512
281	683
236	602
507	751
816	401
167	170
290	306
52	208
72	847
914	11
748	383
13	583
168	357
348	544
577	204
191	753
650	58
592	9
505	486
364	164
585	495
249	948
123	918
270	294
850	60
652	336
579	625
182	878
648	533
817	775
828	997
