500	25267
915	432
464	127
347	251
302	1000
257	792
289	891
415	353
232	43
695	850
634	383
387	917
220	508
140	636
792	720
647	235
65	197
18	154
776	796
805	848
473	808
770	236
91	101
220	616
524	783
469	396
670	676
54	862
892	980
191	508
945	445
177	793
515	144
773	709
441	384
116	356
818	867
133	253
36	734
236	292
703	956
818	438
996	421
382	89
767	864
950	887
210	686
818	504
440	250
757	163
12	920
494	154
288	325
448	5
669	28
763	119
755	790
797	220
240	398
905	157
503	477
380	153
163	985
983	276
110	663
731	64
339	482
199	462
251	851
934	716
314	437
179	325
775	331
690	329
702	299
694	524
295	9
217	890
536	640
269	465
943	952
65	490
85	636
857	269
825	482
510	165
308	802
674	240
803	167
1	850
644	203
438	547
842	826
720	937
409	717
851	278
490	212
645	601
893	182
119	116
408	190
47	219
95	404
824	736
217	494
547	925
599	358
440	739
379	434
471	786
668	709
985	510
607	351
784	109
492	288
678	160
379	447
750	125
268	264
610	852
562	408
376	967
810	849
342	914
666	773
93	13
255	739
295	84
68	8
904	27
421	897
681	675
740	362
292	178
394	684
576	78
853	185
612	597
616	45
511	852
883	351
596	751
789	320
418	669
617	311
102	972
724	366
161	182
649	605
128	283
669	533
403	752
550	622
281	909
845	710
222	514
85	496
650	789
318	397
577	75
199	84
731	573
146	779
398	732
783	403
795	134
719	938
177	925
668	760
171	715
859	805
38	171
552	696
75	499
973	480
440	322
336	41
886	41
384	431
292	768
269	366
296	675
42	800
845	840
549	690
190	196
479	14
120	620
422	293
181	527
304	424
760	257
733	810
687	103
500	221
149	556
725	530
498	600
769	887
84	458
5	537
314	243
172	755
196	224
621	14
521	242
288	176
872	733
46	227
955	184
368	651
374	447
377	991
915	141
454	587
704	230
547	574
537	186
183	521
215	77
89	729
297	925
209	64
904	695
546	451
699	941
213	508
682	914
210	54
415	810
685	378
678	514
306	864
59	373
372	554
122	759
417	270
458	225
221	328
787	915
52	611
804	238
199	280
163	1000
37	731
452	737
326	653
153	285
150	483
131	947
197	429
908	275
193	575
326	635
5	807
975	691
54	834
278	977
260	847
339	704
703	166
620	65
576	684
545	979
950	724
722	111
284	842
188	590
186	839
705	291
846	968
75	74
268	588
704	216
105	995
848	177
999	74
311	401
468	227
282	293
168	565
63	875
786	705
951	973
531	389
683	623
429	867
259	230
807	696
722	785
943	490
405	737
696	534
581	324
312	979
517	259
822	199
179	185
568	191
99	368
895	617
912	680
911	155
686	339
667	27
654	167
845	791
279	69
672	734
23	626
55	705
803	213
320	452
42	3
403	610
254	947
13	567
975	623
15	536
210	477
582	432
700	137
447	936
430	345
226	881
655	530
90	37
496	385
218	483
920	172
801	321
960	573
188	654
642	343
284	453
373	139
843	494
430	390
688	998
390	463
447	86
953	231
455	36
15	18
257	798
656	829
776	729
625	973
525	135
715	357
253	834
446	444
739	271
482	783
321	218
891	274
421	855
128	471
837	481
609	42
934	2
811	443
925	728
876	835
887	536
458	909
649	664
822	287
908	165
843	561
758	482
996	39
600	168
158	896
575	501
477	655
538	498
193	93
159	149
190	948
878	392
152	814
917	1000
58	240
96	734
866	893
648	981
109	931
715	541
10	85
601	983
945	514
282	992
417	135
715	642
994	319
341	228
535	397
369	934
408	424
864	640
181	863
904	115
780	42
324	620
135	222
309	122
897	254
823	571
612	345
119	63
929	145
508	969
981	597
474	419
964	978
223	307
8	108
585	630
979	69
324	272
590	127
96	778
940	869
47	426
114	322
438	6
54	739
560	978
940	363
980	1000
346	288
173	671
987	354
458	894
205	835
127	517
443	744
395	944
371	811
251	979
325	403
811	103
583	296
2	763
82	623
839	973
72	57
715	405
731	1
521	336
196	808
567	762
452	718
936	944
288	951
39	741
566	259
158	661
388	878
160	605
458	569
334	568
683	737
685	911
789	158
835	799
968	106
134	616
335	824
835	997
102	800
679	830
936	760
341	186
842	386
583	796
413	432
868	88
247	884
787	978
923	311
83	815
313	694
750	49
732	571
931	676
96	594
977	323
376	789
704	474
974	391
50	13
834	790
901	13
534	168
521	12
493	850
939	432
717	961
480	196
