500	23644
415	322
986	964
199	745
186	104
5	133
995	158
797	781
235	988
529	37
340	873
829	699
899	59
467	504
931	614
288	421
498	196
159	106
806	656
370	225
677	947
734	194
514	438
327	697
641	110
925	504
450	830
143	144
213	142
859	245
583	770
32	303
813	95
271	748
449	299
153	625
382	42
569	845
738	56
873	10
537	154
539	441
629	333
575	554
170	51
404	735
430	893
540	878
847	986
900	681
26	717
736	105
278	763
884	33
998	24
228	483
276	136
905	723
263	891
137	541
171	584
580	317
769	360
925	836
4	206
598	696
624	623
244	572
448	292
975	659
837	715
434	93
787	425
556	651
884	739
298	952
200	1
925	860
520	624
988	550
643	380
739	320
123	216
940	700
949	89
136	766
390	491
829	459
529	232
971	542
588	437
9	567
72	757
736	69
559	202
168	726
703	217
775	566
309	289
676	994
818	763
271	9
233	502
137	3
641	884
120	43
821	624
902	990
864	913
430	123
711	140
143	93
935	656
555	287
489	249
174	946
74	745
376	27
776	523
734	2
926	816
557	783
660	972
265	334
672	287
566	493
409	681
718	783
236	530
965	188
874	350
834	444
292	178
256	114
400	537
19	45
974	861
341	5
903	266
771	764
742	368
743	953
423	575
595	454
547	674
753	219
555	350
495	456
60	160
878	989
796	554
107	134
100	295
67	562
369	308
940	617
960	519
15	217
255	91
950	11
537	970
429	396
189	470
756	545
732	100
397	638
380	486
426	961
464	703
912	275
358	519
416	253
539	831
171	365
404	395
744	4
962	50
766	128
368	407
483	501
667	614
520	364
325	671
969	363
705	604
856	589
985	515
626	984
716	180
470	502
816	55
813	110
158	529
836	554
168	201
958	300
977	578
143	956
509	831
157	978
666	867
695	241
397	211
51	206
847	378
470	352
472	216
902	997
291	503
237	127
172	431
903	826
277	940
837	509
954	675
858	288
39	944
74	795
909	90
74	11
545	41
38	242
590	888
654	204
628	611
107	740
490	630
183	340
511	781
605	856
835	83
799	149
755	747
706	396
861	97
606	684
51	766
132	638
283	493
136	491
794	306
262	733
61	134
398	153
615	946
5	655
939	602
459	331
949	356
655	581
997	980
733	905
30	794
14	113
541	661
797	525
195	724
963	819
989	997
510	400
855	416
77	303
708	760
883	689
560	76
204	44
284	29
208	11
556	662
961	449
283	287
403	950
250	384
459	524
553	523
693	264
687	687
631	189
582	344
559	502
199	825
698	967
508	671
831	63
954	767
854	289
328	467
880	148
989	641
934	952
344	1
1000	5
257	720
972	446
203	120
778	650
282	994
431	386
111	986
375	38
735	447
639	744
164	633
545	382
214	413
30	931
543	695
509	641
630	652
628	35
715	143
103	294
239	141
356	985
561	36
376	347
863	776
121	90
627	216
357	20
661	999
60	226
724	489
526	561
378	624
266	279
93	209
798	773
179	676
619	658
585	906
704	419
935	369
816	777
450	424
149	83
846	313
865	346
721	923
963	313
152	731
393	257
326	686
62	569
649	440
447	148
471	584
742	774
457	815
237	765
370	913
408	931
195	334
453	249
241	926
197	606
972	257
362	151
910	321
594	585
851	944
1000	316
253	143
665	840
321	6
412	537
319	433
998	829
316	162
253	21
490	969
1	423
511	565
672	594
732	156
37	62
152	180
736	151
189	3
195	382
603	965
860	283
526	139
773	134
773	389
32	423
123	935
318	733
228	716
138	319
217	68
30	760
245	730
209	208
324	980
825	173
946	16
734	703
504	31
482	982
301	801
865	944
284	845
127	987
378	304
538	722
363	773
150	238
826	270
785	363
772	749
244	599
331	273
215	747
504	102
145	267
401	61
869	901
585	213
334	628
523	567
53	203
336	510
626	646
11	365
592	693
321	17
135	984
711	41
953	693
265	995
644	641
126	45
251	323
392	119
716	388
241	339
520	210
834	774
99	131
301	784
283	260
241	51
333	414
856	235
599	490
369	660
652	800
218	550
857	578
398	706
403	171
571	142
96	481
423	517
360	437
645	105
887	265
914	394
178	301
109	28
960	380
430	23
119	532
455	850
253	48
856	139
794	503
232	562
110	270
993	635
888	488
692	364
562	100
417	729
40	141
541	622
901	407
62	230
711	218
516	101
492	172
95	872
747	846
487	499
258	153
218	336
990	293
248	452
427	765
968	921
638	654
579	338
930	908
718	519
125	526
329	949
232	992
523	804
972	831
495	115
