500	119480
522	759
427	923
978	45
594	823
179	154
638	951
50	464
434	681
923	794
184	24
80	604
122	969
536	574
85	698
34	109
830	899
513	235
273	507
302	568
665	167
865	893
376	980
906	920
526	827
522	151
13	562
973	521
267	921
848	79
256	287
503	772
401	292
353	569
253	216
730	228
139	47
930	472
458	129
527	550
867	155
680	851
449	872
556	618
858	177
265	199
846	206
164	279
544	910
704	413
470	462
854	686
659	204
840	264
547	396
853	73
812	719
591	98
725	477
461	574
438	659
979	179
304	585
385	933
116	749
61	741
262	483
794	378
420	757
513	115
437	859
319	938
309	307
706	136
393	883
473	347
121	231
94	751
357	856
286	227
855	443
618	712
820	58
250	549
535	9
399	634
618	771
772	490
544	561
932	57
413	356
309	978
408	112
53	966
653	859
305	207
410	58
817	696
244	575
115	355
442	796
277	403
865	357
520	903
391	282
328	149
184	587
242	181
463	945
797	659
197	476
645	974
343	521
561	295
721	193
930	607
571	730
435	725
851	409
640	391
70	186
410	735
527	138
60	830
770	944
623	137
240	550
279	182
284	933
542	624
852	759
874	402
532	137
591	279
359	104
991	341
979	808
139	33
752	772
495	101
996	922
341	886
108	769
291	248
772	425
626	318
678	657
236	678
646	401
130	70
877	711
750	979
434	408
392	822
35	60
124	512
131	121
507	983
632	251
720	20
880	55
470	163
150	23
439	444
378	135
207	750
18	95
956	9
475	674
555	118
70	567
235	688
298	512
507	638
959	952
249	91
796	27
967	820
971	803
264	829
912	81
15	691
574	705
156	880
92	587
546	227
19	428
943	400
758	866
897	790
200	845
249	546
450	372
859	7
464	14
959	863
872	397
476	641
810	896
917	643
104	574
456	814
651	202
510	897
839	518
551	363
343	384
880	303
9	699
645	356
770	334
841	189
35	700
927	7
795	833
974	201
528	786
141	727
709	188
195	542
798	474
724	508
114	259
790	49
626	461
629	490
788	16
227	17
593	850
442	2
277	233
534	818
879	162
327	879
94	413
961	729
644	891
996	59
381	144
829	929
385	176
960	166
627	745
182	820
596	627
195	731
121	314
442	581
863	839
540	32
598	895
936	348
432	1000
970	350
730	502
99	636
539	351
134	36
308	232
164	547
637	438
515	120
717	913
35	809
773	716
454	640
468	640
81	817
456	887
108	735
890	902
459	305
614	374
256	501
619	101
832	281
447	38
110	52
792	113
674	366
558	133
581	418
14	969
439	127
324	907
432	63
426	745
465	788
855	422
743	777
916	164
183	665
57	244
718	316
445	374
614	83
474	384
363	352
361	223
622	931
344	513
572	811
602	502
171	939
781	229
208	679
749	944
648	611
172	329
926	431
890	795
650	80
195	107
498	811
476	248
103	516
68	388
409	364
860	249
474	241
913	925
184	259
483	294
381	403
241	9
696	357
158	608
332	76
704	628
497	959
132	452
43	785
254	242
269	74
553	672
852	1000
352	939
121	899
379	936
166	51
579	540
379	31
318	837
704	85
398	474
257	245
747	207
155	245
979	256
256	250
342	425
182	59
724	610
922	466
10	908
274	406
190	129
530	785
743	145
42	466
655	132
583	980
261	609
275	516
645	123
956	964
555	562
262	180
395	278
390	468
227	14
996	672
733	726
894	250
98	561
983	42
829	933
740	897
256	996
950	969
639	111
91	432
615	126
799	922
218	231
179	202
354	834
868	408
131	48
202	506
650	857
836	297
450	727
564	72
483	389
600	116
870	262
8	925
812	356
284	158
789	917
802	931
907	931
7	806
755	548
15	983
922	48
988	374
383	517
263	174
265	752
678	259
35	940
409	210
415	499
847	429
926	505
297	262
729	423
523	230
894	273
307	829
569	995
1000	88
42	654
59	176
773	187
634	38
988	52
738	32
569	376
397	82
605	235
504	388
571	653
96	647
964	316
918	269
262	358
255	888
208	314
565	808
122	442
922	753
729	69
969	230
90	363
442	223
24	31
170	753
137	352
315	751
470	214
657	692
819	63
900	936
924	19
724	387
562	830
176	227
144	102
324	884
648	807
491	97
632	806
559	477
688	578
668	41
835	521
163	731
316	211
283	266
520	733
639	928
930	843
689	308
874	170
232	928
921	342
200	206
242	115
398	839
116	324
368	606
987	950
522	608
752	614
760	61
716	136
562	748
214	135
864	654
301	534
416	642
737	457
428	489
276	186
441	809
411	584
459	43
753	532
