500	60831
727	329
467	927
614	447
524	230
513	248
820	451
27	936
693	272
769	850
811	714
760	647
5	921
145	116
873	406
304	490
904	468
762	768
115	166
997	560
434	723
745	822
748	181
478	512
367	769
749	150
866	267
674	6
938	341
446	41
557	399
596	353
18	463
10	793
5	766
701	586
311	747
371	310
158	945
954	479
409	310
128	338
477	336
846	719
532	498
903	529
933	794
208	157
396	927
949	784
995	575
12	183
660	220
209	51
397	352
969	434
258	292
618	619
714	300
455	135
199	606
252	299
793	251
772	36
803	252
719	169
188	848
708	643
289	285
475	866
271	716
319	314
609	558
362	554
505	184
794	765
683	228
355	923
785	120
993	47
273	186
866	909
920	565
829	474
832	90
672	848
145	219
431	449
127	134
144	114
821	467
755	386
176	519
970	540
940	746
16	553
986	914
652	394
845	707
161	586
917	288
54	878
800	726
499	898
458	250
470	144
58	746
361	203
999	500
95	270
597	171
604	288
321	306
309	683
560	497
228	183
724	742
934	416
859	132
449	654
212	978
451	922
38	118
981	849
208	596
426	740
793	590
668	67
932	228
17	579
303	875
162	929
875	201
784	666
998	119
659	488
579	769
639	548
472	975
869	24
348	925
401	105
147	370
339	335
322	551
547	746
909	739
851	934
487	431
887	201
720	450
358	205
219	964
381	824
138	782
619	752
21	51
158	580
930	674
76	644
207	731
392	204
121	325
945	930
576	18
371	277
589	239
111	58
911	635
94	511
302	133
73	427
61	38
78	555
641	10
802	814
937	325
291	893
940	255
783	890
158	739
950	23
438	956
164	181
593	24
297	422
883	832
729	826
864	831
61	296
620	996
986	775
265	816
523	804
229	90
300	290
372	252
330	734
625	874
109	694
751	427
340	251
211	654
41	193
113	254
611	949
151	860
786	140
970	603
790	710
150	817
70	510
902	594
269	739
994	858
658	236
119	944
702	64
883	616
176	375
792	984
618	263
207	343
784	815
883	146
871	908
474	995
839	435
214	887
556	438
229	909
824	327
392	243
817	173
435	335
288	605
479	129
330	464
891	775
129	115
166	130
562	467
468	413
122	227
221	362
203	381
186	298
655	339
355	452
458	144
564	465
183	666
891	610
775	813
85	371
808	708
721	427
626	861
400	953
742	603
117	215
501	965
151	226
407	61
688	130
547	875
266	935
878	775
320	258
544	832
766	807
379	384
69	765
75	548
836	843
363	158
53	356
866	281
268	408
527	381
49	995
8	65
19	225
564	445
903	787
789	633
57	290
777	584
419	855
791	938
199	108
408	603
792	892
309	624
24	619
243	868
499	96
636	643
681	353
427	651
879	756
556	673
354	998
658	720
867	17
695	72
100	632
736	518
211	23
889	721
131	169
32	952
31	691
489	185
229	333
650	232
764	902
602	373
631	686
250	115
270	759
249	648
153	211
386	15
46	441
4	401
242	117
322	124
537	181
793	484
145	75
37	262
796	411
828	811
15	299
164	829
454	872
517	30
985	872
677	583
282	369
469	507
592	262
646	139
579	712
518	884
128	189
751	459
197	149
279	830
201	929
733	982
762	902
527	891
87	27
999	549
94	846
920	675
371	896
455	650
950	527
530	126
263	952
124	461
829	313
859	252
310	156
914	321
953	713
962	62
124	271
653	484
496	112
478	219
448	798
20	382
886	160
221	873
635	599
188	66
339	399
375	587
864	392
801	35
660	326
374	243
260	114
318	819
696	368
174	327
432	434
645	512
298	627
209	625
263	434
578	228
244	310
525	449
240	768
476	375
419	791
727	93
69	84
157	504
138	435
727	281
3	904
699	227
182	800
507	982
890	528
744	949
91	303
530	524
122	125
280	290
287	955
881	516
837	169
789	43
614	453
841	100
453	227
526	164
523	372
90	947
977	541
409	539
669	272
416	229
558	588
325	678
786	159
106	4
524	121
515	296
699	218
909	31
352	421
371	427
483	310
828	222
228	471
305	453
186	385
885	632
271	86
151	425
584	583
364	606
671	557
210	452
996	987
945	859
120	687
514	550
986	211
734	217
879	12
905	445
68	245
69	523
158	260
705	446
674	57
266	900
927	502
425	496
860	346
257	746
741	227
429	582
373	800
587	551
642	566
995	497
97	137
410	305
959	363
789	505
551	907
216	366
621	614
215	782
630	117
165	663
486	332
72	316
552	894
305	800
418	945
422	275
944	504
525	376
149	264
708	838
231	754
221	878
829	778
223	786
809	295
