500	124165
633	779
802	312
407	244
155	404
335	816
686	937
75	91
684	842
926	328
199	91
368	985
977	910
535	333
405	996
173	883
547	179
17	972
785	305
62	955
159	600
519	211
277	494
149	991
499	127
63	739
872	806
862	903
468	620
455	315
134	229
269	41
925	271
723	38
281	502
657	477
775	574
868	321
356	138
283	75
328	681
573	948
844	333
656	234
20	480
95	300
304	530
686	539
794	186
782	534
420	138
507	147
535	275
935	499
689	920
106	347
220	141
968	113
449	610
218	701
744	180
984	174
983	91
524	522
175	955
825	928
209	282
406	722
950	585
981	196
321	566
28	764
720	829
640	686
293	301
64	76
104	384
889	188
182	917
788	911
617	483
215	766
607	127
259	539
754	630
249	446
421	678
742	341
299	542
14	367
262	119
159	95
356	776
782	90
491	979
258	669
909	157
349	164
666	690
193	259
488	565
928	56
262	5
593	905
383	391
40	858
69	558
677	506
933	71
20	578
377	907
53	775
366	879
182	476
733	918
789	653
615	595
861	794
317	330
302	865
648	102
44	736
658	990
862	563
983	445
546	461
740	597
389	942
461	785
658	29
626	305
586	976
799	283
402	1000
778	371
226	57
444	253
275	8
469	424
542	867
181	261
543	87
2	608
914	665
384	648
150	105
845	402
392	612
131	11
902	860
277	87
381	833
488	696
336	987
16	791
801	422
101	860
434	933
311	447
26	351
290	916
883	436
625	319
868	664
598	135
425	828
23	193
362	375
323	248
616	32
923	277
138	415
566	786
820	722
324	193
293	17
726	619
371	524
514	287
925	817
161	928
912	373
826	793
183	444
932	413
268	426
581	746
701	119
645	243
158	158
263	623
40	25
857	777
914	262
726	384
264	458
165	500
706	54
361	675
62	576
963	334
889	316
403	515
97	618
292	678
861	892
562	534
341	749
118	45
412	290
767	576
281	89
541	330
719	774
173	504
743	265
59	568
944	250
142	987
996	559
264	221
577	301
388	386
243	64
497	709
460	328
763	575
589	206
219	773
647	525
68	718
512	546
881	645
398	20
942	249
747	641
929	293
507	713
137	849
626	191
518	62
382	968
240	411
153	910
56	567
962	405
893	878
573	873
196	575
764	194
568	684
549	38
143	934
919	525
600	162
563	244
360	376
735	383
393	710
528	355
18	391
624	360
350	326
154	735
523	53
852	956
547	814
942	212
435	908
676	673
762	613
928	982
327	681
245	851
277	507
132	451
310	879
431	828
24	67
395	752
919	255
937	250
890	120
942	20
446	631
788	556
733	322
250	531
449	415
840	314
49	634
373	298
977	954
387	360
386	799
416	814
318	196
112	194
779	515
518	588
62	582
261	221
516	286
617	750
551	652
487	33
503	788
829	547
11	123
413	512
372	464
762	96
327	13
72	50
757	267
957	465
759	357
773	211
281	132
72	997
801	142
544	104
339	506
847	567
162	879
156	744
272	728
984	951
487	237
770	226
224	369
141	63
362	644
297	187
311	999
787	568
581	339
592	565
505	940
489	435
971	308
233	21
78	553
461	543
863	170
991	538
439	724
770	943
412	50
385	781
530	619
342	580
238	400
779	447
644	878
291	982
998	622
394	438
73	194
453	854
621	89
947	434
994	127
505	84
965	918
867	1000
938	856
705	405
505	511
793	860
908	764
958	568
87	299
665	623
487	41
282	873
925	197
365	203
244	138
474	729
48	473
323	851
727	302
567	272
576	516
932	833
646	728
46	74
69	345
566	387
970	255
887	754
231	990
257	510
995	809
940	137
610	586
704	218
377	92
375	852
289	649
705	141
931	10
109	817
52	242
666	446
664	376
615	548
198	722
494	411
678	166
989	928
62	661
533	397
246	536
581	423
55	903
395	164
220	218
945	605
937	224
399	820
256	576
447	279
990	205
880	683
521	826
68	683
563	813
162	944
570	168
833	971
68	882
470	834
317	382
940	887
723	231
12	635
458	37
126	578
484	649
575	133
431	40
844	117
62	201
855	761
713	73
721	399
201	134
580	212
588	981
146	941
404	115
768	714
95	758
644	236
702	867
848	900
786	145
257	256
270	946
887	622
584	302
706	423
54	508
590	682
65	643
214	596
400	526
951	942
441	63
338	828
830	983
442	144
629	333
675	790
192	256
701	819
680	180
838	745
714	386
740	598
993	785
346	935
266	572
646	745
990	753
106	103
391	282
608	273
953	534
924	970
967	729
480	188
990	896
154	494
777	973
444	359
933	303
507	222
695	285
