500	64867
811	626
960	855
521	513
943	632
966	706
87	684
295	824
804	173
376	406
671	211
45	183
835	713
757	884
433	522
103	676
488	524
959	50
996	810
538	530
300	787
527	461
972	156
819	75
224	215
30	536
338	866
239	543
846	219
942	317
770	449
495	674
633	728
982	232
921	713
315	300
318	255
439	579
864	960
42	868
846	964
803	263
65	133
164	782
446	159
633	721
443	733
583	27
698	502
921	288
328	46
983	584
760	351
983	904
708	822
307	16
670	834
359	120
261	626
784	508
175	361
40	98
625	271
74	158
937	877
849	973
965	883
254	662
207	964
313	385
879	525
849	9
446	378
719	154
177	924
309	919
228	895
908	447
117	397
616	511
487	113
447	569
200	885
437	657
227	486
989	127
878	896
525	672
660	252
758	66
268	901
37	251
238	859
426	232
932	389
486	797
361	842
509	767
121	498
389	12
25	501
757	560
986	743
749	285
935	529
726	672
937	583
22	399
583	6
860	309
619	601
400	337
703	739
824	562
176	21
908	252
418	127
199	635
537	376
876	579
336	757
650	905
865	990
400	562
194	246
461	330
406	85
114	317
696	873
670	433
753	445
846	980
477	953
413	545
661	558
165	335
18	851
906	945
476	540
922	155
169	569
300	201
516	267
67	402
34	11
878	121
863	453
127	113
867	466
752	963
257	171
217	130
741	871
378	858
766	644
663	620
754	631
853	215
461	857
609	796
858	856
813	541
356	376
123	336
959	821
313	284
428	842
758	74
449	81
581	143
757	55
939	815
457	485
950	232
628	434
472	718
769	916
393	688
570	131
676	833
830	877
14	880
717	15
499	970
404	944
432	229
346	353
22	542
675	437
737	1
939	840
343	538
536	106
511	53
573	742
808	751
314	889
211	403
40	574
712	636
364	681
18	384
573	365
196	445
889	632
20	945
219	253
833	273
160	73
372	467
460	867
397	462
368	879
452	877
893	992
262	548
608	665
444	703
38	657
876	582
805	490
570	990
736	227
118	839
183	470
774	484
303	881
756	357
824	861
833	435
948	339
752	313
744	37
943	96
470	910
150	684
630	663
733	841
718	593
302	209
215	735
473	113
251	141
976	893
313	472
324	641
532	689
866	543
97	925
927	559
577	601
295	202
496	66
481	714
134	397
139	795
285	858
297	615
405	140
237	703
170	32
836	248
633	674
202	810
318	669
113	999
274	210
61	614
847	738
502	695
967	506
899	276
858	240
208	842
405	889
638	964
571	657
538	885
449	909
238	360
272	623
988	429
209	499
264	275
299	855
671	763
653	467
606	31
784	932
517	72
459	759
198	112
589	763
897	422
942	445
684	887
348	514
937	388
382	512
279	619
751	847
700	230
241	725
969	148
797	190
459	898
231	968
399	369
960	351
288	498
438	322
429	257
312	740
799	70
37	776
29	358
487	597
204	549
650	994
345	346
404	854
686	366
972	366
861	404
745	832
540	280
862	233
471	169
763	289
216	585
816	879
638	799
66	520
909	978
688	684
678	326
124	283
836	864
916	909
258	803
503	631
779	69
999	741
555	69
563	524
295	920
639	801
650	995
370	234
856	30
783	199
862	972
131	550
969	398
911	464
703	794
284	122
191	146
19	804
789	913
270	733
674	411
490	157
677	552
598	497
437	881
80	187
19	482
684	71
728	948
827	315
333	899
654	862
152	174
427	838
826	905
672	126
428	28
295	390
366	87
815	769
65	958
903	551
108	7
250	569
324	351
425	228
96	512
799	411
719	842
793	211
965	796
883	134
744	233
335	585
99	580
404	657
656	34
125	343
660	490
132	157
806	636
280	520
988	984
666	614
213	685
199	926
583	473
199	768
95	789
487	535
10	28
162	619
1000	581
222	663
333	721
753	257
149	152
950	482
442	170
333	467
397	902
598	393
807	45
191	157
544	779
428	234
216	906
549	9
212	856
91	310
591	546
115	991
516	84
265	442
826	283
461	741
939	653
578	339
501	875
371	560
230	730
817	257
28	338
741	19
877	623
560	351
239	469
813	379
845	699
897	211
747	650
33	152
842	557
341	594
381	528
257	720
743	416
900	829
361	167
537	362
134	651
894	297
166	750
657	56
856	209
652	710
632	801
879	26
943	903
731	847
227	213
292	644
864	837
729	69
323	293
279	142
538	210
71	95
312	444
433	748
171	913
178	957
126	532
554	826
478	982
939	253
973	51
408	283
682	247
891	199
275	783
216	905
226	801
550	590
384	635
728	553
918	582
312	996
291	205
459	836
