500	123922
934	229
422	189
9	360
547	84
493	391
18	988
124	88
404	932
154	903
151	442
142	480
698	772
191	357
282	586
444	332
382	63
235	339
249	618
20	219
441	151
615	34
394	376
908	140
785	288
460	727
220	489
355	181
726	944
790	872
660	885
697	632
636	218
733	338
851	484
820	701
496	837
465	217
13	832
440	870
550	832
696	840
969	999
586	818
211	532
146	726
833	93
311	640
41	97
54	622
239	749
995	274
886	882
522	949
126	205
163	80
153	642
803	766
78	371
354	11
770	530
395	778
401	109
493	389
343	192
50	558
305	885
180	209
538	843
117	360
854	277
666	336
305	71
721	229
193	852
194	883
651	869
710	217
746	965
589	212
484	954
952	641
814	465
489	788
937	296
497	397
552	209
21	547
362	725
761	951
980	468
398	387
505	9
167	664
750	506
471	704
510	653
355	623
33	761
852	267
561	825
341	939
962	418
341	968
839	323
315	288
958	504
72	99
15	711
572	785
67	11
649	700
617	474
337	1000
247	273
248	981
458	333
812	145
4	915
880	592
383	482
263	460
98	722
697	24
150	843
600	734
293	464
340	673
996	699
950	68
584	46
541	405
766	649
333	917
213	900
148	827
266	48
753	585
175	938
617	348
696	834
417	705
993	508
54	442
223	375
28	462
241	689
451	516
987	384
867	696
158	503
751	336
380	362
62	945
53	884
930	196
52	808
328	852
587	6
357	462
422	151
206	618
854	192
962	291
652	263
548	826
159	331
85	738
356	914
577	364
714	626
187	289
381	685
832	989
600	808
39	696
97	642
94	935
830	7
892	920
632	361
895	766
657	802
159	649
648	812
230	887
623	359
391	416
521	518
581	387
64	128
90	871
137	282
531	810
769	601
54	786
352	124
378	276
882	232
47	461
17	811
397	543
662	111
652	326
809	764
398	34
617	161
968	112
193	623
114	212
832	74
910	997
186	635
943	535
315	98
251	910
720	687
676	49
885	730
154	21
747	249
212	915
633	164
920	232
815	747
36	997
809	263
979	13
153	979
942	699
586	824
693	12
287	308
518	630
534	196
550	752
208	278
121	75
745	280
572	887
4	331
568	867
414	744
218	5
207	39
290	337
519	51
599	262
679	865
672	731
864	352
567	234
57	687
117	463
880	713
315	136
408	109
254	803
695	805
663	331
732	716
91	764
494	446
763	424
204	506
922	257
19	919
168	139
251	756
156	543
222	408
135	94
24	747
357	633
905	294
780	346
529	580
960	445
853	682
98	449
959	372
480	800
743	641
856	391
969	304
145	713
878	45
968	552
515	792
714	468
529	486
827	190
195	584
239	772
932	864
730	373
728	774
635	694
47	248
6	989
831	232
291	789
58	200
602	245
903	303
964	211
433	687
653	507
823	79
260	627
341	91
901	163
91	781
820	576
172	228
967	55
794	152
279	895
643	652
876	62
691	456
822	653
624	885
816	29
891	79
110	769
940	239
777	480
855	44
969	87
992	163
931	208
7	666
816	802
15	540
748	90
438	709
14	301
227	54
466	697
976	884
139	512
314	982
524	794
909	574
253	998
341	922
622	807
449	536
268	702
628	351
432	133
525	380
901	680
304	856
965	709
483	979
61	730
29	151
669	119
302	644
827	106
730	793
151	966
919	277
298	912
789	279
764	826
381	231
312	239
919	710
162	529
567	269
168	644
635	754
690	219
575	620
122	449
206	431
466	237
403	509
756	363
774	216
65	606
316	159
687	72
106	519
818	13
429	250
935	893
671	876
278	32
857	709
86	570
504	601
748	127
705	334
537	387
467	99
632	975
778	359
229	983
714	714
429	367
963	367
914	639
45	707
801	194
60	994
151	926
970	653
697	353
156	503
268	134
532	746
910	34
358	222
635	934
432	133
316	940
464	108
463	354
112	257
352	484
286	527
967	23
911	436
934	367
568	714
621	258
107	191
18	388
354	902
169	706
991	357
829	580
82	168
185	260
808	249
804	49
223	467
595	964
856	148
445	602
256	656
605	175
473	929
712	322
792	943
227	6
716	869
271	490
250	460
604	221
951	760
863	727
925	785
665	68
505	57
949	804
21	653
207	34
850	248
48	507
323	63
239	632
103	812
379	241
796	665
441	587
560	388
145	619
421	974
100	793
957	446
39	253
852	103
481	748
639	625
355	58
600	318
528	519
206	76
67	302
468	619
93	488
383	956
26	253
825	452
341	452
875	941
617	867
377	144
800	545
769	292
184	37
336	647
894	989
293	87
100	306
300	256
