500	62992
947	111
755	350
859	828
636	785
3	894
437	712
351	231
665	529
795	684
561	401
650	110
548	324
382	89
88	467
944	604
10	851
697	37
616	315
6	234
457	181
968	456
83	59
722	578
236	42
341	619
981	27
1	738
664	13
935	867
174	389
851	472
667	45
597	336
575	531
575	17
810	486
909	810
851	270
228	392
82	900
539	45
503	997
591	517
852	609
606	576
123	254
993	255
495	378
767	657
374	214
1000	934
628	404
964	240
870	624
321	735
11	209
782	758
446	834
488	109
247	365
368	203
759	134
462	893
784	392
859	940
144	37
381	505
852	887
568	401
480	354
84	124
606	774
988	870
699	978
385	530
580	943
534	123
907	862
786	526
804	12
566	244
369	344
109	811
495	415
689	623
139	166
767	620
838	292
51	23
357	662
342	294
125	186
774	946
226	133
74	557
75	212
840	708
391	802
265	5
601	508
983	702
999	947
807	908
544	182
266	281
521	880
371	544
839	404
415	693
992	390
486	726
155	667
988	15
291	980
779	880
771	5
911	422
260	515
791	61
760	825
250	761
311	945
962	661
363	496
158	527
650	224
801	491
594	14
490	321
314	335
379	689
197	593
44	415
289	867
182	336
490	542
28	428
362	26
896	875
868	441
904	851
30	610
640	67
313	564
517	810
980	152
75	492
861	865
18	937
491	593
923	740
454	730
183	213
432	715
805	991
942	75
225	324
356	963
683	225
52	626
124	879
55	95
151	380
631	495
150	721
403	478
118	842
421	854
347	518
952	477
565	676
152	254
543	511
292	513
57	391
843	980
253	263
960	546
370	807
146	890
53	648
609	725
218	132
533	342
764	886
847	781
704	318
335	44
888	951
105	401
326	159
361	719
321	690
15	792
520	624
595	596
127	1000
229	855
254	295
148	13
25	771
801	557
666	846
884	701
341	103
631	555
111	800
544	475
947	882
383	202
524	330
505	484
918	715
486	948
924	634
235	96
271	999
605	128
613	298
628	372
424	539
942	886
3	716
676	841
952	898
512	919
183	864
108	788
97	761
861	932
174	656
672	612
110	885
139	339
139	316
797	759
504	784
651	990
225	148
832	450
888	624
34	816
156	191
753	25
347	870
951	790
677	124
637	164
296	765
167	494
496	838
998	108
14	792
487	734
156	146
487	516
654	34
540	238
434	694
94	182
455	329
742	934
320	957
718	399
406	427
20	824
473	532
408	716
433	620
565	124
736	846
412	913
889	522
213	811
440	230
510	61
916	61
233	80
395	865
961	536
960	720
829	825
543	586
238	359
251	556
565	314
269	698
237	190
728	555
860	187
230	201
157	170
590	69
246	793
282	125
947	202
904	637
764	89
623	751
205	178
355	6
507	700
852	452
513	725
483	85
921	508
679	27
54	987
984	716
439	661
475	473
76	727
157	652
878	655
652	350
316	859
220	776
420	754
333	732
306	425
600	960
525	821
918	926
954	915
844	964
269	933
55	811
769	543
928	131
648	467
783	35
603	236
836	187
79	240
482	412
884	677
133	351
608	950
677	90
878	486
393	234
943	517
64	525
5	490
411	817
721	493
642	198
751	670
405	976
864	815
322	110
524	663
395	853
804	330
179	984
130	21
525	109
570	459
217	461
244	482
404	830
149	168
717	782
502	880
499	377
19	474
935	673
305	274
584	569
541	50
131	548
737	483
622	399
791	961
641	594
442	910
903	793
319	524
743	273
91	354
605	198
557	605
109	43
308	173
851	570
388	324
792	349
300	927
347	493
350	333
921	120
982	429
275	885
237	843
653	108
958	630
145	322
580	714
982	124
729	579
242	613
6	17
216	612
697	120
852	105
93	723
843	755
703	207
91	48
37	948
368	941
974	35
742	905
838	661
544	636
644	976
143	132
634	369
423	442
878	521
757	589
745	126
959	20
286	129
599	4
21	423
195	937
705	652
96	990
196	822
765	999
515	321
525	765
452	920
269	573
865	250
522	831
672	312
971	433
191	781
313	481
142	684
790	454
637	404
268	495
350	24
509	968
71	7
240	102
591	727
637	491
850	47
282	94
336	234
822	828
194	88
443	516
627	593
715	901
757	41
444	483
730	278
885	120
551	138
43	277
285	942
77	70
241	488
88	375
6	252
274	678
176	911
772	758
5	980
958	114
539	151
863	932
751	347
410	607
251	932
362	850
885	417
380	166
524	298
77	524
352	552
585	607
81	961
535	332
789	377
136	77
732	636
740	299
775	106
301	5
36	154
385	138
60	122
487	209
144	436
