500	25710
316	654
842	615
984	763
313	749
220	54
518	417
842	454
954	474
503	604
39	91
216	287
977	233
765	431
833	64
701	873
719	853
968	663
427	113
578	572
956	181
919	73
766	185
890	508
914	247
383	287
108	944
315	980
179	210
695	39
728	967
172	402
853	119
242	821
659	493
100	916
788	390
4	951
822	961
105	615
385	646
670	109
980	593
515	472
983	598
258	799
236	733
801	816
271	213
791	235
632	428
974	158
58	651
831	351
503	191
520	328
732	814
328	935
53	813
426	968
326	860
436	494
328	48
872	487
1	627
113	249
379	385
726	506
713	815
512	992
887	607
7	489
431	943
667	147
674	887
489	650
797	603
176	367
770	279
900	842
889	906
415	418
986	574
950	315
45	95
926	417
410	734
769	934
696	79
397	696
239	940
750	7
446	312
128	436
412	224
823	141
820	69
753	729
19	328
800	252
861	791
529	361
978	393
95	835
452	134
141	324
894	347
462	769
96	420
294	125
948	234
743	1
234	233
252	120
454	702
57	752
86	308
678	209
518	923
781	264
226	598
192	593
114	413
131	880
167	214
415	182
16	433
655	667
20	115
846	893
776	401
391	68
772	49
865	110
289	60
592	406
636	80
314	253
74	903
568	160
140	454
345	437
507	157
173	719
419	269
545	418
317	201
827	352
350	644
145	500
71	131
407	23
934	468
846	544
660	167
751	387
38	384
423	879
307	107
237	320
535	562
677	425
235	927
145	522
734	929
458	671
93	931
754	729
797	967
756	628
600	445
224	336
910	443
382	453
72	727
57	275
224	468
773	550
596	137
100	378
608	514
857	185
158	566
969	351
127	346
229	546
683	631
457	548
782	334
380	330
537	455
78	757
180	947
863	638
752	132
356	357
84	23
178	731
482	277
96	896
59	493
976	992
296	306
568	975
547	532
732	44
582	986
93	907
289	366
959	94
447	724
663	956
198	662
27	918
559	3
558	308
541	711
267	156
753	427
755	623
760	879
737	223
376	919
469	627
722	725
7	897
323	278
380	952
883	678
693	590
468	197
618	716
283	961
607	620
165	484
381	723
489	475
572	133
21	734
887	114
703	657
53	745
813	603
219	273
138	608
73	109
306	976
466	798
161	957
264	525
740	873
313	85
55	615
206	918
25	103
33	458
118	930
699	194
507	872
562	687
217	669
736	73
890	87
787	193
364	739
843	2
415	103
574	620
841	687
279	721
787	943
711	379
375	620
782	358
684	831
66	895
899	439
655	558
583	692
218	389
931	487
33	974
98	762
761	521
786	264
951	185
938	511
728	762
9	606
937	12
527	178
608	590
307	655
489	740
603	553
921	707
834	384
165	666
775	522
362	785
348	555
308	263
683	324
417	660
755	424
808	647
928	980
2	838
52	427
161	373
184	787
722	329
157	145
927	316
622	867
150	535
41	424
896	400
403	133
486	63
875	824
819	915
701	965
973	71
870	666
719	449
245	262
384	380
69	944
598	234
548	672
472	898
54	841
185	200
738	362
514	990
696	139
529	643
823	39
749	602
158	862
189	943
133	821
673	781
673	186
400	152
183	864
833	284
571	796
948	968
347	916
145	722
593	677
924	522
179	828
484	625
594	170
712	667
625	330
542	455
517	514
866	711
562	324
919	788
961	96
219	71
919	83
60	762
371	60
341	139
311	396
848	824
402	163
957	553
155	483
523	592
351	615
708	543
746	605
909	790
670	190
250	939
435	160
669	740
84	415
181	750
939	610
830	520
328	541
268	997
571	479
415	219
690	598
9	538
422	812
836	508
535	989
233	170
36	905
989	934
302	818
441	809
231	721
335	971
119	953
229	541
567	143
470	405
863	478
647	172
689	936
393	520
602	713
63	34
164	446
695	849
671	544
751	919
322	55
448	709
564	816
246	685
726	831
888	922
786	784
47	643
308	414
813	397
176	866
517	665
915	566
685	562
867	531
535	555
211	152
291	182
16	138
105	55
682	449
87	168
675	350
222	892
749	470
17	529
919	318
266	457
482	158
944	244
514	211
995	69
835	81
974	160
130	649
411	124
34	298
933	322
952	398
858	778
407	801
67	655
616	61
240	489
2	739
49	635
378	847
994	550
554	416
287	671
671	661
166	712
268	676
812	564
86	82
590	828
560	161
106	445
821	852
621	731
940	198
215	557
827	480
58	782
70	141
358	932
632	550
916	132
241	58
873	409
711	571
542	705
985	982
550	232
132	343
804	717
514	36
989	939
545	557
176	990
824	423
474	819
94	774
