500	24903
577	425
892	917
772	859
439	257
110	493
507	417
735	314
227	711
907	943
446	447
916	994
596	46
728	104
63	946
739	311
510	43
383	468
365	942
886	504
718	558
272	283
225	45
279	678
932	853
901	602
930	186
274	205
670	301
477	764
509	690
305	774
365	31
139	63
568	79
880	122
50	665
601	369
825	743
505	16
976	799
462	519
415	435
365	225
97	999
791	422
8	669
222	38
168	185
966	688
578	958
739	416
727	65
441	978
307	946
422	670
5	275
347	947
591	610
310	604
584	342
823	803
151	12
366	5
424	102
621	705
387	171
551	759
489	58
443	619
725	255
742	963
297	256
669	418
380	744
189	799
511	451
627	724
389	636
483	633
544	302
961	71
909	566
876	372
679	294
800	298
844	325
942	505
684	558
878	594
669	652
269	258
350	817
12	595
150	309
168	793
353	385
978	498
163	618
533	568
767	288
339	202
588	901
842	724
579	990
276	784
69	578
745	396
930	7
759	169
736	615
997	927
831	887
243	927
193	791
257	810
335	523
895	14
687	632
26	22
307	936
380	484
111	438
997	474
584	416
426	384
992	573
943	702
974	105
625	710
429	333
736	396
594	487
228	399
931	955
875	209
963	560
187	73
120	117
864	304
979	29
711	78
367	612
608	109
618	300
960	666
848	724
285	97
304	78
467	740
511	486
815	105
809	788
525	273
227	750
369	964
462	7
458	954
843	251
852	950
429	78
598	440
847	660
938	736
200	970
161	812
350	640
333	104
905	502
952	298
766	804
710	940
168	360
254	200
920	181
44	14
886	72
912	873
951	111
58	314
906	591
929	808
907	747
321	370
171	847
570	906
94	200
366	889
963	501
301	169
293	828
241	941
962	597
436	380
761	985
109	460
732	999
568	765
80	443
388	141
414	58
763	107
305	729
275	587
992	656
595	420
489	329
761	707
695	800
668	539
264	307
881	769
921	197
423	956
609	69
717	385
305	739
674	491
644	28
415	437
286	388
987	799
241	641
377	254
10	554
21	559
612	313
497	268
342	945
414	304
770	954
59	43
986	317
440	399
840	1
130	845
295	499
713	532
760	871
367	590
788	39
388	312
870	905
270	167
602	287
622	4
517	407
948	946
84	757
522	659
100	317
908	56
840	776
996	137
354	42
171	609
50	79
464	918
189	792
689	330
684	895
861	639
399	679
871	836
412	922
552	740
331	31
772	887
453	789
776	529
948	761
476	489
937	121
426	26
169	757
253	477
422	89
407	503
442	588
489	123
837	732
160	551
211	365
945	661
25	544
346	107
595	751
839	465
594	672
731	234
270	247
176	110
538	39
914	722
732	296
35	316
840	993
272	98
187	9
36	870
237	512
34	762
330	70
366	681
236	542
269	956
177	598
782	576
746	658
322	665
512	536
639	223
754	712
863	381
428	239
541	856
468	63
672	476
671	69
175	833
902	620
173	300
124	823
841	395
587	333
630	656
524	97
26	808
347	531
205	636
254	72
347	119
27	249
613	89
904	758
71	229
420	909
244	6
967	723
505	702
999	914
409	449
980	786
474	51
375	739
709	864
577	159
289	760
385	878
930	706
362	233
141	397
234	723
351	649
788	376
706	77
717	515
808	982
303	690
29	288
762	831
778	489
58	75
920	928
900	260
117	481
761	519
792	341
291	32
827	4
620	241
193	595
571	215
131	589
29	537
942	561
219	857
772	187
55	558
830	63
239	55
755	831
150	737
477	350
350	552
51	243
20	430
306	504
430	427
198	734
454	900
886	894
474	980
97	318
213	868
532	801
519	732
653	338
7	217
968	928
784	109
342	609
611	62
206	186
92	363
969	367
831	341
628	162
663	724
603	196
808	613
729	370
77	739
904	377
515	459
1000	34
51	561
250	634
59	997
784	358
701	260
396	724
663	828
164	239
607	142
138	209
313	856
359	152
284	80
790	399
654	871
500	960
350	816
382	254
189	372
877	100
20	930
662	298
93	130
899	936
679	927
132	664
42	561
930	263
406	791
941	116
774	121
769	21
665	170
423	1
119	831
719	330
493	452
26	553
772	387
201	389
67	173
386	502
850	787
898	914
862	953
214	593
648	895
704	707
825	175
809	285
770	980
904	6
525	213
645	528
84	885
545	286
555	524
28	920
332	731
862	448
654	90
659	881
452	656
632	896
881	506
195	911
399	470
477	792
393	958
654	713
937	560
419	557
895	864
525	795
97	717
722	500
734	862
94	752
221	885
950	888
901	89
190	425
759	321
350	157
1	72
