500	122130
773	155
440	497
674	509
132	532
195	723
26	174
838	297
244	959
345	569
222	752
869	860
316	509
591	633
63	820
961	450
147	767
969	159
885	371
956	101
930	507
722	541
404	679
256	940
770	298
650	500
343	648
616	567
401	262
810	457
748	100
456	401
182	372
195	676
766	327
860	465
762	570
544	670
387	910
940	640
997	864
531	308
506	409
607	793
498	665
676	312
95	535
966	709
395	543
185	774
851	908
967	939
792	514
164	687
856	873
203	972
837	112
895	889
21	820
869	477
605	922
746	2
106	938
806	945
216	94
545	841
761	570
606	210
430	243
783	242
123	907
195	153
762	520
126	541
858	756
32	861
821	320
553	217
268	717
956	975
871	470
117	863
307	506
175	739
291	353
710	232
186	610
940	693
657	13
103	295
586	693
840	845
457	691
489	692
8	564
912	260
169	153
571	518
603	697
233	271
149	520
185	615
490	672
515	499
851	311
214	311
6	539
23	199
47	24
863	171
548	238
506	46
774	446
757	828
887	68
915	532
353	269
657	985
511	134
116	908
363	419
97	627
448	1
368	651
475	282
231	775
347	892
391	68
574	507
413	171
254	119
789	291
574	787
337	909
164	31
280	48
409	608
395	859
753	373
343	994
796	739
48	728
586	923
524	730
423	847
546	330
337	700
306	402
38	877
919	322
935	196
950	59
130	507
795	803
681	107
780	646
589	10
133	695
519	397
461	918
391	388
707	644
128	215
291	794
509	406
725	714
468	153
59	852
617	365
220	663
976	540
650	217
462	89
808	179
580	752
417	644
674	971
892	445
258	928
780	473
210	267
421	583
421	69
47	497
481	933
32	707
401	796
151	70
611	240
685	860
920	533
513	636
656	301
431	117
514	120
898	565
681	661
271	99
867	679
4	446
243	408
941	517
743	681
530	397
283	728
626	768
257	532
179	595
194	527
977	904
591	468
93	402
499	699
758	278
67	62
80	232
246	36
148	593
997	243
53	964
417	112
554	980
379	348
67	94
426	170
973	601
666	334
435	586
908	107
315	66
610	777
694	265
80	540
97	920
781	707
37	223
827	934
207	385
238	922
287	485
900	273
699	517
545	97
849	858
243	546
100	249
178	696
430	357
638	259
419	229
929	570
379	340
847	235
808	26
520	706
443	661
218	510
693	498
829	540
490	627
577	8
649	171
549	437
27	20
674	446
962	196
815	850
45	241
881	833
996	155
413	104
390	514
296	601
710	764
340	736
25	205
844	245
493	868
805	865
180	257
83	286
754	53
788	82
658	918
596	461
916	81
127	237
140	480
713	120
336	82
223	375
300	304
910	612
605	197
754	690
185	665
1000	381
877	269
121	740
807	237
11	114
214	887
355	404
867	77
104	816
371	661
23	43
279	258
71	297
70	386
198	995
459	436
799	474
437	914
356	150
665	492
496	997
662	225
402	149
313	341
619	818
413	472
472	321
109	817
100	248
518	634
8	959
386	364
26	657
458	655
341	435
578	723
370	307
999	349
50	250
206	259
318	245
132	247
557	466
308	485
414	462
678	938
136	337
565	455
86	878
652	782
300	546
190	943
923	267
637	745
253	109
901	125
613	523
647	212
663	153
692	146
238	77
30	433
316	194
837	19
166	549
619	753
394	32
372	158
28	457
950	677
854	902
23	85
128	596
98	713
600	736
575	116
168	323
417	934
520	148
391	340
315	762
591	801
120	790
419	669
299	260
888	883
78	939
771	327
696	620
181	941
504	255
935	693
505	108
211	914
109	917
226	813
679	846
233	930
872	18
311	197
796	194
22	663
315	158
366	812
523	302
50	247
19	245
598	123
899	157
4	362
327	609
797	448
843	522
594	351
176	417
88	316
535	401
365	524
840	651
470	71
189	861
334	345
557	857
134	494
384	26
824	725
265	217
297	899
782	6
389	296
843	165
539	513
256	289
406	101
9	453
71	464
448	276
978	329
961	304
840	865
279	204
480	508
368	757
25	968
707	110
948	758
909	929
849	432
948	655
384	836
168	905
178	97
960	218
192	805
361	448
479	966
708	9
947	453
551	707
553	928
542	813
928	515
365	155
159	264
397	378
405	901
416	241
520	961
621	715
272	361
424	574
349	396
530	231
105	330
672	150
500	766
830	215
767	813
588	277
7	171
174	874
125	114
639	452
764	415
20	427
321	655
644	436
281	973
409	955
326	801
956	634
267	849
394	742
407	197
983	849
973	432
124	89
765	16
907	177
839	155
46	319
309	508
255	548
494	332
741	914
