500	128122
81	701
909	272
793	631
116	571
567	38
534	43
841	791
966	291
46	998
562	140
463	210
848	695
575	774
705	462
414	474
421	788
455	30
814	589
870	457
14	452
147	130
655	48
869	175
765	84
151	676
295	877
327	985
656	595
40	406
852	141
42	297
959	234
300	634
152	135
698	304
27	168
701	283
587	867
58	770
545	312
356	236
305	933
86	731
138	670
32	703
297	107
173	175
305	339
109	133
63	739
444	717
984	947
128	942
109	523
815	813
532	518
664	566
40	398
923	473
515	443
265	960
253	463
122	935
309	968
661	243
439	462
69	840
307	817
646	860
870	412
263	237
188	694
400	606
240	764
555	449
340	785
144	370
600	817
917	111
169	278
691	188
976	545
905	433
508	234
651	165
640	322
439	643
201	323
989	80
258	763
548	800
119	753
415	858
754	253
367	436
176	404
508	188
708	527
24	323
466	581
581	766
185	716
886	155
774	519
420	672
979	476
825	998
613	69
109	968
218	296
692	782
502	725
589	403
617	30
263	818
786	930
143	460
476	827
400	545
210	585
677	906
786	536
503	847
945	175
820	133
566	682
833	228
170	51
960	926
979	418
604	402
661	741
281	178
451	596
274	967
428	702
697	18
522	67
944	810
240	910
293	471
945	628
285	145
984	82
309	641
247	603
2	300
701	209
495	168
79	25
768	738
591	771
134	153
233	506
555	860
667	842
936	287
209	846
687	914
662	942
831	846
278	750
190	816
479	146
42	602
902	999
915	84
405	654
448	407
518	652
428	571
76	405
317	115
303	139
237	265
587	626
49	654
1000	82
432	513
290	629
728	236
663	373
133	676
827	29
388	209
986	320
667	742
883	539
281	299
702	704
165	192
441	461
566	284
113	686
264	305
464	45
154	247
153	433
390	907
554	679
307	327
639	582
776	325
758	34
339	313
215	378
915	5
3	533
714	905
616	182
98	905
280	834
616	688
595	215
208	114
95	188
77	846
430	916
851	463
99	991
472	773
811	586
26	37
429	454
620	737
921	894
57	207
714	551
442	969
938	849
375	439
519	222
906	448
286	801
132	465
431	873
889	850
27	86
147	57
315	925
153	877
627	660
661	823
674	300
54	317
149	645
354	44
976	450
100	403
317	288
791	902
258	199
801	60
915	926
739	226
494	83
886	146
223	536
141	383
790	932
418	577
410	843
763	679
737	58
859	50
360	77
846	814
842	751
94	300
655	499
754	222
549	926
812	638
116	796
647	390
701	787
797	185
261	795
991	163
181	837
370	408
801	113
216	504
138	202
395	513
819	739
814	356
415	501
525	970
572	412
987	332
371	708
562	715
656	117
579	558
658	490
34	226
724	508
812	943
490	776
682	643
615	911
822	302
92	708
812	568
373	768
715	140
150	184
541	673
789	921
972	854
914	936
873	629
971	202
844	265
864	415
154	982
682	173
168	833
657	467
5	342
81	447
563	167
835	690
941	776
686	655
318	166
842	98
926	98
681	724
488	810
848	644
777	512
194	493
68	28
629	965
701	382
713	60
465	845
605	408
934	20
96	708
966	59
881	18
16	448
32	194
122	35
93	414
887	882
636	294
371	740
305	783
568	134
615	758
286	672
895	605
228	955
896	715
163	805
650	805
380	159
395	953
711	383
921	936
345	447
25	415
556	399
208	463
981	707
357	920
708	499
396	581
247	550
141	800
300	386
175	111
99	906
513	477
472	744
735	759
689	923
68	727
573	273
818	5
789	990
328	107
779	137
811	580
171	507
519	617
110	749
106	947
156	905
316	504
500	120
974	207
950	284
598	875
259	150
834	814
51	965
87	994
959	532
611	433
657	831
550	311
762	253
990	885
229	442
446	171
360	296
105	715
587	958
34	177
756	671
301	416
7	128
564	615
438	77
312	190
268	977
744	575
39	242
394	763
773	184
631	491
989	50
805	481
241	561
472	816
90	623
1	528
858	250
134	231
6	556
622	446
691	411
890	969
79	119
491	404
860	549
332	719
31	637
167	376
516	675
730	490
799	793
78	962
893	937
639	469
627	831
165	158
984	937
623	171
87	819
476	939
311	887
149	287
453	786
401	136
587	879
296	266
534	134
133	946
807	879
495	831
305	931
194	269
571	788
269	69
514	134
183	348
80	167
766	468
402	488
536	522
810	765
700	392
528	416
669	30
578	72
621	687
257	767
653	669
700	626
830	398
242	811
857	411
976	606
4	547
878	999
596	24
50	318
756	545
890	668
75	868
125	97
251	804
496	194
294	518
