500	230061
671	603
514	898
956	466
899	115
898	676
287	502
31	809
40	688
374	135
643	514
990	769
322	815
112	597
874	526
7	893
109	887
837	315
700	194
97	756
56	588
672	901
191	77
868	608
667	44
846	628
917	187
465	842
639	219
476	967
18	639
234	526
848	248
102	762
655	686
618	953
706	950
866	461
541	210
470	811
315	113
449	347
398	660
344	543
708	122
571	486
927	796
554	518
111	166
368	3
182	427
813	285
653	5
447	237
758	313
133	86
403	951
438	876
431	38
480	121
273	774
619	6
731	901
215	645
723	412
279	16
919	57
869	63
896	314
42	244
252	942
338	546
731	455
293	72
380	358
499	998
561	989
733	653
723	435
578	154
133	170
593	506
556	667
176	540
934	427
329	162
620	514
852	183
726	173
402	515
302	471
811	578
909	308
389	15
267	882
589	598
973	6
604	189
694	407
321	947
97	520
338	168
618	21
184	177
110	261
682	777
577	131
753	194
22	700
751	888
222	239
675	27
336	812
144	279
639	896
842	659
527	151
649	510
208	55
925	893
945	978
638	66
847	939
4	158
524	958
50	671
132	625
359	381
799	930
221	809
855	547
652	184
766	951
689	193
148	317
455	955
312	679
619	876
639	923
556	772
742	965
131	569
263	105
800	341
298	208
824	644
514	938
223	353
478	685
507	186
310	804
659	887
385	921
241	610
139	916
737	582
221	772
821	860
420	226
169	764
811	162
171	924
640	355
501	512
573	952
913	570
400	75
215	573
476	698
546	718
596	331
919	928
177	775
725	61
315	264
799	280
44	1000
254	260
497	802
681	514
449	794
301	40
288	838
497	880
230	652
251	566
489	648
78	48
80	282
43	79
182	607
688	413
742	817
296	814
946	606
532	97
918	17
638	302
462	927
249	478
114	630
900	877
158	459
469	433
274	848
193	789
633	913
922	820
447	428
166	26
208	743
937	772
587	250
21	363
391	970
215	980
838	796
295	561
882	491
288	793
911	97
60	264
742	853
520	927
748	796
487	430
690	366
386	230
313	623
936	907
866	526
993	730
600	601
565	781
390	24
997	649
67	908
875	172
716	194
622	771
548	527
517	638
113	636
943	546
531	345
839	399
934	118
383	730
66	810
338	169
801	272
832	5
933	986
539	781
775	664
335	793
829	102
474	313
699	991
995	310
370	92
101	798
62	859
251	984
664	384
721	698
407	168
196	549
60	217
164	346
709	480
782	419
232	900
770	290
218	652
873	969
71	445
497	528
740	12
88	769
232	706
343	860
564	443
36	782
161	236
695	733
917	679
798	152
751	754
939	21
839	94
948	614
460	743
749	607
63	122
585	635
992	148
44	183
642	218
342	235
616	82
950	249
666	78
455	622
645	790
178	607
936	973
730	298
708	413
668	688
280	233
838	642
690	184
539	129
430	989
400	608
790	757
575	871
77	210
940	379
135	121
919	965
679	480
467	873
846	339
739	171
385	424
389	630
328	740
955	578
330	220
748	25
986	353
318	69
250	977
1000	343
517	230
664	337
720	845
623	620
753	159
504	366
392	964
618	748
501	510
856	105
862	286
884	115
739	110
351	136
435	467
873	459
239	697
426	158
973	856
237	354
977	61
357	278
771	344
132	965
957	681
195	756
29	68
694	542
920	225
444	191
622	826
796	432
63	278
293	873
991	992
537	704
759	750
990	78
944	226
905	549
855	306
337	454
348	925
926	255
957	476
269	807
670	131
660	892
392	283
595	115
840	51
14	212
724	740
764	899
457	94
980	677
508	908
956	321
874	87
616	567
348	871
798	13
509	16
46	419
146	58
641	520
679	594
472	390
447	496
40	591
204	340
405	498
696	984
596	592
766	565
243	733
554	825
952	559
548	79
687	882
533	60
644	407
357	68
111	458
951	754
977	610
58	753
174	809
185	889
776	222
255	711
912	860
127	420
538	534
622	584
36	165
675	709
886	378
229	585
906	728
269	975
377	612
909	104
1	942
870	787
218	150
408	7
409	812
825	684
603	913
941	915
257	996
619	982
478	764
285	904
291	955
484	208
426	301
562	995
451	368
590	597
515	625
362	82
715	675
843	71
516	721
633	562
575	136
509	368
256	893
145	711
327	709
238	247
627	701
260	984
515	827
905	355
343	103
321	768
760	6
212	338
501	325
99	552
8	102
449	37
782	337
399	949
68	422
58	614
408	589
523	527
446	53
44	655
362	968
705	299
403	430
571	313
830	989
823	455
195	328
309	990
775	772
932	242
274	91
935	787
