500	230639
10	57
299	948
258	17
471	516
293	6
81	121
655	35
20	496
227	485
525	950
423	374
776	615
949	673
73	56
57	910
53	405
525	289
630	316
452	677
291	80
867	433
100	172
72	254
807	175
674	654
295	360
730	750
243	637
86	972
758	918
206	280
719	395
666	901
9	701
480	864
61	674
19	869
494	335
554	399
201	835
620	443
376	242
680	994
767	871
772	348
920	63
376	915
542	456
854	14
389	499
805	573
612	938
647	383
133	357
73	971
220	256
356	67
295	230
226	400
870	162
534	690
307	837
98	714
220	671
304	436
347	121
664	832
174	74
266	750
335	688
49	528
155	898
104	763
975	116
64	278
133	638
894	940
743	882
354	833
230	922
941	446
607	103
474	662
722	777
189	921
213	227
607	185
702	176
267	182
493	310
863	160
451	708
597	180
585	734
370	161
153	110
90	430
326	706
136	997
453	995
232	71
730	762
252	64
474	557
49	175
889	223
480	698
569	899
533	814
92	559
818	953
586	486
743	920
518	982
951	813
723	209
707	442
58	478
978	525
448	509
115	381
987	638
27	457
892	195
201	931
298	151
340	483
840	627
545	844
512	429
416	654
293	954
452	829
770	428
537	563
830	788
24	554
732	640
311	172
432	883
407	778
651	653
131	407
673	764
421	857
110	662
563	79
478	689
436	149
230	171
614	923
640	123
525	344
2	523
66	345
616	32
745	481
738	527
490	709
298	627
78	910
563	709
932	462
318	478
624	290
71	864
451	885
272	178
104	266
549	105
863	765
302	854
471	208
305	969
186	386
838	141
391	22
765	562
183	461
837	812
118	928
186	948
581	616
731	222
28	732
40	982
970	891
993	830
76	6
394	992
105	486
248	277
787	908
887	215
664	192
630	865
114	923
343	658
924	325
130	81
406	180
445	19
190	501
878	60
658	699
268	890
802	245
524	121
784	518
898	847
459	518
78	265
165	69
151	325
968	757
738	270
300	120
532	314
889	842
53	299
796	765
517	516
105	975
737	162
502	790
597	522
740	200
795	855
937	369
919	211
942	801
332	991
525	423
305	847
537	666
609	673
885	842
113	946
591	883
300	503
303	329
361	989
714	943
517	915
66	126
157	391
768	343
773	98
223	486
419	76
150	100
123	267
117	842
953	974
365	77
841	834
69	890
586	350
544	24
35	31
375	993
394	277
119	162
350	39
461	113
799	559
187	47
142	49
633	42
909	42
897	28
450	131
510	664
282	138
989	424
962	464
445	878
352	980
788	316
125	487
439	164
307	889
359	317
164	800
365	518
373	725
946	143
769	857
550	225
157	700
632	653
837	892
171	73
239	869
620	660
964	157
818	928
716	23
822	899
540	467
650	592
257	370
133	669
618	722
366	955
411	442
478	196
738	556
492	536
247	192
492	57
449	665
494	792
210	929
108	242
103	194
355	691
877	92
122	383
728	131
378	546
916	950
424	959
606	575
704	812
975	84
117	47
998	831
396	580
523	537
314	599
954	273
724	547
791	895
836	480
479	966
844	665
347	699
864	511
331	157
65	587
74	881
710	452
361	517
145	878
746	443
393	568
933	66
362	344
721	843
542	538
368	926
689	624
882	210
806	540
768	446
856	528
410	833
407	202
959	841
189	86
844	285
911	762
233	785
307	592
788	157
853	121
751	306
501	656
513	121
466	915
153	530
885	450
290	178
54	259
23	507
253	749
639	551
417	88
774	557
60	77
736	522
945	752
949	111
451	877
163	999
398	730
580	458
944	146
131	371
14	19
134	808
79	19
495	980
338	643
614	305
799	59
3	109
13	252
933	792
972	832
318	826
124	653
639	774
407	102
948	805
474	424
750	813
316	70
633	244
880	886
837	63
207	864
961	148
198	544
254	935
259	366
967	100
749	34
802	878
993	318
379	320
939	471
826	107
844	768
838	82
81	17
504	994
16	139
886	983
718	300
636	866
988	501
31	841
113	594
484	952
435	709
832	818
759	32
222	512
369	479
249	322
259	422
484	988
477	765
723	628
364	801
205	20
147	384
945	862
744	833
207	320
250	540
275	579
662	759
500	934
729	218
684	657
109	470
773	826
862	598
61	201
910	482
142	885
443	130
115	278
275	654
569	141
199	779
211	682
881	809
383	834
126	983
569	284
914	231
528	947
436	75
906	692
259	451
55	800
513	373
408	745
733	282
319	415
809	342
834	237
73	265
803	164
518	840
86	842
491	75
8	679
30	982
700	562
282	156
646	362
130	443
353	809
494	949
813	16
