500	237197
481	782
466	648
652	717
272	378
463	549
714	233
408	479
116	968
123	952
355	850
116	894
495	802
593	446
533	537
243	708
262	54
476	781
874	979
297	135
995	207
828	873
736	361
391	778
646	27
117	108
463	487
406	787
766	209
988	612
836	181
582	278
768	813
403	611
242	235
109	53
424	722
541	323
213	610
815	956
884	606
863	588
240	874
189	742
776	45
38	775
21	424
860	502
804	963
586	804
106	886
662	778
25	528
431	825
440	422
69	396
792	446
578	772
48	77
387	141
710	345
300	556
782	829
362	935
523	351
924	108
966	322
37	263
695	382
154	459
299	590
454	727
17	421
780	838
896	946
381	832
648	894
436	574
600	475
957	304
239	992
831	563
412	148
123	383
97	823
824	872
204	595
494	993
382	215
396	683
758	840
956	278
283	551
930	402
28	531
794	212
298	366
793	233
392	256
137	512
52	216
198	29
679	334
924	124
950	843
771	476
343	625
782	368
871	10
120	791
640	741
803	328
478	890
906	6
800	123
226	680
555	30
100	600
494	701
898	132
616	674
646	516
410	163
812	434
686	841
910	479
320	102
514	167
956	192
177	176
278	288
336	135
342	417
564	394
894	614
943	651
218	155
315	999
355	396
78	218
994	275
800	271
59	826
608	625
594	813
768	845
180	863
529	680
214	495
883	346
828	704
700	930
883	51
600	910
181	107
287	630
421	995
447	278
763	979
192	794
836	339
761	634
608	858
86	674
534	489
973	26
493	917
277	217
961	711
18	783
728	592
364	238
289	160
307	881
868	62
187	364
113	131
827	292
796	324
113	823
786	209
87	835
356	27
596	577
100	699
9	28
789	464
806	252
36	402
532	656
266	60
842	445
390	683
458	209
989	122
505	595
601	477
101	398
476	742
281	274
993	404
184	566
616	130
203	994
643	755
369	518
659	338
267	188
833	608
588	580
333	995
995	996
328	586
279	618
235	707
623	825
255	41
480	965
944	723
157	385
284	231
192	337
320	613
241	670
820	813
392	187
865	7
744	354
263	988
851	800
215	924
687	560
374	289
760	267
730	445
720	121
432	513
392	844
433	966
224	398
930	329
795	796
242	879
400	754
25	982
743	684
554	311
764	869
557	633
865	993
836	190
404	752
19	799
826	162
81	805
362	705
423	371
4	571
926	336
451	911
576	149
985	886
981	222
532	32
679	285
751	426
280	667
693	974
66	75
171	141
59	259
675	755
749	889
846	144
829	864
230	740
633	783
564	124
266	379
258	582
673	922
821	89
805	841
279	974
96	570
442	238
306	547
957	333
660	65
203	721
29	789
134	374
952	983
111	687
77	887
858	132
306	912
421	671
944	947
78	774
187	832
447	654
467	72
944	255
841	735
737	457
52	618
789	472
576	177
823	726
525	359
180	295
423	1000
56	779
419	562
836	315
301	525
284	67
87	993
880	472
471	872
634	757
931	637
495	89
398	527
559	909
488	485
724	389
994	566
346	612
736	196
221	487
651	844
244	529
524	648
609	6
649	397
759	991
802	719
892	666
810	215
468	788
558	170
820	871
345	504
476	364
756	588
983	715
478	14
410	415
566	498
986	56
528	172
754	79
98	84
450	573
505	776
204	451
427	403
197	508
977	463
311	837
611	627
479	423
953	705
881	163
916	201
817	676
854	632
536	602
835	142
321	206
806	2
144	407
205	265
276	169
480	543
961	807
58	853
728	797
559	951
788	732
452	189
171	891
789	323
810	287
869	454
264	852
634	842
736	556
265	544
962	592
800	969
332	485
227	890
866	490
979	236
870	991
236	422
804	949
121	875
782	457
405	625
136	173
711	485
751	276
875	484
28	766
202	74
559	999
927	984
27	866
180	676
357	448
122	541
384	235
415	53
668	88
574	21
578	429
325	431
467	687
762	428
313	989
544	430
434	939
723	877
91	589
555	946
622	898
560	278
123	441
23	76
987	237
394	235
73	721
221	214
585	638
903	881
487	118
558	839
800	301
126	96
349	366
752	357
3	686
251	448
644	386
252	912
984	603
378	380
681	720
446	751
280	744
210	198
689	921
79	723
518	612
951	992
64	877
427	729
700	445
467	421
886	414
851	69
588	773
517	436
575	138
770	712
897	711
96	668
974	297
570	861
219	109
258	582
258	713
424	631
73	859
558	533
819	945
712	145
739	952
333	394
50	397
37	200
454	735
195	643
11	192
961	779
118	91
678	834
822	38
897	688
155	684
221	881
792	842
325	530
634	145
818	465
942	208
126	671
