500	220238
217	335
238	23
396	427
854	517
170	478
449	704
680	815
380	893
622	151
360	82
809	1
780	108
288	307
980	79
472	60
245	698
404	721
930	794
713	111
210	142
592	59
177	741
405	374
672	386
243	404
339	20
763	532
345	268
548	856
985	374
169	407
605	289
602	421
196	569
412	643
678	129
325	929
411	102
768	744
933	176
421	832
321	676
763	49
649	497
252	902
146	412
913	518
631	595
858	651
469	753
660	903
156	671
899	327
261	803
74	13
406	883
222	415
411	795
925	203
67	985
620	468
183	580
161	185
320	41
139	476
352	367
790	603
232	682
936	339
777	362
624	613
353	472
208	87
45	405
980	81
22	435
37	468
772	678
560	852
211	915
108	103
70	486
997	772
968	844
729	941
228	258
806	195
601	804
127	566
136	3
364	22
349	643
278	278
368	908
200	830
236	170
723	803
492	3
627	244
277	967
817	537
257	454
276	874
190	832
255	165
272	837
980	695
271	167
342	298
871	927
971	78
854	130
35	752
142	451
537	491
10	572
712	952
602	200
94	330
848	691
637	134
430	611
384	946
984	858
48	207
953	174
681	247
387	964
840	416
769	489
882	909
199	778
589	757
176	868
598	171
873	893
102	744
489	800
979	138
756	331
280	526
255	84
318	681
948	76
217	61
751	725
324	890
745	636
317	727
3	473
27	394
707	845
659	986
289	161
185	886
19	493
873	738
74	267
942	84
859	163
312	509
489	979
498	591
616	534
976	363
992	802
678	605
38	696
833	845
167	608
996	639
677	635
139	738
388	194
359	413
713	495
861	556
240	444
124	924
156	370
983	576
770	13
597	667
511	152
862	50
339	306
982	196
625	514
763	352
664	958
387	371
860	993
32	773
592	203
920	149
50	963
62	487
786	252
494	561
925	639
251	201
304	39
738	430
181	674
45	808
798	151
106	120
949	968
148	428
560	228
36	790
330	471
699	127
534	128
537	165
367	175
450	846
481	690
844	369
913	756
508	109
25	1
84	670
366	219
591	753
80	262
95	24
690	754
842	379
891	199
568	178
72	98
148	350
470	576
955	288
73	668
679	451
497	313
937	6
506	596
549	777
799	460
572	863
8	87
649	708
448	502
722	69
932	826
314	280
772	309
597	100
918	135
109	303
616	651
462	914
157	437
672	157
452	732
595	547
101	172
816	49
178	358
131	854
405	877
956	640
554	509
402	806
795	225
701	728
52	512
33	447
720	322
129	710
537	792
300	517
337	88
890	867
581	811
75	866
927	248
724	734
166	958
165	246
385	247
420	176
669	64
113	994
279	881
841	370
912	443
554	23
148	401
412	213
533	553
607	733
139	811
694	899
72	473
461	542
442	337
904	690
820	790
411	408
491	215
447	89
64	394
761	338
365	702
669	689
226	473
247	446
541	939
404	406
560	44
814	28
25	748
674	401
612	424
393	856
87	601
817	121
424	234
629	503
165	459
834	994
774	934
778	257
215	511
645	162
433	441
482	875
117	625
47	956
945	372
888	883
2	992
755	885
30	106
502	453
563	172
314	89
705	695
163	172
835	437
743	967
690	167
181	468
393	822
345	724
949	303
311	920
157	647
117	443
211	42
248	386
561	305
445	779
445	281
551	55
216	85
847	48
82	4
707	489
397	892
87	308
619	901
685	538
75	337
530	728
163	523
743	112
205	937
490	873
99	138
395	398
39	747
422	394
447	606
91	18
585	511
291	950
130	430
99	930
220	654
50	253
883	893
417	862
950	875
855	396
444	974
594	224
952	298
786	119
186	552
894	61
662	50
34	747
738	760
165	117
612	450
699	407
455	233
766	778
35	377
386	5
812	25
285	842
236	685
385	354
894	38
391	840
454	469
850	416
728	194
738	567
498	31
720	792
119	625
738	946
823	527
107	649
17	38
820	895
340	349
232	487
895	257
962	58
697	852
247	393
422	664
127	455
618	586
630	866
571	45
144	890
19	108
256	56
330	314
981	684
173	538
948	598
126	570
78	383
638	961
596	294
320	157
497	96
489	771
103	847
752	811
847	960
631	984
672	193
430	449
775	911
647	909
388	136
841	100
117	326
721	431
750	757
284	984
140	572
577	138
386	507
386	827
777	670
753	65
453	583
701	1000
722	646
172	250
819	790
121	430
731	878
623	19
599	668
470	581
665	487
617	143
16	9
339	749
944	870
618	902
677	857
82	146
997	266
424	309
564	23
137	337
947	126
642	385
994	531
93	395
587	846
604	421
920	747
197	341
360	846
320	495
