500	64543
107	499
198	264
844	512
972	646
351	26
205	707
418	610
161	344
809	683
903	171
544	914
985	159
896	254
275	855
15	35
13	346
510	529
784	922
351	148
141	455
960	589
375	318
350	239
334	494
683	751
598	577
562	321
808	89
71	596
653	288
403	761
634	900
408	176
761	354
84	457
251	601
524	387
635	630
719	144
886	225
24	903
817	714
388	561
61	76
670	690
28	657
469	299
233	922
538	56
412	208
350	334
100	10
134	614
207	960
429	211
177	613
787	294
429	934
49	635
243	942
520	630
71	946
529	357
160	861
456	827
455	55
747	747
74	381
943	533
234	647
717	307
670	373
647	18
878	660
187	748
492	533
300	503
511	616
81	13
465	232
987	473
18	199
41	109
582	156
668	146
441	868
104	621
62	745
432	764
294	127
688	827
122	168
865	167
825	206
782	824
985	480
926	901
613	796
640	757
934	473
238	286
734	980
860	111
733	475
171	223
748	973
136	43
384	918
625	498
335	782
960	335
488	783
480	535
59	99
223	128
771	479
763	824
805	220
214	221
587	680
466	598
329	75
120	425
852	980
954	139
820	877
562	129
15	838
792	465
749	220
982	54
90	382
173	576
942	339
850	402
983	529
32	62
58	373
993	832
422	722
680	64
783	438
495	518
990	646
266	588
835	886
303	266
627	383
8	886
963	773
307	750
173	892
409	719
994	167
316	689
565	354
371	828
587	695
102	979
110	630
35	654
198	682
170	756
52	455
372	699
887	211
849	125
419	79
574	435
530	572
272	100
521	731
589	876
370	555
789	971
995	666
750	770
646	771
140	862
325	980
837	580
420	228
480	867
711	270
395	736
59	818
70	160
874	735
29	644
454	985
427	607
24	913
822	994
156	115
624	675
83	553
872	279
501	639
627	638
813	983
699	343
497	370
417	644
163	361
735	151
152	894
202	123
643	915
494	384
380	517
935	8
146	377
7	766
306	818
758	647
869	583
55	588
244	42
28	669
944	414
380	975
613	796
64	373
351	432
427	613
707	40
584	374
31	464
702	544
245	60
482	334
714	117
647	811
821	706
129	496
509	708
836	986
253	638
649	899
383	91
587	819
997	775
814	850
337	454
302	376
577	296
795	612
739	578
172	576
803	83
882	852
175	714
186	664
524	410
771	789
22	521
455	631
33	539
862	93
741	136
859	121
118	764
601	632
726	10
318	517
645	675
454	459
194	618
438	8
833	647
31	296
444	259
104	940
347	560
66	575
249	312
768	271
551	740
657	34
180	643
245	310
16	602
827	444
356	141
185	393
148	69
841	492
229	634
534	369
940	482
355	537
639	629
958	191
92	274
675	999
261	655
888	822
775	929
931	974
620	554
53	526
539	780
145	712
929	772
274	290
919	340
218	776
711	173
9	146
408	28
525	965
776	914
660	275
788	642
370	348
288	793
577	885
482	391
818	103
584	317
962	970
172	491
320	697
499	980
929	115
345	17
863	357
169	331
893	43
198	359
62	397
722	92
468	926
918	535
203	865
215	987
94	103
581	633
161	736
998	521
216	637
82	67
44	172
887	330
166	647
417	141
98	460
744	241
832	412
757	463
413	42
812	527
265	39
175	993
503	400
25	925
118	837
837	151
110	999
210	670
157	506
581	661
752	531
468	960
285	101
310	906
672	118
723	258
151	950
782	692
453	739
11	567
192	339
505	741
493	744
264	400
53	338
333	968
280	888
974	626
174	38
548	392
273	883
594	309
274	760
535	137
225	10
177	998
937	373
366	572
497	807
378	735
332	710
557	614
985	845
609	633
61	732
126	746
670	150
42	226
650	707
606	54
868	522
563	194
28	588
420	545
708	555
523	746
735	669
658	998
717	25
230	559
248	950
338	539
858	810
438	665
355	476
476	604
295	5
885	486
80	457
209	402
967	683
600	408
582	334
106	643
103	991
125	941
870	20
69	727
844	972
677	37
140	834
835	292
574	282
7	551
543	569
867	533
407	468
56	54
332	852
548	485
671	250
250	865
408	596
840	908
471	663
914	221
296	281
504	727
992	851
190	409
213	267
440	408
21	943
252	156
634	219
598	206
320	554
771	889
115	496
337	843
592	337
324	492
756	983
563	698
522	940
600	345
479	968
229	286
499	364
479	602
100	363
290	582
544	463
575	432
993	753
378	62
425	576
307	640
200	907
333	345
169	799
183	96
763	30
61	510
875	999
33	912
209	542
352	29
758	471
26	413
924	208
925	163
731	316
668	503
175	581
628	588
169	507
421	246
