500	192427
244	536
416	784
905	704
506	186
359	777
732	884
528	913
149	591
321	713
686	179
564	979
334	983
727	269
525	531
699	349
834	849
791	57
293	138
709	98
154	181
841	133
768	925
29	150
463	153
265	896
235	626
518	458
122	140
469	838
223	498
793	984
987	723
354	819
881	166
168	477
437	116
387	531
128	98
112	742
392	524
657	945
603	535
859	672
633	449
99	290
240	1000
11	249
805	682
191	413
444	159
933	617
264	692
620	33
921	921
659	512
333	918
420	204
607	708
28	269
826	776
459	256
867	943
828	507
128	464
589	857
703	194
90	239
469	268
693	227
643	594
839	192
9	395
968	404
304	715
459	882
107	985
82	880
975	287
903	496
86	957
881	568
666	865
719	698
206	689
844	847
942	82
668	705
641	923
71	843
806	557
175	475
759	814
562	748
325	516
424	391
699	947
815	480
989	335
241	503
838	933
760	545
947	498
900	701
468	907
748	875
945	454
363	585
386	749
406	476
702	717
190	338
536	965
767	318
608	377
7	69
863	35
876	469
463	918
899	786
716	56
113	543
19	299
912	507
781	856
968	774
450	183
519	333
573	909
421	532
835	758
162	366
129	998
420	665
43	230
142	351
577	455
896	94
416	597
814	640
969	537
240	77
371	19
994	992
262	365
158	136
856	165
514	76
570	455
20	519
171	445
269	639
399	617
339	268
731	163
330	799
381	352
223	865
679	825
788	361
554	623
513	325
651	470
744	113
682	574
148	3
963	263
525	713
825	769
603	216
570	142
952	696
957	454
121	297
117	189
46	507
835	271
424	108
738	145
313	814
396	124
369	178
176	959
227	452
49	333
981	154
269	844
403	999
187	811
773	317
579	488
724	152
581	40
39	66
886	443
115	556
692	186
39	26
997	888
40	628
365	478
896	129
494	993
670	497
228	938
971	609
449	811
200	721
328	654
185	681
306	208
47	164
983	441
963	475
431	200
425	933
396	951
985	967
103	347
194	432
968	693
342	210
181	672
266	87
292	145
276	111
178	863
788	917
267	942
562	19
279	911
487	251
553	841
858	324
591	518
294	287
17	927
907	567
609	365
99	628
310	221
687	742
179	719
562	729
114	454
289	539
781	46
471	728
143	342
136	328
333	546
320	289
300	404
706	859
720	318
669	910
615	588
955	817
843	847
132	366
615	753
40	447
924	46
55	654
163	101
995	394
7	230
259	766
710	266
452	715
551	812
205	743
549	272
959	975
283	734
392	212
295	210
136	221
995	713
72	165
569	38
629	664
501	409
694	210
383	261
435	379
981	572
487	266
709	309
974	912
897	9
308	307
406	507
378	93
901	457
50	385
616	920
739	811
230	159
79	499
612	262
797	847
245	744
896	298
365	197
412	608
506	471
347	218
254	292
171	527
921	887
722	733
851	679
846	134
221	843
150	232
24	253
228	384
708	900
804	796
579	857
283	841
998	828
958	116
617	908
316	541
201	992
35	829
126	912
504	233
887	508
353	129
308	352
76	483
311	681
38	735
565	723
125	141
787	456
172	200
844	447
429	678
610	909
612	625
566	775
468	83
93	5
603	822
124	266
50	582
654	551
67	256
570	475
865	135
592	953
1000	93
657	227
327	683
355	775
862	605
335	445
157	51
546	989
873	567
51	255
449	212
806	568
62	108
396	69
248	875
378	717
772	100
978	371
908	544
157	406
125	927
982	915
266	333
245	723
510	269
403	887
493	455
684	106
928	116
63	998
395	674
36	688
598	789
342	617
2	169
112	625
270	487
871	51
81	468
118	98
421	689
282	797
826	777
552	234
281	450
23	332
688	436
184	479
869	997
417	594
500	814
635	347
312	873
891	526
71	313
279	570
698	799
504	13
837	735
523	746
226	770
402	749
905	289
440	156
253	198
66	784
618	36
229	70
89	594
805	652
104	602
808	690
441	880
384	186
172	485
438	153
880	515
501	219
575	40
793	236
761	709
699	251
246	398
532	758
409	473
3	984
637	237
290	431
779	695
39	152
761	320
958	377
760	620
961	56
287	738
60	601
605	303
260	433
988	604
764	939
151	983
361	402
513	42
432	938
260	773
525	783
684	792
174	628
223	222
339	529
668	475
311	974
433	891
166	388
523	315
209	162
170	666
619	951
734	213
449	888
860	664
510	246
721	500
993	313
653	807
453	600
602	838
902	399
498	591
712	109
486	401
131	991
798	944
407	159
226	124
500	948
291	383
338	464
220	450
408	747
601	788
904	551
600	279
393	928
399	716
775	687
