500	121741
935	637
300	895
509	143
609	399
780	355
928	719
157	283
655	875
481	962
931	967
632	65
755	573
508	531
654	478
399	81
279	861
482	705
337	131
488	380
987	675
431	974
579	213
183	511
39	280
524	27
332	777
55	559
172	674
262	829
340	170
232	873
55	244
925	6
981	263
377	596
950	365
666	666
603	121
205	797
581	942
570	474
867	960
671	694
801	893
947	314
30	655
92	868
956	65
299	847
371	907
592	976
350	989
918	386
453	751
210	853
580	511
724	393
687	892
767	102
323	621
844	203
572	142
406	405
655	362
651	521
488	347
170	265
213	118
871	542
556	91
299	573
835	904
738	989
113	516
436	424
754	779
452	258
775	839
525	640
34	713
210	603
169	302
456	220
788	217
600	105
570	325
232	937
978	237
1	844
976	613
362	477
938	840
780	554
487	464
464	614
663	924
243	513
768	198
646	645
589	829
952	765
934	39
457	548
562	668
294	362
385	802
528	277
276	216
320	938
896	370
398	533
678	401
451	74
472	720
701	342
790	653
491	973
999	427
457	780
944	702
554	536
105	355
540	585
797	249
308	167
622	320
637	286
609	378
108	271
674	182
980	102
394	278
875	723
302	994
888	172
418	628
45	632
455	266
601	313
553	923
733	744
913	37
177	95
73	241
731	799
525	101
698	463
187	67
408	323
169	493
480	325
214	466
601	615
188	844
210	831
329	911
122	875
583	206
480	450
673	680
551	60
545	181
83	410
542	750
671	434
814	719
448	409
457	245
502	757
481	247
458	418
717	612
433	552
231	459
98	381
405	732
856	175
717	950
663	286
487	787
515	751
909	765
782	34
16	667
265	488
8	714
24	326
816	430
582	275
200	348
925	734
206	754
124	834
294	947
59	286
263	739
100	319
232	720
120	819
343	731
588	40
600	219
689	605
226	941
467	281
156	156
469	258
34	310
968	146
714	183
769	922
825	836
482	975
465	318
314	599
490	958
23	915
246	236
727	757
213	839
1	626
409	516
471	100
380	286
164	153
191	608
948	644
273	839
126	418
248	271
59	357
173	803
373	459
925	518
231	478
907	520
178	302
700	963
809	276
276	489
808	475
399	135
665	503
886	341
110	146
324	61
290	384
352	308
615	679
67	574
335	742
745	18
458	246
621	21
350	844
493	591
658	249
116	380
993	136
61	371
569	954
241	883
761	157
784	278
821	261
714	946
422	394
49	914
431	812
293	235
767	179
792	735
564	201
671	290
990	821
704	965
169	14
966	876
48	693
114	150
616	518
19	602
916	576
844	481
583	779
588	264
593	827
830	55
733	568
287	285
23	512
371	314
162	357
26	936
289	823
545	541
93	694
931	578
260	319
448	704
510	531
697	219
874	913
1	938
587	758
190	659
809	428
478	300
264	77
490	518
549	836
661	189
727	905
608	276
676	973
73	327
593	83
797	545
82	203
411	461
751	227
312	99
630	226
716	821
162	296
35	949
913	146
521	489
633	159
695	445
438	924
115	122
264	230
28	793
69	205
145	8
933	148
486	209
88	311
886	475
714	35
615	830
354	458
267	336
202	925
167	400
982	633
606	94
722	295
665	764
360	178
540	700
324	890
563	232
743	787
545	645
981	613
747	563
620	479
923	996
29	481
703	666
393	270
931	256
73	836
141	311
494	755
253	910
791	136
718	183
852	26
548	386
875	428
738	570
226	294
945	8
513	316
620	353
851	771
924	413
45	720
645	41
123	113
142	976
222	507
892	194
471	781
596	242
976	775
537	465
108	573
78	619
100	653
473	675
650	457
17	407
354	212
742	501
934	35
370	536
762	315
699	28
235	722
513	787
684	205
858	247
928	577
473	166
250	104
867	178
337	907
637	923
267	182
132	399
995	97
886	318
545	931
928	458
252	803
956	325
170	268
343	806
174	149
375	28
568	33
605	983
278	910
342	895
843	542
439	183
438	715
445	504
539	54
811	496
388	728
916	284
129	632
700	70
98	900
466	918
701	169
133	1
506	234
705	667
182	587
354	462
330	861
348	318
878	499
26	47
79	191
388	379
157	490
312	510
777	75
307	428
760	48
665	790
92	437
386	710
814	686
899	942
997	948
474	908
481	3
456	807
92	20
658	99
496	417
458	676
805	142
589	755
616	200
889	515
792	107
680	594
24	278
26	8
877	265
344	714
641	638
592	755
934	454
868	6
628	790
795	804
816	371
186	362
668	851
654	145
995	814
533	503
606	545
125	249
559	393
569	41
488	39
571	133
542	813
467	474
