500	61181
626	371
365	561
857	495
445	91
666	696
964	183
7	412
359	724
383	304
957	286
42	142
843	8
770	652
784	758
661	344
269	984
28	323
94	536
612	126
326	336
76	39
552	726
221	751
213	748
364	226
532	67
948	707
125	216
616	362
408	612
256	21
334	365
67	199
418	355
726	859
510	336
180	386
98	699
12	537
119	854
513	689
243	291
213	371
266	298
553	254
970	995
684	215
642	398
648	254
389	891
248	436
268	346
250	935
385	315
165	835
220	323
531	760
766	579
601	892
921	144
960	870
994	801
544	356
106	290
199	74
11	986
973	614
726	489
898	540
860	398
778	9
50	41
945	635
950	21
31	716
457	9
734	638
201	646
270	493
3	230
121	811
438	392
698	965
813	767
858	766
484	966
319	488
600	658
149	774
728	4
800	107
372	83
668	390
901	391
538	683
627	838
605	157
414	221
226	925
836	141
767	406
747	488
557	474
932	881
873	911
627	115
769	190
641	528
406	499
391	423
773	342
560	629
413	159
933	451
541	683
150	870
956	202
783	570
839	629
354	555
931	7
34	811
287	406
577	599
671	7
979	568
318	966
976	978
508	638
874	529
203	112
682	298
180	761
37	258
126	880
241	156
935	103
421	580
413	914
664	939
84	359
192	711
361	24
56	305
412	17
762	765
66	919
34	610
791	977
49	406
259	261
820	669
346	267
454	718
376	607
825	511
514	185
322	771
808	694
529	162
107	187
736	954
448	838
603	176
783	732
201	915
214	115
618	635
781	470
956	846
436	149
789	981
696	78
251	401
582	981
84	255
919	830
947	689
39	116
381	528
961	818
432	454
172	332
113	246
993	341
401	646
545	770
682	517
613	976
757	134
819	935
781	426
121	214
810	177
955	401
410	29
305	64
320	31
571	578
390	996
653	288
225	546
531	61
86	455
183	561
224	804
909	570
406	512
484	651
878	114
408	211
538	9
363	657
837	497
989	989
920	719
55	455
32	77
227	538
617	357
582	807
397	296
109	242
239	363
761	249
137	295
399	822
600	888
551	293
48	260
749	398
55	868
191	198
321	788
646	17
404	840
314	542
586	461
990	594
957	127
850	381
957	832
285	738
342	542
304	128
438	729
352	40
741	459
934	452
956	138
207	160
1000	639
757	731
601	38
20	56
382	892
339	11
334	424
81	712
242	799
480	3
960	86
919	132
133	865
185	501
684	108
164	59
652	975
51	865
527	44
249	987
458	624
256	191
658	535
684	812
161	733
527	617
441	107
701	943
14	373
149	757
829	701
865	284
71	163
613	873
885	738
751	867
933	16
469	811
488	582
108	832
20	916
251	524
352	769
468	284
370	737
694	470
799	275
503	864
203	356
45	996
745	418
885	983
619	983
894	803
645	171
755	659
433	516
545	506
467	715
174	648
491	419
172	585
920	792
66	875
614	594
868	750
256	61
590	605
139	922
332	232
565	474
259	157
896	419
509	753
876	401
612	41
219	110
660	116
730	227
54	993
2	535
680	446
692	930
338	324
741	350
481	334
253	743
990	191
145	167
735	567
127	893
281	65
488	677
602	640
990	640
246	153
697	508
211	957
112	537
157	851
70	256
724	570
56	399
184	297
246	350
5	591
927	767
724	248
111	702
57	453
872	173
701	679
501	303
603	228
543	857
552	221
157	40
211	366
109	566
886	362
405	396
759	635
488	660
140	420
277	137
938	609
181	741
215	828
195	984
303	881
689	344
258	140
87	559
632	193
442	167
332	867
510	116
802	576
13	313
565	924
708	956
977	602
835	159
789	321
474	845
786	325
831	513
896	68
107	922
727	431
348	234
773	82
746	956
7	980
941	688
541	818
513	332
985	442
680	172
585	344
368	870
794	264
696	844
145	146
47	385
456	301
609	351
642	945
378	404
442	992
112	658
562	630
126	42
139	428
661	531
644	372
118	932
818	386
744	95
873	878
23	822
754	765
583	199
962	363
622	811
822	853
921	296
78	250
894	171
546	695
459	207
312	510
905	784
702	432
359	542
461	4
701	451
336	61
181	217
799	100
269	788
20	928
633	545
945	145
915	827
939	748
462	545
177	833
473	149
543	23
739	574
834	326
948	318
367	439
148	490
640	497
888	862
494	339
908	861
503	550
752	174
763	338
306	320
96	459
775	744
296	646
371	127
183	500
412	79
313	222
205	565
77	208
719	812
864	650
67	515
530	76
180	367
327	293
635	822
629	259
900	503
936	126
398	173
385	733
573	970
422	558
620	345
760	487
495	225
