500	25125
75	899
267	292
667	691
756	352
981	804
623	461
640	100
477	254
245	419
28	153
31	177
166	827
182	929
939	877
448	642
593	14
591	359
917	25
285	237
943	916
248	258
897	182
794	523
51	28
803	616
249	978
841	480
61	833
420	709
326	545
996	393
886	537
516	552
916	396
209	487
820	9
992	828
637	682
514	895
731	934
8	447
664	158
946	986
593	799
973	539
251	566
343	575
93	104
947	89
961	52
389	341
590	938
587	817
855	341
208	630
101	197
117	476
886	359
898	666
889	754
984	863
515	687
126	487
658	667
406	254
446	85
16	769
402	849
403	799
366	801
763	367
368	922
399	506
16	916
397	633
745	716
685	521
893	63
227	467
711	207
705	711
960	380
46	681
867	400
293	168
301	921
98	341
618	796
673	406
31	783
650	250
346	261
619	478
131	692
939	298
550	46
135	595
156	14
214	529
345	692
211	163
358	487
871	155
296	397
228	777
397	79
682	856
33	237
272	79
262	180
263	790
536	889
342	67
697	769
973	922
879	737
142	84
439	54
184	859
136	910
581	873
226	272
736	127
579	276
743	757
774	121
369	182
457	472
870	845
824	190
164	398
449	715
751	439
99	103
279	654
322	795
571	7
898	72
684	311
914	60
590	957
846	773
298	470
169	418
625	492
714	973
962	266
934	207
302	842
963	186
903	131
119	71
329	718
973	738
94	256
413	230
356	763
497	126
734	884
64	445
743	137
448	297
662	168
944	567
804	29
509	24
882	510
225	774
947	510
89	884
276	376
430	254
716	499
894	707
728	576
935	881
834	903
523	658
937	655
268	891
497	503
449	974
186	10
299	719
643	370
501	206
567	411
288	236
840	716
842	21
989	385
390	435
112	335
158	241
865	634
61	628
894	819
217	692
539	42
761	996
649	586
831	515
642	743
632	226
844	668
417	690
703	380
332	465
4	706
320	112
934	515
213	556
92	868
902	496
945	893
464	977
985	305
634	114
434	970
945	439
709	166
554	168
545	904
398	97
918	572
206	506
917	869
762	196
458	949
928	485
50	304
647	76
926	620
546	87
800	951
403	35
297	162
291	200
100	933
282	204
844	133
758	118
138	268
525	677
636	64
90	505
649	934
230	289
710	829
796	952
63	808
84	573
253	532
153	987
673	764
519	151
774	586
198	819
433	414
639	583
515	329
676	154
609	834
663	446
108	834
675	688
33	467
938	569
430	467
54	683
280	133
105	486
3	779
126	801
71	315
903	348
139	964
154	751
155	922
235	252
62	867
363	898
354	890
89	850
853	25
882	113
310	936
97	335
237	731
691	790
715	546
652	94
626	301
555	896
442	719
535	947
766	285
828	290
742	894
685	19
194	708
749	77
538	707
232	980
927	440
900	670
689	12
763	62
148	197
671	229
116	881
506	783
547	185
213	213
468	439
259	494
966	633
615	484
864	755
252	118
765	322
404	787
175	191
825	987
509	279
327	37
114	607
31	638
808	619
804	321
679	455
749	503
779	112
944	27
223	72
395	161
607	384
920	10
254	452
333	610
714	190
868	658
673	495
44	231
100	703
876	641
207	477
543	559
978	768
999	953
589	578
19	684
66	665
35	735
534	570
786	347
131	546
274	636
997	144
312	908
134	593
953	446
424	30
701	818
253	842
798	545
619	594
497	370
931	257
852	273
682	805
420	477
820	548
745	443
386	980
792	620
831	647
266	438
903	289
779	967
628	896
381	215
412	99
394	756
339	517
864	702
493	850
363	592
491	452
672	584
335	40
117	333
836	914
233	883
852	680
976	268
209	554
930	486
586	467
907	106
366	313
712	902
303	456
296	4
340	971
781	637
707	617
698	852
392	252
105	68
218	901
648	16
66	448
47	751
305	883
617	238
27	623
891	281
571	892
819	509
738	475
768	17
524	591
15	828
151	5
93	173
5	281
177	578
909	596
39	619
846	603
781	526
574	738
659	125
895	345
337	684
659	891
348	86
245	756
582	282
993	162
814	137
459	672
513	779
209	364
347	279
518	583
300	609
25	393
206	562
692	340
625	191
700	579
230	940
341	653
958	869
524	682
853	283
83	462
15	402
408	966
951	642
765	891
902	904
582	870
868	949
94	854
128	329
597	222
203	538
976	844
926	107
374	631
390	818
77	75
773	417
265	264
282	120
519	201
144	644
712	255
909	622
789	296
182	160
923	737
404	885
952	599
942	749
562	984
207	643
564	202
817	274
563	108
728	47
735	588
660	652
26	186
883	722
838	644
997	83
