500	60885
964	900
524	291
541	329
620	91
769	382
810	297
316	155
745	760
108	521
591	48
196	759
735	840
936	37
722	115
926	480
782	348
625	565
121	467
423	215
620	324
562	754
539	580
752	333
624	88
504	149
557	132
224	7
89	244
335	722
808	222
467	824
40	921
416	811
176	407
390	920
382	307
127	985
194	390
335	524
404	797
921	503
167	45
763	48
213	476
867	777
517	701
481	207
491	431
379	791
194	6
992	385
960	497
227	515
163	706
915	79
72	621
322	394
473	108
181	614
194	969
885	590
933	586
845	100
214	285
696	308
382	119
168	838
634	929
215	886
692	830
237	91
625	655
235	308
928	733
75	239
405	570
305	326
156	837
177	489
708	409
983	593
654	410
266	217
628	407
105	638
995	719
881	791
411	280
117	682
663	282
197	238
176	372
160	273
912	522
151	361
491	995
943	972
563	385
866	505
865	696
745	762
294	456
985	506
657	351
833	95
850	47
104	938
3	313
932	399
210	512
205	207
789	504
84	141
859	434
884	638
743	750
899	231
709	452
282	661
305	1000
590	880
871	775
603	957
622	912
935	892
283	103
710	714
650	643
635	720
43	963
964	952
848	622
224	447
484	226
153	808
806	343
726	365
108	926
142	692
315	327
604	781
655	5
236	393
206	206
399	713
202	595
526	586
423	524
967	286
90	130
859	128
15	244
580	326
86	3
186	132
648	716
921	478
86	661
563	355
179	380
875	595
394	241
693	842
461	963
884	235
840	326
260	592
15	674
831	587
565	670
247	841
1000	743
265	509
828	114
898	112
949	185
479	517
58	417
465	165
56	854
213	787
294	125
154	88
18	198
34	658
688	571
845	774
116	813
26	451
894	606
965	623
557	396
547	529
674	239
792	287
774	547
165	659
176	719
340	776
139	72
575	216
164	161
667	421
855	26
376	317
416	621
649	695
312	44
352	51
793	770
615	600
942	53
204	931
336	680
73	424
689	936
716	709
975	199
747	638
259	721
975	566
631	611
924	662
639	899
553	142
52	983
212	461
684	582
743	736
368	427
394	86
601	879
368	265
212	427
996	226
821	522
862	303
123	179
760	416
86	558
942	299
42	829
81	299
43	748
36	808
656	220
549	981
646	152
262	928
450	295
269	334
14	829
466	146
571	927
981	210
597	382
177	121
861	443
225	441
651	694
241	650
884	394
529	467
645	413
681	559
887	975
811	195
328	293
224	637
734	540
324	499
284	700
862	484
838	796
928	450
677	422
292	842
666	330
555	512
135	182
612	324
908	811
56	594
383	337
540	633
986	63
865	924
375	31
832	449
395	275
547	771
27	610
41	824
626	549
728	567
248	646
174	402
575	460
186	645
834	432
520	44
917	867
187	212
226	944
116	890
258	245
785	303
126	61
579	140
130	791
228	331
246	438
298	83
246	78
741	528
901	813
499	684
216	343
315	258
656	721
824	18
549	47
888	286
655	895
641	630
357	759
266	832
606	107
645	897
789	343
550	56
398	319
694	86
392	51
440	828
895	233
801	192
867	966
509	813
420	609
528	413
787	924
713	567
336	425
936	117
923	171
841	227
601	304
40	391
274	317
618	614
397	270
586	464
650	375
884	322
178	594
753	187
412	143
283	28
595	190
254	635
639	825
387	439
370	635
692	188
824	478
881	906
837	829
995	913
851	165
118	587
540	578
742	266
438	848
150	888
416	434
350	729
63	73
56	688
592	591
291	432
587	759
712	774
729	676
262	885
40	115
400	149
490	626
734	835
54	836
985	826
639	154
1	174
942	907
811	761
598	757
164	899
767	545
277	559
308	194
823	919
688	936
622	314
515	89
510	293
934	461
83	497
72	47
681	480
606	682
287	366
204	351
565	283
830	776
33	837
380	950
44	988
524	373
253	305
527	828
83	689
305	208
231	123
858	193
890	177
24	272
684	125
289	42
122	392
46	994
342	391
989	314
920	461
547	420
469	480
803	575
317	246
741	275
690	929
855	379
356	396
226	721
393	134
326	86
127	315
815	378
966	806
442	362
603	327
227	968
168	928
914	593
118	21
161	280
57	113
717	742
266	332
58	322
971	264
566	712
358	169
711	310
404	768
166	254
670	441
73	503
794	278
493	996
970	906
292	39
428	825
482	673
309	720
461	871
512	405
901	229
985	687
899	664
502	167
697	967
352	163
176	166
562	885
930	175
134	982
633	75
371	403
465	38
689	437
313	332
375	263
880	984
121	919
204	197
785	803
846	322
490	494
72	177
152	654
784	896
