500	224142
395	605
194	46
370	749
978	834
948	450
127	830
179	894
173	621
963	112
448	702
723	110
54	260
725	776
372	216
780	301
235	912
14	910
423	529
856	905
879	404
258	197
969	231
684	681
151	104
542	653
752	675
333	250
301	707
123	64
594	705
880	301
761	800
342	567
555	528
202	428
15	92
31	301
277	234
24	422
158	722
373	112
447	828
511	908
175	366
635	489
670	550
272	344
682	793
83	361
166	538
556	265
841	463
409	631
161	506
437	128
74	522
558	11
533	144
764	575
363	245
657	524
659	692
873	725
425	140
880	833
704	644
805	770
128	768
922	522
445	996
98	371
982	366
115	815
400	521
270	792
7	580
273	149
102	429
284	668
891	798
948	32
67	191
458	210
783	325
394	76
791	52
659	966
208	388
769	233
62	909
740	736
560	870
167	463
428	698
164	56
501	304
322	91
341	811
702	956
210	730
681	105
679	328
414	82
435	134
899	797
670	740
115	275
854	452
70	858
517	482
765	196
836	846
922	591
928	690
454	124
949	541
906	142
287	358
461	953
641	975
367	209
55	341
816	942
325	853
509	143
362	590
379	557
563	718
723	656
537	249
313	599
363	372
393	331
67	1000
875	570
241	166
183	193
148	207
711	74
504	678
955	885
384	654
464	158
799	442
961	388
226	558
753	437
655	100
580	540
765	806
993	182
644	812
85	51
928	659
297	276
989	979
151	768
226	699
797	413
501	441
789	114
65	478
819	743
382	974
178	446
114	179
854	215
508	654
222	799
119	270
571	8
999	85
866	760
69	904
223	851
330	547
982	63
615	227
787	57
833	499
986	960
592	184
292	530
122	385
763	334
145	861
218	336
310	858
635	701
8	566
226	351
440	928
626	754
436	387
495	796
525	630
537	740
394	838
167	707
143	164
796	946
132	220
953	602
495	871
785	609
963	16
915	420
116	596
447	216
746	439
766	549
349	101
257	621
644	856
686	802
579	688
396	378
11	623
920	293
644	397
691	780
227	14
246	486
198	663
518	697
327	251
401	219
311	558
576	36
61	886
845	741
500	334
233	976
805	858
40	589
341	796
148	843
285	689
268	200
506	139
743	464
383	484
797	47
493	187
459	105
616	767
226	394
605	48
490	20
387	869
221	692
813	125
33	843
348	840
650	183
321	945
209	306
662	317
367	776
944	410
613	980
251	127
64	815
683	748
724	452
897	161
335	217
509	521
880	128
97	641
19	998
515	556
5	533
642	979
860	875
783	635
911	221
324	36
324	622
545	24
876	984
974	279
794	821
855	349
706	714
438	925
171	60
299	71
617	701
862	989
164	166
706	257
148	343
623	138
255	280
21	992
849	857
689	961
5	956
486	35
417	3
384	586
66	650
337	390
953	837
632	891
707	59
633	675
997	114
387	110
956	237
21	78
514	531
965	355
369	515
854	715
47	316
295	852
566	878
497	430
787	608
530	133
626	972
156	165
724	764
285	999
115	13
215	186
245	949
96	293
902	923
64	243
964	581
204	989
389	505
763	546
919	822
319	711
952	607
597	824
346	518
618	659
30	738
458	853
577	943
15	115
381	594
338	475
772	495
23	390
167	643
683	207
898	926
500	315
510	219
666	937
437	241
153	417
751	673
828	466
684	865
582	644
305	634
154	98
7	930
88	611
208	299
515	267
872	375
687	193
356	29
149	220
318	299
579	895
912	605
485	190
682	248
23	494
573	450
917	22
17	469
583	629
258	991
884	384
9	496
945	127
274	69
925	229
944	475
673	100
906	560
386	645
725	127
867	646
298	940
498	37
351	498
58	787
830	141
984	921
543	345
469	670
623	522
709	881
96	658
452	870
440	53
844	218
149	243
814	805
716	346
335	105
779	142
347	556
29	17
552	464
769	576
468	953
451	104
623	43
478	467
15	912
742	819
631	693
255	736
193	736
561	79
955	68
597	376
428	355
911	629
645	185
441	391
403	285
443	213
909	850
928	215
280	634
933	811
296	698
385	989
514	77
470	108
288	894
357	447
25	752
170	889
151	597
104	492
749	547
893	86
554	931
162	402
648	777
461	3
3	959
159	948
241	790
789	38
107	45
231	94
865	637
335	214
206	193
965	874
627	803
921	187
712	237
837	919
927	699
154	520
76	4
746	492
512	262
487	962
36	709
196	581
377	811
973	756
453	915
517	501
511	82
120	783
752	512
506	310
567	799
947	701
118	164
987	126
641	146
652	724
566	212
498	846
367	999
334	111
48	609
529	178
451	216
526	110
170	15
