500	192768
697	822
145	130
239	492
998	71
55	676
544	206
531	716
733	177
154	928
307	379
851	837
701	36
414	607
828	449
798	483
159	869
272	772
375	789
951	963
496	159
840	591
371	990
479	389
816	189
790	640
644	645
397	895
292	543
385	682
929	9
724	145
997	186
199	570
813	677
132	756
453	896
180	457
26	598
348	41
23	579
836	822
520	453
834	486
491	12
825	61
459	616
942	967
228	422
116	775
765	374
697	361
179	348
774	761
165	612
693	547
775	461
30	883
819	185
52	12
190	521
980	365
60	137
504	890
741	628
742	580
755	384
11	740
503	907
219	716
166	796
647	96
286	960
599	924
270	674
313	72
856	666
724	316
142	857
129	322
908	931
147	795
1	375
789	958
412	866
906	748
874	898
554	547
450	40
980	579
486	45
22	582
216	278
871	490
525	140
135	868
422	145
670	820
380	953
94	359
79	986
994	255
852	116
217	435
949	254
849	141
31	611
445	476
898	667
410	880
795	476
549	740
712	587
721	42
489	491
801	188
920	289
46	798
484	711
913	404
557	605
144	138
827	688
693	197
62	158
118	770
476	600
815	515
74	165
344	144
708	731
159	380
688	493
941	773
69	27
402	122
871	912
815	461
274	996
97	740
344	845
465	168
182	179
330	333
775	436
648	243
364	608
618	340
356	867
273	868
914	589
968	214
364	957
221	936
830	881
635	913
154	613
717	890
368	581
767	750
308	719
81	90
571	373
634	608
529	247
63	237
600	149
171	569
373	971
411	123
831	310
323	734
866	814
669	35
859	541
284	230
277	326
640	58
412	94
728	46
158	669
463	40
931	657
619	102
532	12
336	783
710	357
620	912
269	307
820	490
38	679
128	333
70	823
552	925
856	416
770	329
221	989
176	156
890	178
666	201
839	294
717	643
193	60
469	904
208	215
21	45
257	202
276	741
102	990
358	265
230	29
767	971
716	701
877	132
612	883
711	965
572	832
502	413
668	226
229	994
490	202
35	807
266	849
842	123
279	549
111	104
967	148
992	781
271	826
398	175
964	495
744	939
170	875
127	212
799	234
122	615
196	891
454	318
55	288
151	673
372	382
315	926
493	982
584	795
205	601
859	492
196	402
226	830
691	521
397	459
48	339
985	862
35	288
241	631
549	136
693	927
526	798
811	304
164	186
8	822
888	274
609	972
277	714
397	595
640	959
190	467
890	411
856	945
642	98
896	768
967	860
157	77
713	726
961	11
24	111
302	64
188	446
256	756
505	953
891	199
747	380
297	6
682	284
922	134
792	906
74	602
828	31
956	569
884	686
931	493
785	203
522	756
471	428
702	709
621	810
31	16
394	651
651	991
878	569
786	184
221	521
479	708
665	10
828	905
702	41
342	355
682	188
291	79
867	910
349	982
84	447
5	444
501	985
519	114
406	941
144	456
435	382
789	136
897	793
853	30
388	344
841	491
395	930
612	118
769	904
911	970
403	390
995	731
378	825
438	510
826	388
755	251
450	645
523	631
470	198
277	668
470	273
978	201
250	633
695	195
158	318
697	254
705	623
186	261
513	881
860	510
101	253
747	87
219	538
470	695
131	169
827	844
514	761
674	419
750	687
162	916
988	812
484	902
217	506
333	271
955	510
848	1
147	13
182	510
650	693
928	304
366	269
204	669
97	441
844	545
807	951
488	539
737	384
546	680
292	845
495	739
480	471
496	798
14	162
329	850
365	553
329	538
648	141
81	293
571	246
124	363
628	803
55	233
159	801
788	822
289	301
81	305
105	16
688	100
427	603
216	899
602	298
786	496
89	90
964	611
567	411
289	976
827	677
982	32
154	519
649	149
939	131
137	185
381	521
679	146
824	778
853	353
815	507
18	359
971	558
209	764
37	140
429	969
713	739
970	615
522	698
398	875
554	780
939	273
953	143
19	613
850	697
168	889
325	116
890	446
72	385
223	672
18	841
897	593
402	927
605	756
951	65
943	667
819	993
706	163
944	849
486	675
349	51
366	874
130	215
738	27
795	790
742	983
524	415
269	278
163	143
933	546
663	420
865	813
74	940
828	749
200	781
957	636
231	982
1000	539
854	298
853	725
267	778
312	137
8	316
592	12
895	969
796	434
991	773
429	423
963	788
103	470
729	487
184	858
978	130
484	108
924	401
947	793
374	753
493	800
834	189
854	565
352	377
299	811
996	753
8	399
110	787
56	692
529	201
32	354
971	245
918	606
935	751
188	728
159	760
866	854
290	456
781	677
737	34
342	471
503	443
