500	216489
301	165
962	20
9	305
369	101
757	25
510	726
503	496
598	55
355	643
867	537
197	734
867	869
596	679
542	53
999	513
514	272
169	58
884	927
204	290
961	266
628	833
942	805
697	794
746	487
734	126
481	769
602	660
30	856
56	455
672	444
180	549
735	992
787	416
876	179
481	271
924	451
115	823
697	432
797	473
905	457
585	77
269	460
749	234
232	591
962	447
577	576
289	299
589	866
591	742
583	633
66	969
281	856
133	919
354	583
797	525
635	394
901	542
680	589
545	523
871	310
113	322
388	109
867	124
215	23
361	610
791	589
465	23
162	33
74	149
39	326
230	554
582	886
228	608
314	109
784	187
445	829
396	69
669	486
314	287
231	498
614	444
226	902
751	926
617	538
192	689
221	478
339	329
961	649
242	534
495	267
453	428
763	237
228	873
241	374
788	481
151	641
909	38
436	554
758	72
487	2
997	219
227	838
936	781
329	85
397	336
928	396
369	864
36	224
882	853
882	996
502	86
254	321
82	511
910	164
458	281
954	23
991	69
30	371
999	362
799	554
700	137
812	420
427	533
330	932
972	327
545	113
955	127
358	117
983	269
775	57
899	410
975	424
497	75
87	618
998	541
299	265
728	850
856	669
105	816
159	935
876	904
717	951
576	826
739	395
761	270
364	894
304	571
804	811
620	358
381	268
981	922
135	460
291	118
957	979
334	444
834	492
821	69
933	631
39	983
487	146
889	240
662	133
422	230
671	218
73	999
498	42
778	263
508	388
340	122
676	610
787	637
820	595
594	21
134	583
830	677
587	829
830	411
690	96
21	460
470	131
625	323
141	509
937	816
712	928
339	370
438	886
727	972
195	134
590	932
881	85
637	320
913	16
679	624
46	776
467	572
661	769
614	407
614	951
745	85
511	410
729	653
94	709
610	603
68	867
861	729
456	44
990	576
209	143
658	114
343	393
487	718
239	722
710	512
611	317
406	603
911	542
30	967
179	916
931	398
785	611
98	271
83	322
781	124
665	761
312	998
92	394
660	374
702	728
263	231
366	448
445	178
413	643
465	465
768	630
553	949
889	398
754	15
828	666
853	433
850	553
288	105
807	548
746	212
727	355
577	177
17	433
529	572
616	49
383	60
785	546
634	121
652	69
36	307
158	513
246	835
257	17
304	583
554	707
914	613
884	267
729	720
508	613
447	45
853	997
509	523
908	380
163	79
581	396
173	818
749	783
754	258
971	964
401	344
871	312
361	237
52	973
797	844
383	322
476	829
727	127
239	664
304	467
143	516
658	834
391	125
655	23
641	24
818	771
857	275
164	156
857	344
54	276
874	575
276	247
162	466
98	85
522	14
539	5
485	723
658	775
246	760
283	524
807	245
674	364
771	845
165	70
438	66
954	970
147	954
373	151
752	464
963	526
837	585
435	455
279	364
206	464
393	351
41	332
696	527
153	947
649	248
850	312
700	167
314	617
812	428
599	422
443	757
818	539
637	518
240	131
281	385
688	555
351	485
939	321
39	281
761	846
940	598
635	85
123	605
802	530
896	420
349	394
284	984
528	56
957	847
945	780
987	604
806	741
226	192
300	671
736	759
213	945
298	933
195	393
517	891
366	426
838	923
693	465
177	263
782	577
161	106
539	318
491	556
483	771
1000	203
742	927
906	633
373	846
622	855
909	808
767	154
961	508
938	570
945	172
224	310
56	344
264	768
26	129
436	47
474	152
979	929
36	527
990	173
90	695
686	572
595	188
871	249
324	967
138	681
761	276
396	104
936	540
507	382
737	573
448	952
30	671
604	230
689	746
543	328
498	297
423	703
41	128
768	163
505	179
858	954
145	800
103	603
896	835
842	765
785	76
481	250
954	159
499	52
163	756
506	772
505	582
2	786
62	170
200	316
483	347
12	656
693	944
306	98
564	370
303	480
930	926
893	950
683	112
116	175
376	107
983	193
311	404
210	130
353	218
965	474
876	671
315	965
370	866
52	617
836	738
726	971
348	474
160	471
958	921
143	867
212	404
974	895
665	800
388	156
916	126
312	256
565	987
462	476
155	143
430	123
615	972
97	478
598	252
371	748
131	289
792	97
304	576
744	768
617	899
90	75
323	846
693	189
296	683
397	438
941	459
238	711
14	953
74	195
465	22
438	73
549	231
382	321
365	865
641	662
774	965
823	941
980	387
218	331
358	789
578	178
950	691
825	391
436	342
130	867
461	795
683	634
412	188
565	592
999	733
757	33
637	854
962	343
49	196
5	745
136	687
