500	62225
633	823
89	988
311	387
340	264
144	669
7	82
46	270
91	825
568	716
767	748
267	398
497	60
164	853
84	462
551	236
98	15
13	902
700	911
656	749
843	233
96	29
751	288
387	129
134	378
540	750
697	931
852	201
530	139
557	882
261	955
564	745
953	513
46	385
90	346
346	53
799	831
868	110
717	55
353	501
378	15
908	194
277	728
352	755
664	865
154	867
652	944
771	610
193	269
431	482
868	437
934	173
429	121
786	971
999	224
171	96
259	412
521	776
368	167
207	538
545	798
785	77
324	588
156	592
299	278
17	936
107	224
574	679
885	67
681	96
76	721
78	562
824	437
911	183
917	521
971	645
793	859
999	32
148	236
756	70
71	45
874	551
101	786
360	586
176	964
99	358
647	294
501	230
865	709
853	897
417	650
500	152
29	289
657	905
45	688
368	86
483	605
900	854
75	950
653	815
89	445
828	204
372	916
390	414
459	732
498	87
432	335
99	173
733	880
54	646
979	367
372	220
24	230
765	1000
399	45
652	311
349	751
365	537
938	168
943	551
104	496
434	482
209	57
225	826
576	65
848	181
664	724
814	579
987	83
177	110
575	873
555	110
665	335
730	12
414	209
969	966
710	277
214	744
948	593
293	74
10	269
69	820
675	913
827	849
892	621
64	357
479	924
845	582
330	295
617	459
78	486
971	373
614	462
914	741
346	856
879	334
413	912
287	498
942	102
956	371
278	450
179	690
803	960
239	684
175	576
705	103
388	720
278	564
177	143
268	643
401	238
686	837
312	342
168	391
813	585
235	218
818	27
898	692
588	698
423	296
196	734
744	651
807	677
251	474
537	438
273	283
627	308
689	39
218	58
40	212
278	647
496	275
701	519
831	200
202	834
202	940
448	261
824	39
683	510
177	315
796	897
985	708
603	877
930	766
589	532
566	404
122	598
15	634
674	318
963	690
440	838
675	455
685	354
533	167
703	873
683	64
823	871
779	555
311	575
574	657
942	754
311	26
860	476
33	794
221	646
519	804
500	803
737	725
935	610
783	56
944	615
809	2
590	419
344	999
672	841
414	920
141	237
303	710
288	637
224	587
260	676
635	980
951	421
342	439
542	137
715	649
489	487
529	178
806	103
124	712
696	837
883	593
888	509
75	742
521	220
512	214
333	727
880	708
963	28
256	693
969	5
323	292
216	385
363	915
749	996
600	684
710	231
714	873
740	493
585	614
22	402
478	282
717	31
276	320
537	295
336	165
617	873
956	816
842	109
405	865
611	188
94	769
687	556
610	765
665	760
474	9
686	930
113	378
818	14
360	713
598	239
596	740
542	755
895	765
697	476
563	397
316	284
79	925
712	66
575	223
840	580
957	719
866	911
620	900
330	595
838	36
655	173
571	568
514	666
705	1000
226	603
702	942
967	843
294	342
274	797
57	142
475	54
1	537
1	479
879	33
179	668
537	680
747	990
758	391
434	846
123	369
397	555
948	199
754	899
397	95
862	2
768	380
926	871
598	234
483	759
745	844
374	402
855	281
91	161
717	582
653	519
703	771
632	590
652	645
460	841
359	298
986	427
548	246
985	535
821	972
459	12
966	541
421	258
266	325
619	637
598	301
112	447
105	754
274	313
210	337
660	581
61	520
291	223
240	912
155	979
715	407
694	436
308	128
583	685
307	713
538	43
305	38
1000	752
669	128
190	218
924	278
270	378
463	152
474	437
512	517
333	256
537	333
426	943
509	633
46	917
599	113
873	250
395	993
953	161
858	727
852	627
818	655
165	121
177	733
386	908
614	916
733	287
34	241
798	205
74	776
148	501
862	741
468	511
84	961
52	760
633	50
312	187
545	109
895	767
793	793
288	524
433	905
809	473
774	945
133	322
874	967
848	134
980	18
430	105
347	107
420	111
706	269
398	257
144	135
534	935
953	139
924	184
728	312
132	792
76	596
86	281
472	625
454	604
371	892
277	340
188	84
658	104
773	631
681	289
162	552
531	784
684	598
522	572
229	893
475	780
53	7
116	913
773	241
69	806
427	753
326	591
780	623
650	304
977	20
212	327
954	396
882	823
19	622
357	727
299	832
716	384
439	682
830	919
301	247
44	884
144	488
701	489
621	597
853	407
729	529
283	758
967	804
81	369
482	835
967	831
412	283
991	349
245	493
299	87
141	381
943	40
108	453
136	701
329	869
164	41
902	145
852	987
391	392
362	646
105	112
735	877
932	529
560	543
190	435
716	161
408	806
915	44
840	735
539	556
573	407
842	848
