500	183720
754	84
35	313
880	552
777	363
864	196
127	437
115	593
86	768
187	243
838	444
979	102
401	341
15	28
961	653
78	389
147	101
752	295
996	78
323	364
388	916
108	200
32	239
526	820
753	240
300	557
642	335
904	244
83	952
816	351
578	794
107	482
812	894
36	493
660	889
605	620
858	858
358	652
559	225
575	247
302	758
70	926
541	819
146	623
112	553
804	297
173	62
497	701
206	1
652	456
105	486
151	800
729	610
461	21
215	461
558	582
819	823
450	438
323	468
424	966
455	763
269	191
42	539
766	267
11	944
912	450
151	579
814	4
433	187
708	851
361	389
630	615
569	714
856	112
14	295
11	298
889	880
102	111
906	2
753	484
764	158
299	6
832	590
253	855
510	192
716	303
867	132
683	165
740	355
564	507
341	567
906	69
376	213
552	601
834	706
127	756
253	998
542	147
629	930
983	279
596	507
753	831
399	344
45	533
367	967
963	938
217	22
490	636
591	547
509	806
200	414
73	304
509	667
717	903
271	59
918	113
372	190
402	432
32	131
272	330
206	786
985	390
996	762
66	84
326	429
273	576
450	537
618	422
591	467
791	117
939	837
253	835
819	934
589	456
96	165
673	501
213	627
43	95
107	360
244	226
804	456
788	447
388	573
51	244
192	374
205	330
597	604
403	806
720	310
237	841
126	16
426	492
547	862
602	283
303	401
942	358
863	109
616	241
70	37
779	916
754	5
905	549
144	467
984	97
676	91
505	110
981	147
200	769
481	315
493	118
83	715
926	571
347	300
291	891
116	462
587	771
470	721
89	13
535	27
144	360
93	377
258	760
84	382
16	872
53	539
856	495
746	690
53	848
267	733
457	265
574	445
307	535
849	451
192	833
366	232
788	131
173	492
548	171
575	682
852	169
984	537
950	286
780	640
518	252
977	360
138	833
798	290
309	58
588	384
751	795
649	496
642	353
730	968
78	411
176	88
658	690
989	199
692	312
280	335
331	322
869	44
638	382
530	978
327	852
78	612
164	63
766	781
154	244
916	380
308	47
706	204
806	794
20	894
219	539
308	335
636	12
657	972
872	408
14	161
410	547
819	990
498	313
696	721
353	891
617	336
538	768
326	680
782	259
761	476
740	252
330	349
212	172
378	27
107	425
699	723
886	828
476	273
528	179
312	602
487	850
885	569
305	289
201	456
326	267
111	85
826	378
98	852
363	143
418	652
814	273
765	630
889	367
665	57
591	428
212	75
491	401
926	18
296	9
657	727
664	960
445	100
780	562
872	536
830	616
19	145
146	366
912	291
82	424
446	769
211	970
336	989
419	928
81	772
815	329
713	818
132	446
374	106
506	403
736	612
760	545
375	26
225	555
733	117
549	532
966	446
733	901
829	908
907	982
168	826
186	824
6	876
375	842
171	679
362	19
356	714
996	758
527	885
536	962
75	948
923	922
945	923
636	312
170	827
369	291
111	141
660	995
599	313
123	782
762	59
192	721
847	777
661	154
921	633
471	225
691	895
973	474
864	10
318	653
681	80
190	240
556	793
727	985
668	775
874	856
81	536
525	855
598	522
345	319
374	89
454	543
801	703
37	223
1000	610
738	714
446	240
713	870
364	806
581	726
289	25
643	162
56	943
728	613
924	648
481	271
103	887
217	992
632	83
434	256
593	49
666	717
360	670
659	951
271	105
639	252
178	491
35	510
903	559
615	259
664	666
237	326
242	647
467	960
994	773
387	19
594	742
924	171
533	798
820	647
256	903
761	659
786	20
707	158
52	117
703	741
997	294
586	194
998	788
746	862
394	546
819	231
227	751
888	869
86	717
196	78
597	281
353	571
973	300
65	803
978	938
976	412
152	671
896	138
306	55
161	853
12	627
110	180
651	708
647	308
916	466
624	54
832	806
909	885
842	979
25	27
786	941
848	473
549	893
818	754
386	71
886	725
773	615
25	668
519	252
34	927
935	160
340	218
767	753
331	131
340	634
560	19
747	337
830	366
581	539
720	66
422	666
502	370
834	54
940	175
317	203
711	988
719	157
200	629
27	759
101	333
24	501
168	42
291	906
215	498
66	557
631	278
730	141
658	511
820	737
962	533
615	691
480	846
448	480
655	54
867	500
594	107
408	946
344	819
756	654
628	953
668	529
204	301
973	651
470	629
562	816
592	337
900	157
171	857
56	891
294	577
48	366
593	784
37	844
550	262
262	969
107	378
822	844
767	470
357	706
284	993
873	73
821	175
684	363
9	917
59	785
441	641
405	119
