500	187425
533	791
763	182
821	419
672	586
298	784
390	591
399	656
703	737
721	637
806	285
131	766
657	886
824	494
962	23
40	214
745	145
527	101
414	226
307	571
879	831
285	839
625	619
671	653
775	686
440	640
609	138
814	467
49	974
238	46
167	111
194	306
171	867
954	726
476	13
52	199
311	68
819	999
465	227
534	783
248	704
264	454
747	859
813	978
781	590
639	324
834	872
748	879
56	300
521	995
788	212
895	140
493	369
958	590
164	645
670	729
910	445
358	220
772	364
256	177
818	736
703	262
911	758
890	172
351	24
1000	693
219	572
690	178
668	56
105	586
930	497
212	208
601	303
529	508
756	213
647	842
269	723
414	815
281	191
281	543
390	783
313	996
769	200
475	893
880	171
3	129
328	314
782	528
169	652
233	995
525	739
237	4
715	782
194	388
793	292
636	43
121	824
382	9
876	873
190	264
629	358
275	43
26	340
365	291
46	121
778	240
590	561
936	590
885	924
134	214
502	798
905	797
322	270
584	173
799	738
266	959
117	147
72	958
211	862
715	279
449	366
654	606
185	307
47	811
602	470
904	733
426	614
719	559
451	397
424	774
100	950
984	58
758	394
537	250
545	241
514	994
626	529
184	993
923	453
828	696
874	505
203	987
328	651
895	206
36	691
519	633
15	920
799	946
748	62
870	231
655	905
34	603
277	548
686	839
406	930
213	701
802	350
628	66
910	746
82	142
565	583
137	786
793	380
146	594
533	264
351	407
4	308
228	201
778	892
920	124
755	58
587	135
893	735
554	921
612	721
340	805
308	560
284	439
998	965
132	16
430	225
767	673
792	66
936	949
461	95
803	497
20	26
883	548
122	8
859	340
539	655
252	949
537	21
287	888
781	344
852	669
629	370
14	896
378	215
182	779
257	127
793	340
20	960
89	884
392	569
152	903
79	829
464	585
891	405
868	976
56	566
898	112
476	212
135	225
906	622
410	976
92	880
425	378
729	473
341	975
794	533
312	450
528	514
547	771
784	96
31	382
671	889
103	46
409	140
563	554
753	946
712	299
70	59
595	559
548	923
164	347
13	736
598	677
31	715
364	485
929	549
349	337
468	255
488	591
487	120
570	442
459	396
532	822
559	985
43	539
228	975
563	284
113	913
119	146
799	895
523	446
169	623
467	245
528	322
309	73
240	374
36	703
459	701
660	149
551	515
200	436
741	842
268	617
947	470
19	731
982	316
305	903
244	87
359	607
235	24
255	657
936	858
258	519
741	654
987	177
860	462
196	492
590	11
624	44
56	4
721	519
690	213
645	720
771	578
159	640
273	903
812	393
620	366
523	131
554	694
770	390
395	155
907	371
132	796
697	357
775	294
148	413
43	438
845	218
826	305
867	253
940	47
737	550
642	54
29	596
831	794
740	886
488	665
964	35
693	799
202	559
933	939
17	392
26	45
760	789
295	61
44	190
479	118
142	629
963	491
164	366
807	303
295	71
526	708
753	453
226	288
947	853
90	881
393	761
21	308
910	585
313	724
725	708
691	904
46	397
383	305
48	275
325	965
664	206
178	429
553	461
221	7
111	162
125	835
71	791
534	315
917	778
900	891
394	585
587	765
107	407
534	974
827	714
576	881
491	639
192	212
390	525
950	583
516	117
375	767
204	308
953	132
861	561
966	167
706	232
940	572
978	272
602	341
833	776
592	688
664	423
700	818
992	373
322	272
102	830
839	870
161	752
152	699
114	652
557	882
214	972
520	813
148	173
162	784
224	156
909	981
712	791
736	410
9	708
245	887
659	478
529	614
993	274
534	696
857	898
260	802
866	202
969	170
196	495
426	51
180	927
16	962
183	111
333	547
80	355
695	446
932	259
769	42
314	252
786	415
922	851
486	895
74	368
604	564
361	376
462	811
414	723
206	187
680	538
999	586
306	387
427	445
584	513
877	51
800	768
389	142
56	611
207	53
317	755
940	613
906	135
483	220
746	460
53	672
59	853
836	808
396	844
350	293
219	445
628	353
570	424
351	42
988	527
361	321
425	524
435	705
809	771
960	73
985	662
445	472
879	564
812	834
386	83
386	462
794	148
800	235
277	283
351	773
616	400
847	253
793	869
939	57
874	670
819	573
67	357
307	264
171	591
438	967
940	753
973	129
125	17
405	21
411	168
409	955
879	825
450	98
993	946
96	990
195	207
120	150
573	462
298	207
544	88
907	289
703	586
337	815
708	349
31	655
263	985
399	423
637	131
98	334
609	549
168	76
745	135
112	410
