500	227893
354	388
712	996
220	558
365	454
204	125
244	486
951	441
581	431
368	591
130	726
485	396
429	121
105	126
901	286
414	118
357	247
342	170
279	903
325	263
87	522
613	446
921	431
367	713
879	18
424	87
294	589
440	193
361	31
678	743
69	933
407	336
663	884
959	619
667	499
845	401
991	525
978	746
553	111
411	439
780	829
451	660
797	98
208	26
957	454
109	579
807	628
287	330
154	658
73	920
750	727
647	729
873	164
562	468
949	132
64	169
512	509
1000	242
641	51
448	953
920	618
858	297
846	555
884	286
878	913
757	989
180	781
930	924
541	615
57	245
323	665
453	536
659	959
18	898
798	296
364	826
590	966
458	760
886	387
145	403
558	158
1000	876
585	373
158	842
771	524
202	584
886	662
184	113
872	466
657	502
317	263
873	270
930	412
264	395
578	123
453	623
157	79
565	717
609	854
631	181
177	816
284	193
132	803
877	845
890	419
919	862
296	18
709	697
361	535
152	469
734	876
253	257
908	409
742	322
535	216
60	869
292	319
641	65
743	738
260	142
235	99
1000	424
111	139
375	421
469	776
64	771
803	155
789	928
351	480
502	791
577	939
974	56
690	722
248	361
297	858
939	434
487	335
719	87
631	97
327	254
301	171
972	536
757	899
746	679
279	424
484	328
396	199
194	566
163	150
58	907
467	99
548	311
738	256
342	676
983	844
537	386
497	193
858	599
693	782
190	879
932	413
565	832
41	219
387	823
278	363
974	279
287	207
561	374
394	46
297	9
822	168
700	548
746	539
883	64
418	861
430	529
183	756
45	421
456	510
974	791
545	141
579	450
649	276
16	90
650	682
603	660
369	447
320	687
975	291
355	525
372	961
881	492
635	748
665	371
74	843
604	365
299	936
354	962
947	107
298	734
764	163
966	738
902	336
562	971
316	829
752	730
907	27
433	296
901	699
135	705
151	680
590	56
387	824
591	962
724	949
234	436
518	712
257	467
379	377
771	775
536	160
717	384
566	187
204	881
883	483
182	574
323	538
732	93
817	144
719	784
625	928
907	659
858	909
710	366
567	303
343	658
288	554
535	607
921	545
261	357
168	570
418	574
867	271
783	122
849	243
670	468
82	925
802	661
830	308
425	221
732	980
958	629
411	873
823	439
374	945
677	2
804	519
882	165
278	810
195	935
227	858
153	808
439	995
330	474
111	268
576	697
501	257
826	32
607	941
569	877
939	660
719	149
981	4
801	467
117	855
992	222
12	614
1	33
104	639
468	895
338	359
602	496
826	573
147	957
666	645
30	623
633	669
808	972
757	398
930	769
590	552
374	585
531	850
46	90
71	306
443	306
88	692
253	382
178	230
632	430
882	251
234	885
259	659
680	482
146	145
374	170
459	228
468	967
87	84
902	228
181	877
575	327
348	470
30	801
768	343
199	516
890	342
437	894
827	989
720	182
406	913
347	915
278	349
894	541
602	537
963	688
227	631
677	225
218	259
307	711
581	540
602	74
870	154
168	903
377	465
995	661
539	539
556	974
284	840
275	315
270	622
638	274
575	944
203	713
995	403
279	702
447	489
145	755
679	299
541	649
814	535
125	618
506	888
528	157
984	834
578	871
610	384
85	108
792	580
711	183
826	310
489	732
284	184
322	644
395	837
503	881
436	701
785	604
638	441
713	599
28	950
154	181
8	204
332	239
577	915
117	728
170	836
983	3
891	254
752	342
900	396
700	897
13	328
297	672
75	313
876	803
615	579
231	157
244	163
300	768
76	33
582	999
511	151
367	984
758	456
322	576
773	901
56	959
135	16
846	801
808	528
200	39
200	931
168	896
740	130
831	597
61	220
918	609
766	461
907	956
431	404
403	464
223	330
170	467
941	446
466	652
265	834
906	819
719	353
527	859
41	40
128	571
346	353
446	479
606	166
713	883
33	21
31	312
791	349
74	257
964	612
346	58
427	964
512	565
687	301
465	235
415	213
96	640
48	404
186	809
578	202
187	435
258	564
820	35
818	931
4	710
857	950
182	41
896	12
916	283
759	222
908	619
582	989
455	914
772	620
674	271
493	279
721	840
766	508
987	804
730	105
673	189
963	313
939	964
641	664
874	103
255	442
480	403
223	870
840	472
199	64
869	428
732	205
224	325
396	633
921	260
497	834
587	390
265	33
139	926
73	599
165	985
574	486
173	888
384	314
512	229
122	435
537	409
269	97
730	170
773	729
589	797
893	313
847	678
80	571
905	482
595	207
528	916
101	274
673	244
159	804
