500	199157
349	719
129	30
163	947
51	601
713	67
678	637
584	104
155	542
977	624
27	817
460	925
742	5
487	492
460	145
756	38
343	442
115	485
575	97
831	134
28	871
785	887
987	330
146	431
635	924
324	470
283	800
593	333
501	500
934	319
547	376
83	802
462	253
5	973
667	182
73	467
62	357
489	660
276	263
822	901
459	291
932	507
863	162
652	287
763	722
95	746
573	119
594	970
653	478
425	819
692	786
402	439
448	786
945	768
376	467
76	336
233	446
14	419
354	886
193	662
882	450
190	839
248	637
935	558
505	176
487	755
788	465
98	542
841	17
261	63
722	913
564	3
618	784
381	775
133	695
709	407
387	201
575	829
833	964
624	402
452	108
623	763
953	88
542	961
236	573
718	602
576	99
942	326
796	19
906	739
823	491
835	168
990	774
544	516
708	885
678	179
616	424
448	53
111	270
335	868
479	126
950	432
691	496
57	606
498	732
130	712
826	571
802	878
6	662
97	911
341	674
519	666
166	197
478	774
753	374
888	47
232	801
807	174
938	153
466	955
613	654
827	944
784	379
865	783
504	889
88	318
931	302
176	670
41	92
659	596
502	586
531	611
634	644
869	680
256	831
656	999
104	772
615	397
669	507
151	872
846	41
857	500
323	12
203	454
470	898
129	928
433	531
768	891
764	523
971	904
768	650
663	485
611	831
261	922
237	38
374	101
840	294
247	528
457	49
468	292
617	878
127	452
814	181
625	46
473	540
106	902
230	689
436	576
283	781
761	40
236	497
507	183
440	789
496	655
825	843
723	520
407	728
565	558
587	731
658	773
115	123
636	609
663	85
312	288
225	491
273	951
857	634
376	931
165	624
794	627
314	754
955	150
480	625
368	897
787	843
360	763
576	482
631	126
783	585
81	864
994	240
202	197
597	348
458	346
523	839
660	36
991	760
746	114
308	585
982	545
884	589
507	598
861	608
298	495
820	695
933	39
352	813
101	757
364	871
509	413
627	630
891	152
932	839
755	296
376	25
45	750
998	672
176	419
202	105
530	459
602	28
807	884
608	878
756	779
857	708
967	554
589	66
323	3
632	764
219	683
731	693
916	969
836	467
74	403
261	204
367	414
521	900
984	595
649	22
71	775
930	427
104	384
375	529
281	487
497	959
127	394
512	469
809	688
537	569
218	245
929	829
33	100
156	128
378	382
901	581
210	371
194	9
305	98
863	312
481	796
328	280
380	346
318	167
192	917
432	416
540	214
238	194
86	259
883	97
220	603
38	487
285	273
799	51
286	175
294	689
691	783
232	857
267	481
23	27
331	802
612	705
323	262
590	219
786	684
129	799
366	476
588	357
152	678
140	768
92	32
705	452
998	769
328	775
550	461
253	586
663	649
292	542
339	71
182	881
656	909
516	821
499	993
263	144
841	294
250	360
651	785
760	818
525	469
112	432
51	272
81	210
241	90
303	193
831	746
581	791
548	376
384	855
546	579
839	199
444	763
904	341
151	611
395	997
464	998
985	985
224	357
89	333
484	716
712	667
667	492
734	58
163	299
297	927
395	722
678	520
48	530
933	594
331	209
853	397
331	604
226	766
73	658
649	821
638	271
50	396
136	124
986	670
287	980
598	977
241	801
743	527
872	114
432	167
252	887
984	704
322	2
544	840
76	746
824	761
433	949
697	152
303	412
848	372
451	145
236	786
870	287
508	668
976	868
871	742
632	796
809	620
153	348
616	838
590	495
491	13
42	788
764	702
262	51
914	559
127	315
130	790
165	781
678	859
2	564
232	761
520	426
965	4
196	941
240	738
942	692
104	229
697	41
630	643
890	963
363	771
549	44
474	989
353	758
295	712
750	961
391	876
171	974
855	866
555	315
404	877
125	622
170	307
720	820
321	563
840	287
998	240
261	940
225	656
569	939
907	159
332	783
869	24
933	476
534	798
771	936
602	224
924	831
785	551
208	748
842	573
726	524
432	723
26	931
771	984
80	109
829	911
184	734
43	636
859	493
73	103
194	742
967	903
393	356
863	877
593	54
327	986
767	494
761	671
656	914
707	537
989	546
750	930
847	804
501	655
472	273
685	204
430	325
236	645
792	141
593	333
28	129
703	600
901	184
970	269
785	447
988	615
677	922
216	550
437	31
46	431
472	664
466	247
407	884
691	810
397	144
65	576
610	431
140	179
216	251
822	723
445	929
535	400
217	849
795	341
962	895
78	468
576	474
704	462
999	743
895	358
417	820
527	759
337	106
984	216
165	20
517	807
