500	122824
423	309
188	898
223	621
652	671
777	354
127	494
201	297
351	306
120	557
186	191
863	527
538	642
391	69
152	552
824	457
426	747
602	613
357	253
847	4
289	237
107	558
485	495
396	239
542	883
514	974
222	291
141	244
341	62
994	604
712	703
545	306
323	674
419	919
569	754
64	119
669	495
977	501
754	225
301	123
183	54
643	386
342	985
837	519
519	32
629	997
72	912
80	578
555	945
21	436
539	248
685	240
301	39
270	362
507	644
585	567
45	637
761	451
122	196
318	489
97	580
872	669
190	21
120	163
353	378
40	418
808	354
548	35
86	946
757	477
818	77
163	853
516	916
209	774
340	462
639	177
492	949
706	448
819	344
688	95
619	688
919	765
127	823
409	677
405	550
153	247
223	191
561	656
597	547
458	901
78	375
249	214
471	233
699	439
760	283
390	411
37	795
619	326
254	64
360	873
957	497
525	167
99	762
220	722
388	480
283	322
190	333
244	38
966	623
432	219
396	544
144	780
958	252
829	21
483	582
686	154
15	531
482	24
179	771
872	237
484	391
859	31
637	69
518	381
837	817
917	45
167	542
515	507
124	728
199	615
506	865
313	880
233	10
77	494
987	599
465	993
68	862
391	457
65	944
323	916
34	593
400	676
794	854
515	31
896	897
968	954
212	239
470	238
853	941
914	82
779	667
592	861
272	111
41	922
974	222
874	938
946	380
87	446
604	831
482	683
937	989
297	257
721	258
470	777
883	908
277	871
668	709
410	930
679	166
849	925
988	510
763	13
148	341
459	144
734	48
485	733
906	780
17	74
875	838
122	523
229	975
809	395
177	850
236	193
349	852
943	448
360	609
205	394
217	15
356	136
559	788
403	18
895	616
369	815
41	312
398	130
824	50
266	963
434	771
83	1000
158	926
381	73
462	589
849	384
204	976
267	276
621	626
658	353
165	575
429	595
49	389
846	52
635	279
305	316
56	189
711	391
496	302
55	905
309	743
867	769
892	221
401	544
259	832
646	96
859	293
863	546
953	326
848	595
658	697
198	961
622	680
548	833
617	353
288	24
444	753
757	86
1000	938
473	916
507	897
674	814
536	274
143	823
552	255
1	489
138	259
846	21
894	723
145	978
322	24
781	482
108	312
936	805
471	705
520	471
258	308
172	950
418	392
905	146
852	479
298	778
519	301
258	620
36	266
635	716
697	846
425	422
754	706
824	701
100	998
159	482
823	290
518	460
690	8
248	501
313	285
73	204
869	201
847	691
4	439
457	868
379	195
817	784
161	322
318	749
794	171
44	420
13	191
105	693
192	787
469	921
269	189
654	161
76	336
469	582
351	706
168	528
200	606
253	281
258	530
520	781
846	896
718	289
114	348
959	918
510	475
621	97
645	765
810	168
99	49
597	330
416	695
632	460
797	296
708	713
178	246
404	166
869	185
883	411
227	249
477	967
692	814
631	233
850	37
543	768
233	262
641	844
115	872
737	236
992	504
671	811
161	81
891	227
805	232
492	934
136	410
215	639
218	215
795	329
844	473
909	717
396	795
823	689
466	625
769	923
582	258
340	251
710	413
682	69
985	259
487	594
36	248
89	279
561	989
22	358
416	908
189	190
168	842
75	785
379	131
315	320
344	171
734	300
935	927
200	629
692	299
65	581
265	295
181	440
46	362
282	758
682	737
144	858
177	806
693	438
871	901
910	21
631	714
619	437
92	398
912	198
858	193
746	704
181	513
702	491
840	483
822	848
410	827
909	716
293	581
161	404
160	688
616	198
485	831
799	645
401	541
881	997
335	777
633	783
127	900
91	340
604	376
214	596
922	465
451	820
469	341
318	657
35	183
116	668
514	929
946	181
515	583
365	163
356	846
199	636
566	234
371	198
67	188
582	392
608	106
929	403
834	236
764	587
36	441
763	341
400	868
152	586
358	665
757	402
844	2
401	435
724	249
617	689
703	912
849	419
124	668
785	568
183	548
121	204
319	290
391	115
966	399
851	556
699	838
15	746
898	67
893	683
205	127
939	766
642	348
191	827
84	787
323	838
554	355
108	357
701	921
493	872
82	645
470	324
914	759
849	303
944	305
400	94
433	852
818	522
389	45
98	776
605	461
573	119
400	207
405	29
758	238
969	46
967	128
108	41
35	436
655	796
447	124
530	103
742	570
391	281
893	7
67	977
429	788
896	176
11	347
709	225
544	481
767	129
285	428
744	41
562	424
748	931
679	32
914	726
367	578
128	527
146	626
241	435
627	669
389	501
837	203
