500	220948
689	552
220	2
367	92
390	763
11	151
917	997
582	862
787	430
34	600
930	597
435	165
258	975
950	350
916	571
127	394
675	285
91	76
146	321
26	250
900	101
133	562
722	601
604	796
347	309
959	341
359	602
964	25
450	155
160	62
244	98
579	213
20	349
502	143
621	37
836	865
957	651
716	263
771	660
12	55
301	634
648	65
212	537
155	738
178	77
91	946
786	608
848	712
191	904
263	220
403	793
103	402
610	596
792	396
745	177
364	128
344	91
621	168
669	960
563	833
483	530
187	853
905	602
466	4
106	734
795	849
204	949
414	384
180	505
699	728
121	2
157	288
993	189
389	274
679	78
479	663
722	728
810	972
129	635
700	66
82	948
287	388
654	47
313	254
864	312
868	287
207	825
814	700
970	996
85	607
402	679
833	466
366	738
679	713
220	977
88	744
676	471
932	279
392	236
349	147
603	963
531	51
991	114
507	130
787	75
424	131
103	227
683	388
270	371
295	925
731	214
475	215
398	849
228	214
655	974
33	533
710	205
734	762
6	332
924	66
102	882
187	362
733	753
831	647
771	331
735	13
200	252
318	99
962	26
260	116
616	412
682	64
590	542
282	862
795	17
337	817
98	483
107	247
537	272
360	373
766	151
544	285
96	462
13	43
444	599
461	225
240	241
45	340
939	770
710	616
259	17
164	694
283	830
37	944
526	81
310	273
102	871
798	592
364	210
742	679
976	963
452	232
612	742
165	854
224	542
222	505
978	844
625	715
470	392
360	546
472	148
722	710
158	845
520	164
801	724
387	842
883	162
421	5
424	952
831	346
535	652
680	266
995	247
778	690
676	199
217	701
532	275
695	715
259	492
66	168
370	437
397	569
548	826
409	809
755	972
21	165
81	571
96	810
481	721
631	433
846	716
859	441
596	225
909	247
829	64
56	634
286	373
681	718
690	797
609	447
548	935
170	935
817	765
412	685
435	395
992	932
997	468
840	368
376	63
693	787
981	654
604	648
533	926
74	818
7	768
601	942
869	389
711	180
355	901
190	457
114	289
397	409
395	900
108	948
31	281
667	504
620	123
661	845
749	396
53	342
293	694
38	176
800	963
362	407
423	918
856	352
834	10
353	236
200	651
319	76
937	504
635	43
543	692
295	736
932	499
483	733
735	78
648	905
970	596
569	810
159	838
928	941
881	914
389	470
15	467
548	986
78	333
448	974
697	163
457	984
595	858
841	197
889	641
307	998
534	189
45	144
939	353
854	142
267	494
451	711
966	933
292	785
86	373
206	518
655	258
310	308
345	201
762	909
888	498
160	669
400	464
86	900
547	172
588	51
202	449
287	857
446	997
409	338
565	842
961	421
346	46
36	459
587	29
539	866
406	980
206	714
664	946
505	974
165	811
867	611
751	140
996	835
753	54
379	286
214	796
712	987
213	144
531	157
27	526
355	571
9	695
557	916
260	116
249	732
661	794
742	161
846	106
879	62
746	66
539	581
943	577
538	398
309	647
711	252
230	357
209	490
254	661
515	546
79	559
239	375
992	556
980	796
35	51
527	352
947	722
316	323
238	877
464	282
71	922
616	781
847	576
314	894
351	47
477	89
830	362
625	373
313	779
510	947
813	791
926	217
183	377
648	366
134	596
639	837
117	470
41	361
459	765
760	691
355	110
463	806
173	376
118	375
201	276
593	5
771	375
15	385
691	867
568	558
426	82
363	726
544	932
91	157
567	308
36	119
547	816
86	609
69	683
608	221
366	112
372	283
751	252
89	742
212	86
899	325
222	51
153	983
915	909
533	129
614	240
749	882
244	590
197	334
808	404
847	898
725	513
84	378
384	631
919	534
61	812
710	188
504	28
387	124
675	422
435	943
93	146
801	712
388	272
72	965
483	316
26	6
660	391
890	612
586	610
754	574
930	222
979	6
732	509
789	436
982	29
9	537
383	793
646	473
907	593
402	161
872	472
989	905
631	406
109	746
913	665
27	838
410	448
439	354
702	30
559	625
905	746
758	208
94	295
386	664
854	63
745	586
746	615
612	210
972	260
381	730
746	113
617	120
941	991
472	903
832	222
121	454
385	34
692	374
685	206
713	146
694	257
98	833
270	379
151	696
445	638
893	452
770	423
563	937
349	285
440	360
756	373
173	873
141	24
918	727
803	746
456	510
803	435
295	22
889	737
492	112
103	647
924	703
528	84
392	823
67	149
169	225
225	990
677	140
58	426
875	918
438	946
230	925
170	873
793	693
931	306
767	891
69	476
