500	25331
407	657
844	855
179	571
143	976
934	979
257	736
773	948
575	363
948	118
809	739
905	509
651	119
514	172
212	725
899	927
388	348
260	673
485	182
350	992
831	424
719	728
8	367
489	479
759	869
235	596
292	133
763	313
746	430
697	810
195	372
932	375
797	984
309	624
76	819
645	681
282	508
559	87
283	922
732	823
55	217
948	40
41	72
969	622
623	679
192	652
106	622
552	662
749	191
897	197
98	720
136	767
831	233
128	436
224	605
442	529
300	681
423	786
37	461
137	778
12	210
792	949
761	506
425	334
147	451
899	566
808	2
504	449
466	638
147	971
987	426
917	447
140	499
994	214
314	945
120	131
369	879
272	359
333	361
486	931
705	299
991	64
960	586
321	26
418	211
351	771
658	159
926	96
629	3
161	857
201	398
765	421
361	70
566	764
61	364
127	411
970	197
892	19
944	605
808	909
810	155
446	242
277	841
615	794
945	51
237	571
990	309
484	325
16	951
602	37
809	781
197	707
373	23
448	174
221	737
649	670
690	787
297	458
236	618
683	714
930	655
925	701
630	105
714	674
627	485
339	492
558	224
296	328
92	660
245	845
222	845
450	771
835	248
172	843
153	10
699	861
301	785
936	986
353	585
431	730
900	493
768	6
156	29
868	722
732	576
924	618
819	355
732	938
271	741
634	456
679	153
866	230
987	166
269	489
118	739
255	395
886	749
534	609
409	928
28	601
11	449
208	129
178	713
194	943
77	415
832	220
757	132
629	86
458	455
244	113
824	936
926	436
783	47
743	295
250	816
808	267
941	323
675	600
668	192
185	335
909	603
960	754
519	695
107	49
25	524
902	810
606	834
525	359
439	731
893	884
576	893
914	317
309	515
654	260
499	334
654	914
903	223
278	630
227	950
797	887
776	18
420	254
659	750
237	620
323	642
346	962
970	490
981	801
142	986
819	352
935	370
639	780
626	373
17	118
723	41
820	99
900	770
514	362
313	453
421	827
542	667
347	413
873	848
217	921
260	569
929	881
787	256
548	308
192	58
681	467
439	269
770	479
97	928
385	757
713	185
295	54
29	117
6	378
960	187
251	990
103	328
118	710
809	377
715	141
133	687
867	349
645	831
588	733
262	512
642	550
857	347
115	801
463	794
186	31
991	954
36	403
352	87
668	75
893	644
70	827
110	320
203	816
28	433
442	665
793	443
718	582
229	677
762	557
149	705
687	650
845	575
781	919
193	923
334	292
20	837
293	136
538	609
967	288
929	265
843	1
256	534
734	428
201	814
188	67
658	720
519	798
137	50
589	172
391	888
511	116
191	817
306	551
2	530
529	174
451	622
274	421
402	483
977	851
229	510
456	775
996	398
939	252
523	831
166	529
964	434
41	410
79	619
776	804
187	611
437	94
882	240
753	406
877	220
580	872
748	90
647	643
894	290
755	494
247	519
521	999
638	522
376	189
706	523
813	598
832	602
395	819
498	580
494	625
4	576
527	23
459	591
814	796
839	128
12	724
392	868
562	490
159	783
681	19
719	632
66	123
883	361
982	592
559	769
235	686
731	728
639	459
630	991
497	615
796	28
198	211
186	262
529	605
355	916
66	893
710	507
931	74
357	560
734	299
407	384
267	497
513	629
597	693
579	151
72	403
822	128
678	82
900	183
78	146
477	991
315	902
41	780
215	277
339	494
458	209
339	99
109	633
381	954
953	693
486	93
895	347
20	98
106	873
985	38
616	126
351	145
921	851
269	166
583	425
917	374
493	286
504	775
795	362
398	813
570	44
488	921
629	571
186	221
154	827
703	286
568	245
68	711
258	214
946	547
685	961
699	175
758	309
597	857
227	445
267	227
389	662
451	983
970	679
929	855
153	215
94	240
152	632
254	809
687	771
512	910
808	654
69	399
928	50
565	938
145	99
579	702
174	16
846	513
697	559
650	3
161	580
643	248
533	30
562	607
794	478
207	217
693	614
149	522
342	535
667	159
559	439
227	420
399	902
598	610
777	174
66	172
249	820
832	250
926	342
728	32
854	970
586	460
16	598
578	585
168	743
5	256
379	280
877	724
135	413
494	347
468	164
96	518
223	705
589	561
462	389
109	197
152	386
207	575
158	766
261	530
885	968
127	865
138	596
565	167
69	920
25	799
292	232
407	56
61	287
731	83
925	797
69	716
223	747
319	682
977	895
714	188
128	292
539	556
490	373
581	987
340	904
729	381
19	26
39	809
28	488
596	436
895	694
96	734
971	900
540	620
375	954
886	756
