500	192198
995	420
840	428
296	115
587	31
758	967
239	718
461	794
155	776
932	14
926	881
488	777
916	906
314	288
520	838
507	216
252	237
773	384
288	962
877	13
6	259
323	719
589	496
933	139
817	512
482	258
136	269
610	703
781	319
946	635
399	530
878	140
499	583
621	725
739	7
710	806
370	428
233	856
574	151
619	416
502	25
348	916
185	70
813	200
629	770
209	671
79	849
176	962
254	140
972	322
637	654
695	506
921	683
673	288
224	765
18	82
995	973
368	322
571	178
538	738
315	26
67	351
247	352
928	184
421	260
214	359
332	614
525	517
428	684
808	147
340	444
63	296
862	60
69	550
574	772
221	45
465	835
585	480
273	283
759	674
448	70
16	270
650	889
558	466
619	734
461	751
818	727
189	301
757	830
648	421
890	836
237	331
786	822
401	308
48	269
459	819
537	867
237	600
833	738
433	265
694	65
341	129
34	184
977	78
744	738
847	332
231	664
520	295
422	145
870	568
14	995
891	383
868	563
901	291
847	241
206	3
471	367
71	494
309	611
217	345
163	213
478	124
479	498
615	978
146	516
616	205
259	424
570	411
331	128
315	794
631	459
18	497
575	54
889	348
590	794
648	299
947	331
986	512
56	458
518	777
814	730
247	488
86	910
522	842
187	322
944	195
656	199
938	865
585	776
305	416
708	791
723	376
292	957
779	880
880	795
72	834
35	916
522	101
324	927
119	627
646	728
106	708
668	904
874	801
268	839
917	594
92	730
165	564
831	427
785	938
142	290
470	575
123	821
437	516
54	878
294	587
523	60
892	504
962	209
461	550
634	268
123	971
15	664
135	657
807	143
796	100
435	63
404	234
486	752
891	997
701	205
76	171
628	676
171	262
613	755
405	903
998	97
322	356
164	682
484	648
629	948
926	424
845	18
820	196
198	899
441	275
420	329
424	925
956	585
689	639
657	225
788	70
190	642
363	174
422	934
751	480
368	106
111	774
454	879
36	907
180	677
964	795
876	53
492	907
275	722
213	408
192	445
159	442
746	447
747	149
437	465
613	983
720	829
532	63
130	829
559	726
861	719
151	139
817	722
694	287
749	985
230	723
361	388
586	464
730	768
615	169
836	719
861	372
135	31
729	699
748	886
605	761
520	76
302	936
542	168
306	80
192	747
699	629
418	747
495	432
553	74
597	581
59	114
714	630
769	204
402	713
231	519
502	92
941	982
105	668
797	534
778	758
989	939
466	578
679	967
550	174
773	732
589	523
749	560
812	783
525	756
173	492
852	976
222	682
171	995
587	887
73	399
280	452
969	206
856	511
333	715
432	250
475	120
138	996
297	298
994	226
22	635
344	437
614	988
102	500
631	441
112	663
182	84
90	495
131	746
214	93
704	402
202	516
953	915
298	110
263	391
355	510
967	10
941	914
857	982
337	806
470	886
881	954
923	307
242	561
395	884
56	426
583	369
956	216
926	984
831	591
11	857
897	845
137	490
46	864
129	793
303	941
121	106
391	481
35	634
371	136
42	641
120	185
840	376
82	792
308	780
299	291
136	195
287	270
665	687
391	884
524	899
536	332
20	410
795	548
647	396
958	133
889	218
17	74
496	710
716	744
302	17
533	321
469	250
743	629
943	428
355	839
267	22
167	876
108	758
906	860
422	112
129	316
575	99
984	73
472	533
534	847
849	322
785	647
187	589
675	401
371	268
330	83
776	994
846	464
343	206
608	404
575	576
106	903
177	885
729	893
377	130
341	914
408	272
987	610
840	249
87	487
368	983
972	219
813	379
851	94
24	390
756	666
533	513
589	321
125	578
596	260
232	164
96	370
59	344
260	682
880	688
27	18
501	468
586	66
521	278
862	713
832	905
934	595
878	696
643	962
932	412
260	507
627	292
810	928
309	429
540	59
119	25
289	793
583	504
655	666
935	760
971	451
397	669
102	521
50	486
168	675
699	938
491	634
542	297
756	813
272	538
295	572
702	168
633	455
846	905
460	423
664	390
57	173
325	551
474	206
684	656
563	581
383	66
286	256
655	960
87	499
956	475
362	48
222	192
649	843
553	366
586	764
862	57
559	488
531	737
67	199
568	522
997	991
369	807
859	918
304	974
740	950
910	67
511	553
58	395
339	718
963	985
977	983
990	801
3	429
618	381
683	164
478	842
209	85
580	824
590	498
726	892
358	307
910	93
198	74
396	120
336	201
23	192
736	722
468	235
772	19
939	936
565	543
75	516
75	808
246	676
507	658
407	226
257	761
676	551
