500	25276
592	72
680	918
741	905
612	60
545	711
289	962
680	941
148	423
73	845
861	967
990	263
167	85
853	573
548	166
277	756
559	857
881	748
521	81
328	190
172	61
95	520
286	792
542	378
600	354
582	944
733	518
649	299
866	516
686	127
489	22
848	926
701	256
340	382
514	662
97	22
466	997
529	57
311	538
771	280
874	4
666	577
308	4
499	154
61	952
538	650
419	773
146	379
203	676
74	421
699	804
85	319
436	131
285	27
353	341
661	964
748	745
887	938
697	46
217	932
338	941
128	628
825	142
769	888
923	675
493	160
9	812
141	842
521	332
309	565
544	179
604	602
445	598
718	431
835	913
507	417
276	704
37	654
462	576
755	852
343	494
772	743
699	751
170	752
125	749
153	199
380	207
893	241
193	577
959	626
853	553
36	407
901	287
368	65
486	480
130	549
341	335
172	767
687	387
486	660
761	606
196	919
19	742
515	13
709	576
880	631
671	46
454	893
661	892
422	500
523	820
391	834
102	263
736	970
56	117
163	363
307	638
240	551
412	265
3	140
552	719
90	471
232	643
125	39
380	671
789	365
660	127
758	390
85	461
414	884
143	597
356	918
787	885
26	646
393	310
757	514
775	123
939	847
965	194
956	545
61	150
16	360
549	298
203	840
731	812
603	326
753	905
132	514
834	870
713	466
297	263
546	295
491	603
617	101
118	385
993	851
601	960
782	258
477	758
289	776
683	743
716	85
883	341
860	475
606	151
495	240
283	405
274	216
398	862
313	661
491	132
727	602
823	70
815	53
219	506
378	905
111	945
654	555
212	269
129	604
584	334
849	553
852	184
841	770
100	163
522	963
996	688
411	561
45	649
693	693
213	658
802	495
83	946
390	726
800	621
753	152
21	844
77	872
725	731
903	216
87	668
943	894
732	512
766	38
289	840
171	944
728	625
975	188
121	734
870	348
352	941
392	883
667	11
263	323
45	826
197	531
319	269
201	274
524	189
701	894
441	409
580	161
263	874
943	795
654	837
33	762
339	102
542	439
459	611
407	108
574	814
928	734
524	637
619	1000
312	886
739	817
834	591
747	289
925	722
532	485
761	810
929	149
688	228
716	645
301	239
637	362
370	137
711	936
560	429
550	696
114	887
508	764
580	175
642	286
835	104
156	779
215	825
869	476
20	947
610	588
366	655
687	260
974	375
900	243
733	542
364	725
692	214
844	750
257	280
262	701
576	768
821	59
72	386
865	201
800	98
653	906
386	162
51	48
436	13
80	236
403	997
856	54
680	263
389	170
433	778
308	649
326	380
126	161
893	551
183	678
94	210
995	58
46	642
537	786
300	208
73	501
80	35
509	588
10	425
683	166
163	502
622	876
861	538
374	597
187	343
322	446
128	48
830	236
704	620
919	158
321	454
946	1000
848	654
245	736
366	711
584	134
229	556
21	765
287	332
310	490
101	422
781	635
67	814
262	972
994	87
620	97
427	491
55	537
56	378
793	325
352	686
569	780
606	577
90	828
788	713
924	657
182	595
453	444
701	443
271	986
980	738
112	922
491	332
923	868
378	301
285	721
6	225
585	131
507	367
77	878
235	350
443	916
846	41
100	348
818	256
585	389
671	355
25	223
155	218
750	668
585	163
265	609
330	258
396	759
578	794
746	403
594	270
345	260
334	104
560	935
928	687
852	773
837	280
473	369
384	493
971	277
799	65
567	868
179	545
880	228
48	758
920	555
473	14
299	635
303	953
907	402
259	184
355	233
99	529
976	703
45	852
662	991
325	48
365	834
896	745
425	947
936	802
74	62
841	948
338	503
986	323
716	147
67	365
889	481
982	320
226	336
678	921
555	468
556	391
534	513
209	606
864	637
175	395
710	126
977	517
816	754
103	976
146	769
633	973
531	613
624	148
445	58
876	678
268	279
495	793
440	555
444	184
199	786
600	189
44	281
449	674
303	468
747	358
5	578
865	249
848	297
460	808
667	580
662	721
538	345
96	881
947	52
767	109
310	613
540	340
100	939
651	558
252	304
33	464
171	666
369	952
831	22
189	765
163	72
872	462
168	399
893	633
73	997
262	538
797	99
113	135
589	132
200	888
983	558
932	214
922	645
165	125
435	656
442	14
23	842
762	371
798	412
260	369
633	871
607	828
71	761
643	233
28	405
894	452
409	539
171	378
839	698
549	78
984	518
453	891
303	304
881	106
106	277
228	685
462	206
237	946
822	251
594	881
708	356
171	219
558	933
526	610
559	851
142	52
190	48
755	58
