500	26101
934	435
432	950
547	105
997	528
180	477
56	442
390	787
247	882
698	666
9	113
8	880
551	575
506	758
684	673
792	916
225	279
178	669
886	745
384	794
548	975
201	845
942	356
908	506
539	691
842	221
579	504
107	280
306	292
519	856
616	598
47	600
794	963
26	373
332	878
444	724
891	337
390	420
249	104
250	864
504	520
400	314
128	874
776	132
464	880
344	505
50	179
795	857
423	135
486	467
344	206
909	932
902	1
612	374
306	362
200	695
209	600
191	962
542	933
962	623
521	9
248	102
255	169
443	21
178	68
196	759
815	750
286	568
554	868
897	828
271	378
556	782
723	105
840	530
140	564
653	816
320	133
457	566
59	67
285	768
657	51
907	929
741	953
806	83
190	867
889	908
81	88
892	442
147	420
889	624
378	296
721	24
722	389
163	974
127	567
567	836
740	106
522	64
44	98
804	44
772	539
406	424
301	16
685	810
124	812
212	140
990	800
91	504
900	935
403	44
486	729
658	416
344	437
29	200
742	437
296	328
504	946
936	332
979	563
397	685
57	364
206	995
899	757
173	414
732	107
14	661
172	197
984	766
912	515
783	534
791	662
274	949
87	539
377	708
304	731
403	458
255	842
528	9
320	450
416	979
514	949
980	608
63	789
113	356
111	752
729	299
64	969
928	757
40	795
369	620
588	37
985	866
852	774
391	502
733	910
856	915
266	394
53	453
748	418
91	268
128	391
756	33
192	833
182	24
835	421
601	296
925	491
426	700
340	985
620	327
641	894
725	686
504	603
533	542
458	751
540	720
751	521
79	561
995	551
194	536
470	272
914	623
559	720
879	480
340	104
607	88
784	133
595	771
313	560
582	658
293	837
285	752
627	547
678	813
505	65
644	938
584	504
58	755
878	431
82	836
764	385
63	324
779	622
600	469
649	174
667	591
156	498
244	543
830	184
424	126
835	339
925	966
524	258
393	694
565	938
457	578
429	412
398	858
903	891
76	561
664	349
402	33
286	596
903	456
770	861
807	622
602	53
586	228
667	594
310	161
100	195
484	40
212	593
442	849
614	332
695	686
105	647
967	624
721	893
353	45
218	53
673	100
427	239
97	753
753	795
331	653
228	396
313	631
651	44
547	704
138	565
848	953
89	750
822	675
217	342
128	671
111	883
116	981
218	742
489	67
356	705
674	709
92	985
940	829
244	14
895	952
290	554
848	220
35	627
853	627
398	443
913	545
11	143
871	160
957	430
183	796
386	702
178	154
804	741
767	882
115	286
368	782
168	562
438	106
413	290
484	238
110	387
735	463
582	240
768	34
189	427
17	133
965	790
215	365
196	280
751	407
121	514
844	350
702	570
250	159
937	737
79	72
98	678
958	194
286	153
884	229
463	478
662	887
706	404
741	767
277	934
102	96
912	263
644	689
860	547
774	277
719	499
314	509
347	749
674	403
634	572
535	554
188	65
691	482
19	307
89	205
89	176
349	339
544	513
486	744
566	9
75	878
524	912
948	671
756	356
326	584
291	462
771	65
413	377
362	117
721	641
736	740
585	105
571	22
7	698
671	879
193	526
367	989
131	66
528	858
18	329
914	613
955	422
807	264
368	178
744	223
955	943
354	281
837	310
994	638
1	745
440	612
671	131
221	13
559	202
449	665
632	319
335	633
27	518
671	605
3	938
508	884
247	982
408	453
824	596
546	981
105	887
606	366
912	958
662	785
500	915
996	843
780	73
117	908
812	790
162	903
503	295
476	772
410	519
724	582
931	569
859	120
854	990
745	659
720	616
393	974
525	413
642	504
213	140
186	798
743	867
732	861
970	861
108	639
593	269
948	252
72	782
532	930
897	1000
880	375
357	218
395	445
349	798
478	309
784	841
833	683
996	778
268	153
421	141
254	339
269	962
576	703
807	298
486	13
142	786
415	172
411	259
15	936
419	781
480	756
70	620
901	415
52	901
40	344
400	564
634	91
712	266
252	977
78	903
825	311
512	231
835	174
326	31
855	273
221	570
421	616
509	365
897	644
173	309
63	816
247	818
662	231
531	616
166	750
972	796
678	270
994	790
444	989
815	387
542	721
429	173
252	163
557	284
387	494
16	347
974	997
82	396
204	6
72	352
504	664
961	25
436	968
647	887
639	997
891	931
981	659
33	640
580	902
529	986
844	88
85	1
423	313
113	451
964	114
810	543
575	92
159	311
848	173
53	794
608	966
770	259
596	856
523	622
987	730
380	473
796	204
6	675
496	31
8	868
167	88
79	150
