500	192651
154	100
664	864
984	41
262	762
709	822
698	425
819	722
230	100
34	77
590	388
321	265
282	793
928	597
791	147
533	178
846	57
842	543
867	801
182	311
209	73
792	377
57	988
649	227
765	75
751	321
561	870
314	50
296	230
752	625
27	648
697	681
757	511
954	733
206	959
493	922
263	618
80	292
61	2
69	308
744	704
580	381
342	679
845	638
431	984
683	356
606	1
573	193
909	256
177	102
970	436
413	331
464	90
971	920
797	906
515	910
803	300
952	481
788	134
86	126
91	915
113	74
499	88
386	890
693	285
69	452
184	393
526	706
440	413
628	978
532	643
724	360
238	138
480	138
640	108
913	565
619	967
368	349
836	145
886	363
377	273
694	174
527	68
94	654
588	566
707	800
617	789
840	827
640	459
780	802
860	822
912	79
716	379
35	109
242	110
971	17
892	306
364	388
484	360
918	10
839	904
633	972
163	854
306	82
676	101
6	90
61	799
507	135
797	701
197	595
378	95
746	995
503	792
545	287
631	301
270	420
181	455
739	795
460	923
703	534
9	330
403	555
595	780
475	774
776	971
934	914
988	809
667	842
703	408
726	501
55	972
567	536
353	42
489	998
898	615
430	813
897	170
692	586
99	393
413	758
224	620
136	527
612	60
383	276
635	195
722	401
724	968
696	559
924	93
927	335
136	224
363	404
588	313
781	432
987	651
214	337
350	691
369	891
76	869
612	685
405	684
824	701
176	373
508	595
726	138
293	47
472	200
59	960
803	909
875	824
505	801
485	130
503	365
143	370
29	473
385	950
374	351
83	66
465	767
829	988
548	575
712	489
496	952
431	530
248	553
175	393
140	399
416	164
282	546
43	844
315	508
364	77
142	556
206	234
25	153
185	233
709	780
713	918
826	303
48	460
852	271
488	396
243	845
857	575
757	881
933	340
486	630
93	590
669	136
855	217
668	24
719	713
852	825
508	290
663	30
252	670
77	277
859	393
491	860
247	636
212	768
589	30
297	716
192	389
669	248
588	126
196	203
961	718
580	744
8	409
511	938
294	897
513	566
991	6
628	670
277	624
883	636
246	372
201	703
649	214
527	678
4	997
690	905
157	647
90	757
595	640
7	179
281	581
987	566
777	64
331	407
834	618
595	682
530	829
554	62
940	704
670	676
799	361
285	803
908	451
894	770
730	578
65	312
608	841
260	100
775	15
388	47
419	925
635	742
487	949
591	858
259	553
826	996
282	368
510	84
364	862
663	385
49	142
918	620
478	621
696	960
184	606
167	525
112	622
159	743
515	666
835	556
643	139
24	431
263	786
793	522
756	955
174	151
948	610
921	898
776	583
200	366
112	307
510	649
107	261
917	445
996	178
371	516
256	488
165	572
43	241
995	181
855	402
773	897
807	253
161	847
468	788
672	720
295	437
25	326
410	577
893	827
916	774
638	834
478	383
200	5
776	719
126	27
936	330
299	902
277	992
15	831
515	635
811	217
660	429
235	279
515	349
246	639
658	919
161	685
968	971
486	642
448	862
748	936
676	991
543	94
349	324
711	268
260	524
860	20
310	492
819	205
221	505
97	248
805	612
406	409
548	782
991	963
1000	5
430	998
335	132
498	225
641	268
588	588
65	169
656	76
470	644
783	244
330	843
49	381
605	721
972	204
420	583
692	686
952	382
831	687
341	599
197	490
841	834
289	650
633	303
285	706
248	732
232	954
945	457
73	20
268	810
126	759
374	185
733	519
916	895
282	861
974	355
970	255
158	714
437	649
924	654
590	954
313	563
270	680
601	324
791	982
957	880
367	990
142	150
45	506
873	282
499	830
573	288
779	417
876	922
574	46
632	947
660	12
925	856
772	886
638	804
938	708
176	997
716	179
58	199
960	51
882	660
465	519
344	142
613	183
602	805
22	163
475	272
37	486
902	988
112	802
361	646
977	407
512	710
785	552
585	607
668	321
810	195
798	81
328	318
26	701
203	990
465	99
841	275
288	288
190	991
552	503
643	640
378	733
101	264
553	704
895	969
338	809
283	336
825	758
373	192
224	425
593	473
645	461
315	546
421	648
408	937
44	447
283	334
119	588
919	850
94	434
125	596
992	824
217	964
361	681
222	852
560	271
182	84
834	324
622	397
458	852
296	498
667	34
594	909
22	935
135	109
668	449
871	279
904	609
490	719
690	676
264	105
220	329
361	642
472	526
862	615
290	860
68	86
795	860
984	446
652	57
147	440
683	292
434	621
789	698
906	113
66	692
342	223
839	601
