500	223610
371	592
361	607
529	110
863	512
83	747
846	887
697	561
760	833
509	439
292	498
156	103
899	928
850	465
332	465
608	102
147	980
820	26
409	837
304	56
967	99
182	511
606	520
807	46
153	608
975	736
970	627
923	36
778	656
93	41
987	641
223	26
367	944
327	313
56	841
773	289
878	591
645	855
799	462
798	617
225	750
64	77
490	721
958	417
205	874
686	26
916	575
157	436
279	321
980	734
240	843
343	308
181	808
513	26
616	224
155	112
159	408
943	465
729	161
359	913
656	670
586	925
29	931
831	733
823	101
510	582
574	864
799	61
51	572
585	919
98	744
546	632
863	443
133	517
222	153
406	343
940	951
230	900
242	405
475	696
235	484
748	445
353	574
582	277
776	731
610	800
624	726
713	889
831	43
45	682
208	705
627	457
662	666
704	105
235	401
405	389
347	18
847	7
719	117
904	281
643	462
954	132
984	191
805	887
268	157
60	979
216	621
679	655
358	377
497	502
649	581
473	800
218	60
710	603
762	3
678	903
570	677
883	783
759	407
902	649
515	684
615	517
811	407
468	983
485	25
389	290
521	419
619	778
193	457
437	679
288	28
333	300
727	188
422	83
340	915
4	779
669	242
209	591
296	852
445	569
677	194
21	989
817	989
900	170
369	762
535	773
974	145
673	404
576	657
366	897
983	270
415	10
484	576
340	828
958	739
352	841
5	98
743	25
105	617
513	570
3	88
465	372
813	768
466	492
203	348
828	875
917	86
379	292
584	839
276	118
942	652
936	160
846	413
82	55
128	560
368	99
809	277
795	625
109	118
865	537
906	433
391	328
93	201
670	809
607	533
813	394
48	323
712	75
229	258
959	150
65	346
414	553
398	407
554	70
639	403
585	890
125	379
506	904
177	320
754	531
341	1000
854	637
201	83
976	681
818	842
29	578
624	920
301	210
638	643
632	88
561	462
161	553
706	438
504	544
588	981
690	306
104	900
177	648
624	889
127	533
949	884
907	934
899	256
115	413
416	74
424	713
123	376
312	922
546	241
271	485
650	788
348	133
564	676
531	366
356	219
418	389
12	807
459	89
308	64
510	260
108	243
782	76
630	123
10	729
194	131
57	426
602	863
443	234
150	378
285	301
601	527
518	807
678	362
419	120
626	524
272	628
883	658
243	645
499	839
578	687
728	288
14	529
152	950
339	889
618	617
929	113
650	174
281	201
920	387
55	328
392	471
641	575
544	778
855	715
660	785
279	217
150	73
753	896
465	769
990	750
304	43
435	296
258	314
244	4
198	906
485	593
290	765
359	165
137	504
787	690
944	92
897	683
490	77
345	215
273	96
442	837
327	81
87	396
649	547
44	708
46	33
970	700
660	161
49	689
204	447
103	639
123	688
209	188
268	972
540	218
236	400
173	884
145	649
50	289
546	320
356	968
437	18
990	762
172	64
427	777
180	24
92	703
216	900
482	126
399	135
602	187
183	641
823	85
744	508
737	671
975	453
186	567
489	848
306	697
80	460
445	76
341	297
47	817
921	122
189	357
46	564
95	453
410	648
370	739
892	175
308	686
192	287
402	136
504	812
914	977
33	132
761	552
8	415
760	530
938	211
696	761
458	749
722	277
745	364
894	797
743	624
807	832
990	875
421	395
928	120
845	762
674	709
410	562
145	417
7	308
610	128
458	712
447	829
440	685
744	407
916	922
262	902
601	867
793	967
991	882
367	697
285	577
822	680
894	386
968	485
981	437
899	555
842	88
423	269
907	525
212	489
68	530
471	393
405	381
586	679
569	286
73	795
889	835
249	92
869	99
351	769
587	942
460	339
21	69
545	499
617	513
719	459
201	625
562	15
583	133
387	760
395	439
540	508
739	533
724	351
421	985
824	396
461	405
978	630
766	996
92	618
962	623
850	538
640	400
784	10
260	448
844	536
171	709
415	948
401	521
690	110
795	40
129	309
661	23
604	373
547	360
918	121
802	869
170	618
478	611
837	713
99	508
408	912
426	685
589	110
139	423
460	452
646	393
98	413
421	172
12	121
572	379
762	394
336	220
418	451
508	164
109	190
645	545
701	448
169	860
239	999
571	845
308	659
466	510
375	732
380	609
490	538
672	510
621	849
218	214
74	637
540	562
907	886
835	954
81	320
16	362
47	505
346	883
102	497
209	883
797	632
696	55
763	402
360	859
295	262
260	990
889	896
32	376
909	545
790	667
244	28
497	864
973	279
388	452
787	358
64	575
552	984
275	430
767	516
39	741
549	861
