500	25309
334	750
277	1000
263	48
522	656
829	983
679	642
276	973
740	183
546	452
166	854
280	631
864	341
238	589
804	525
373	536
539	822
71	428
761	741
273	860
169	782
267	931
635	383
369	923
690	773
725	805
115	202
761	147
873	392
515	259
358	995
737	109
408	563
890	5
425	232
208	546
261	258
490	815
165	479
128	581
910	157
503	51
264	27
605	265
488	57
673	113
569	711
332	379
379	62
200	521
939	978
376	108
52	569
884	315
743	726
343	864
290	282
235	765
126	328
225	815
369	800
523	553
893	858
480	568
840	158
261	142
823	319
399	215
456	391
721	724
203	989
576	985
838	813
169	1
772	716
832	339
453	101
169	791
521	785
421	11
718	897
628	612
732	258
139	579
177	232
266	608
676	882
369	19
180	745
160	605
157	297
867	686
576	661
684	903
551	212
789	277
743	194
26	507
689	521
428	189
57	589
1	23
552	185
914	972
755	536
3	166
899	684
798	194
338	4
963	726
275	376
512	273
902	19
640	619
773	87
690	575
436	367
189	557
306	464
917	844
360	837
506	244
371	374
58	538
729	976
51	924
120	531
846	877
845	191
595	860
391	841
672	266
289	955
680	976
815	945
785	659
688	411
345	914
743	414
599	995
510	603
959	748
749	468
996	655
294	561
687	281
959	561
702	467
954	391
893	658
233	746
978	427
440	97
481	314
476	97
560	529
895	825
448	309
224	695
607	765
546	353
637	705
410	796
313	699
890	50
642	216
259	931
50	853
419	491
364	783
61	441
789	164
750	279
633	781
200	645
338	95
700	788
629	291
582	466
655	717
884	182
611	596
300	200
663	42
644	783
324	346
539	907
517	265
738	694
423	933
286	807
883	212
416	938
927	235
993	904
248	500
72	93
938	184
767	579
506	651
592	552
314	982
53	68
365	695
216	733
449	338
219	507
834	243
967	778
145	615
65	94
798	436
446	953
821	617
484	31
541	588
620	266
579	129
983	529
973	288
923	453
860	963
101	607
892	895
956	646
674	798
690	228
436	40
646	360
390	298
322	458
747	983
138	262
911	6
185	353
67	65
524	512
547	187
363	874
606	155
158	205
986	698
256	464
77	439
942	713
773	467
433	158
113	461
403	762
136	505
937	175
71	723
55	316
344	162
166	629
880	533
279	474
917	738
786	876
625	350
121	543
211	239
113	434
445	167
739	119
677	592
14	175
733	516
422	74
188	305
709	840
953	179
214	412
675	431
951	911
247	122
797	454
16	658
321	969
823	368
476	466
539	695
947	415
78	965
484	475
922	200
947	343
846	596
637	164
872	53
556	32
436	828
167	940
302	815
239	870
454	319
343	853
838	103
97	306
92	718
612	735
28	616
76	668
346	887
678	653
899	802
701	859
674	53
582	581
373	223
536	139
157	499
210	808
756	86
755	308
128	428
899	408
202	511
536	487
159	570
937	383
358	964
184	925
643	159
702	402
316	733
591	143
927	533
32	567
530	666
603	660
799	232
13	22
282	180
406	412
497	434
99	939
414	224
174	552
11	398
240	272
869	705
172	968
879	819
82	496
935	476
250	250
707	158
923	279
822	875
730	948
692	801
367	682
603	405
764	653
916	297
744	352
934	143
491	370
307	969
451	279
433	355
358	214
514	462
675	772
160	839
117	528
818	828
635	633
115	260
743	335
649	351
679	981
183	751
189	549
427	940
144	412
362	626
499	624
298	960
154	734
904	491
441	805
812	704
60	723
846	688
210	287
587	736
525	770
612	364
180	283
439	947
464	609
770	579
908	850
541	234
89	311
638	816
333	128
812	632
322	715
191	9
703	182
870	253
885	35
600	956
871	256
642	938
188	198
351	501
227	625
936	185
688	484
654	547
910	425
559	814
929	232
232	442
604	214
744	822
662	309
177	192
996	869
183	405
521	737
521	423
897	68
525	515
374	25
927	422
178	181
838	580
358	79
117	530
816	561
741	307
297	338
769	311
914	783
366	475
82	899
284	22
629	563
290	334
528	884
347	478
828	917
218	58
875	242
143	379
255	12
914	837
426	684
448	687
63	729
993	765
115	631
505	586
897	898
624	469
716	341
721	632
339	588
337	995
479	251
78	977
263	901
684	290
267	4
282	445
451	557
753	241
879	297
35	896
109	998
325	819
993	121
114	546
566	529
914	494
956	680
165	3
457	84
39	414
214	491
964	198
565	792
645	433
504	131
98	633
151	683
30	51
779	855
744	173
973	330
355	543
700	856
924	869
426	696
292	217
600	559
