500	192182
640	729
460	644
386	803
65	925
583	161
914	540
153	472
496	322
97	154
563	126
302	60
716	959
868	330
363	722
551	133
52	929
237	472
578	51
73	810
831	352
380	16
602	895
205	524
231	425
947	853
606	962
175	551
806	342
400	738
2	386
614	959
844	259
624	600
427	544
850	619
492	420
878	722
763	343
74	475
40	456
68	761
366	918
215	942
892	976
908	644
627	756
951	444
426	913
668	111
656	529
404	75
407	111
839	950
323	256
146	868
649	333
777	158
913	456
218	731
173	964
349	514
868	751
900	566
51	526
377	407
296	11
44	891
590	929
175	783
20	476
617	202
406	146
80	214
533	320
955	290
889	826
988	606
223	525
811	248
839	551
451	853
445	661
259	509
761	702
385	74
652	942
810	870
968	277
763	765
586	720
882	114
263	111
122	15
970	103
976	324
367	280
783	382
3	956
656	977
30	959
572	17
282	262
24	421
594	364
973	565
760	264
512	153
815	382
871	937
401	883
76	994
954	521
564	804
249	259
685	329
168	926
534	690
94	783
144	872
431	233
396	657
829	128
749	775
946	881
475	488
120	447
638	981
854	317
643	762
902	357
93	878
354	215
357	567
62	869
288	275
835	410
586	826
979	648
931	315
15	618
271	26
841	896
685	701
77	957
611	98
800	395
255	158
118	353
564	663
895	675
363	350
813	805
32	944
971	267
554	593
923	15
414	615
583	299
687	834
827	143
791	717
154	921
197	530
701	832
278	384
272	519
730	709
925	271
713	563
732	61
513	247
282	252
642	518
623	589
209	638
513	316
665	780
956	287
544	607
51	190
323	388
938	579
827	953
402	245
308	755
658	817
677	623
766	456
149	925
798	70
653	932
213	595
933	462
521	787
198	967
419	69
628	355
608	198
38	109
529	939
737	467
48	805
100	151
824	487
260	219
390	331
364	774
242	120
410	887
154	90
918	669
670	375
424	953
371	660
730	668
887	285
486	794
938	786
491	342
387	885
341	633
147	165
545	451
133	88
587	191
111	779
381	286
646	228
767	290
926	241
90	365
822	102
772	665
942	193
585	384
745	161
132	302
353	894
300	338
65	505
692	458
412	999
993	171
181	701
863	976
64	943
114	664
52	374
295	284
81	486
324	481
599	560
427	763
69	459
151	822
128	24
797	657
280	121
273	50
377	656
267	274
54	660
943	177
63	465
621	356
845	951
584	723
37	255
206	716
573	116
610	84
645	31
584	662
873	883
960	584
565	349
724	7
253	407
937	276
971	398
268	579
963	192
485	756
859	256
615	845
528	85
841	960
453	40
138	496
874	121
310	557
564	205
903	831
267	896
100	690
767	646
158	341
13	78
529	942
749	53
947	923
987	685
884	508
621	192
236	391
26	792
350	402
586	150
391	808
215	51
730	199
848	927
420	36
280	240
59	826
262	35
276	329
407	295
955	705
767	890
259	909
222	961
793	221
51	705
336	416
414	414
472	322
166	858
224	112
936	295
889	19
784	138
501	303
664	805
731	507
999	709
818	677
589	909
720	609
79	578
354	896
955	686
166	855
381	961
875	545
546	579
437	348
442	821
865	922
613	5
111	915
86	153
627	585
389	811
880	802
170	685
648	801
283	384
825	752
630	812
601	526
262	123
38	279
792	676
399	695
595	403
852	416
286	270
134	508
274	564
921	600
791	847
871	766
710	462
149	631
588	122
972	608
611	229
954	431
476	436
787	183
815	766
934	207
32	434
189	625
535	843
836	415
514	830
761	56
7	276
381	891
38	921
604	740
433	627
325	828
699	8
659	10
387	566
543	858
723	381
278	317
188	264
219	365
92	555
87	491
851	13
811	861
600	834
91	45
998	977
809	442
588	729
907	468
748	89
892	738
325	234
440	134
545	210
1000	766
272	60
766	211
544	171
551	385
297	199
673	949
33	498
358	839
141	616
238	365
112	842
392	133
789	343
888	725
222	387
506	878
633	520
855	209
926	867
262	196
552	401
273	729
225	407
888	919
848	452
509	587
21	926
492	276
66	808
27	742
157	371
54	417
174	993
518	542
413	91
436	624
576	973
551	439
865	711
401	535
705	974
523	670
84	11
616	843
391	143
315	819
845	806
260	324
492	381
857	335
125	693
330	913
613	185
870	810
208	157
572	510
892	662
318	795
763	120
393	667
532	698
205	488
810	728
699	96
973	216
823	633
781	47
594	115
222	112
481	588
643	332
827	841
354	688
814	680
508	675
823	56
549	806
146	720
436	8
974	848
751	285
