500	120708
707	987
419	711
615	912
282	943
662	594
368	620
154	462
893	515
997	62
222	964
224	503
818	703
955	44
578	168
282	262
257	555
474	711
859	33
647	690
619	295
706	321
884	210
222	85
267	383
498	110
846	94
650	256
361	970
307	622
586	249
319	613
116	97
350	111
824	273
97	883
213	483
855	502
586	119
331	610
819	863
697	757
183	723
828	152
684	631
931	212
959	80
568	428
572	59
621	236
841	897
454	275
494	686
510	680
245	377
161	775
726	742
762	216
219	808
690	380
501	389
838	563
926	209
490	561
367	255
429	232
932	317
605	57
824	202
747	551
334	618
718	115
890	798
115	264
680	627
973	209
628	415
810	218
152	278
799	90
889	185
413	978
872	924
921	385
719	301
920	166
14	367
89	378
653	393
535	47
458	427
29	162
541	778
257	710
448	654
138	298
92	126
304	605
234	683
856	676
895	192
449	788
746	619
374	921
171	388
262	246
355	361
816	298
233	626
769	129
971	795
792	12
1000	302
11	885
890	135
233	393
800	465
15	229
6	115
601	386
583	469
833	719
110	456
939	498
237	175
515	881
834	189
282	650
534	141
854	288
847	684
327	201
701	435
555	511
554	310
64	960
834	292
418	150
22	289
875	174
248	262
695	395
867	976
570	123
963	151
971	208
101	519
965	42
489	983
959	630
852	841
719	994
802	287
427	833
965	118
185	681
154	970
283	580
124	619
681	721
300	448
844	725
539	413
990	15
155	74
841	47
77	299
654	970
48	123
420	228
602	986
502	324
558	648
398	78
925	1
208	131
737	542
322	342
977	170
268	48
125	252
171	322
826	945
943	775
430	347
388	442
967	677
7	468
725	317
415	396
492	406
520	87
422	682
515	93
125	218
300	8
205	460
159	645
284	332
972	515
974	928
79	515
658	35
429	485
943	993
206	230
565	7
596	962
476	675
538	389
196	932
453	14
730	608
936	555
346	70
534	273
276	8
125	96
101	973
894	626
953	801
234	996
282	465
280	288
155	962
260	414
197	651
538	756
921	844
400	297
543	828
833	234
853	579
469	925
725	205
478	473
220	289
702	679
590	631
844	502
541	603
286	604
320	526
318	27
603	765
944	183
149	829
478	681
286	782
292	772
112	867
280	781
719	818
72	993
927	644
797	602
242	120
604	332
823	515
580	691
545	772
707	897
503	95
309	332
640	511
425	236
57	664
408	550
852	553
645	359
165	599
404	180
584	427
744	759
415	315
786	422
609	795
731	704
528	958
120	945
977	50
137	758
146	408
177	129
100	333
873	774
764	612
230	126
626	398
989	118
767	754
992	569
453	238
323	407
914	248
237	613
818	854
138	788
858	983
568	399
467	598
99	784
117	580
553	388
433	799
277	189
299	700
709	304
677	825
876	248
158	423
661	1000
496	675
268	290
663	696
106	530
701	820
366	511
885	937
670	751
492	516
92	209
801	577
377	495
713	786
85	877
734	228
983	91
190	734
290	129
461	504
880	720
507	464
448	29
74	396
998	428
243	230
501	211
606	875
316	498
149	91
481	63
477	521
570	149
879	698
678	837
161	873
170	476
117	373
460	429
736	943
171	255
126	610
58	575
479	189
102	246
116	296
363	129
106	876
832	753
202	795
917	996
373	900
247	612
960	689
242	110
291	791
796	829
538	479
157	593
768	394
508	100
755	266
150	240
484	484
174	608
734	118
25	793
98	954
955	50
133	836
458	56
406	914
549	470
856	84
806	501
398	845
217	245
704	991
63	250
360	662
574	827
225	149
475	186
974	28
229	439
262	260
670	328
418	736
414	860
622	782
997	871
373	72
578	71
997	846
285	529
661	881
729	507
830	466
208	137
760	95
302	291
810	974
406	380
294	631
903	522
42	770
113	187
651	686
24	314
563	565
253	23
852	737
420	334
558	675
738	343
211	470
221	925
313	52
338	620
736	665
929	664
677	762
867	859
132	301
422	521
630	56
690	421
330	254
893	297
35	802
441	687
514	938
237	879
634	972
734	565
272	193
973	27
345	742
967	58
30	955
367	940
736	233
845	308
348	363
616	47
536	761
716	101
856	300
179	761
713	37
837	719
407	849
966	181
83	153
546	455
705	944
659	860
409	919
570	487
566	15
837	623
909	398
419	207
123	49
299	276
269	780
411	417
638	531
2	604
131	61
880	781
421	826
841	510
917	271
824	385
323	492
104	489
130	358
895	661
492	41
112	580
762	518
842	759
419	757
820	93
323	710
744	805
429	238
318	904
604	28
