500	62658
873	32
333	449
839	887
794	657
658	757
594	305
379	736
162	388
467	272
723	699
409	679
628	602
370	385
554	839
974	243
614	590
585	878
129	699
12	486
531	789
276	245
8	283
878	551
839	429
841	341
504	872
165	95
784	330
256	909
391	930
641	767
267	766
555	540
781	126
210	379
886	940
835	910
658	589
197	408
444	609
704	276
714	571
200	641
27	17
62	252
313	226
881	106
873	213
125	877
410	53
734	883
122	168
899	705
882	647
345	453
77	472
529	330
3	17
658	962
928	777
501	352
635	383
159	807
520	566
63	855
67	794
595	719
638	641
678	727
975	964
573	297
745	116
141	454
43	175
165	321
63	120
166	539
589	532
619	332
822	294
743	596
934	75
154	267
565	369
840	398
94	566
638	849
785	621
297	466
347	869
948	983
785	788
996	813
192	621
109	856
40	127
118	456
90	609
355	127
554	854
591	638
229	809
455	712
712	611
535	760
923	613
992	924
934	281
200	797
675	612
169	47
473	407
830	541
716	423
570	48
319	280
416	330
316	839
92	765
375	376
479	875
101	519
237	418
82	105
799	127
388	430
879	184
901	929
451	763
91	414
856	842
420	128
409	507
540	809
771	813
459	532
504	137
24	648
835	268
546	834
573	970
195	687
917	434
983	934
850	283
730	348
50	928
896	340
514	899
613	385
49	605
40	528
725	44
371	224
97	806
829	162
56	592
474	880
489	983
382	494
17	891
338	509
317	226
166	469
494	462
379	536
377	699
777	75
424	500
885	983
431	193
516	358
295	392
566	618
522	591
435	28
292	738
434	429
612	308
797	532
497	713
362	324
938	324
259	280
784	76
209	320
120	293
73	530
749	543
200	287
92	495
413	1
800	764
630	211
924	692
469	805
563	295
589	363
229	494
563	902
82	413
779	228
393	688
923	804
286	40
363	113
365	31
169	404
527	701
427	298
96	902
112	155
935	960
459	334
734	410
672	859
697	669
98	328
507	827
856	281
257	724
53	215
719	173
645	413
333	6
578	600
488	446
278	61
752	322
468	692
673	836
475	626
764	3
502	299
663	335
235	545
714	821
487	389
770	189
596	951
525	833
746	263
978	416
676	206
869	780
865	871
56	301
85	749
674	839
991	598
23	81
641	627
206	211
17	931
947	816
208	211
275	547
817	772
70	520
49	764
25	727
570	210
150	907
30	925
140	133
541	59
799	570
639	520
216	377
665	574
404	129
887	426
374	614
854	321
435	364
579	878
145	4
408	299
31	418
260	527
249	719
931	67
843	300
185	450
616	737
2	583
319	380
80	327
254	197
200	555
782	899
670	509
96	153
774	404
388	585
944	145
473	855
365	262
630	888
12	604
21	773
815	931
508	608
143	116
419	318
720	961
645	793
587	432
548	960
472	596
127	810
797	1
108	44
663	808
305	389
474	740
354	728
60	579
805	105
44	247
407	780
64	831
596	302
30	49
72	832
223	958
275	31
103	54
314	4
511	527
271	504
647	88
273	494
564	284
355	13
937	749
807	182
789	276
137	939
544	912
656	564
163	552
769	236
723	315
297	438
846	624
605	317
490	920
618	725
73	333
761	58
548	966
930	262
830	230
769	347
488	578
837	714
214	748
483	727
431	519
799	282
285	591
906	484
435	130
324	448
677	480
621	6
936	260
836	67
399	127
916	940
839	754
864	910
653	892
482	818
315	236
177	380
647	786
406	626
389	870
962	443
670	263
729	346
958	364
954	619
791	424
404	219
316	863
569	610
91	261
592	358
785	859
474	551
461	533
550	997
290	392
261	79
20	481
408	322
477	841
163	806
365	239
857	69
226	549
452	688
226	988
546	834
33	399
595	553
189	43
400	137
666	760
725	711
870	741
484	806
574	485
819	29
534	399
782	869
949	688
192	5
386	741
548	944
656	635
493	789
432	268
642	254
136	640
259	140
852	43
778	101
474	108
985	879
737	106
588	323
680	951
629	646
506	697
945	840
842	532
720	363
723	64
777	932
553	644
362	188
604	526
297	739
330	381
6	514
748	152
111	233
160	113
275	512
952	566
240	952
933	179
424	770
969	503
311	666
353	810
835	456
647	709
339	442
759	683
968	915
479	847
562	461
555	377
155	530
559	478
133	189
217	993
708	57
4	167
778	943
994	769
243	85
995	637
137	717
461	461
261	331
865	478
664	201
700	240
858	225
809	906
263	806
692	589
922	582
641	231
751	297
244	83
170	631
139	751
805	408
724	207
414	797
90	62
530	545
779	39
