500	23941
758	378
593	713
752	123
628	26
78	434
156	358
464	943
594	818
544	612
440	484
444	623
31	684
234	63
553	302
353	299
48	258
325	723
397	529
546	951
781	560
149	190
419	717
383	601
940	353
629	611
754	482
265	772
11	359
137	180
313	415
932	375
163	397
94	155
437	313
437	709
632	921
293	636
471	55
969	500
768	629
392	759
42	670
528	576
243	45
375	385
280	196
961	114
224	222
775	635
308	971
556	45
690	158
238	299
167	668
912	460
60	12
136	704
219	735
820	118
953	661
600	664
273	268
727	576
241	211
786	219
66	299
291	789
639	775
754	4
963	397
789	752
931	630
169	111
890	175
703	67
603	642
718	432
110	292
516	935
440	717
685	375
611	284
206	602
362	434
912	218
293	428
961	948
547	763
397	29
414	952
494	153
394	703
900	615
338	814
339	9
740	248
278	276
819	136
525	461
774	160
371	64
924	858
688	568
96	897
118	412
871	843
496	94
478	459
500	609
220	876
1000	15
462	778
623	418
608	34
259	562
17	416
22	977
367	720
184	721
474	818
821	46
8	502
731	522
222	163
796	872
34	803
45	182
675	29
798	944
851	221
817	665
532	119
600	406
60	552
289	293
821	261
540	911
64	989
995	995
600	243
781	137
666	601
1000	480
446	112
440	722
592	673
85	648
202	332
580	664
692	361
489	38
601	785
221	597
883	443
195	525
791	957
538	661
646	71
490	566
401	376
592	399
378	770
868	50
188	223
683	191
591	651
31	734
334	287
980	151
52	774
446	20
897	393
263	410
713	797
901	893
770	972
793	582
408	913
301	743
632	434
195	240
214	778
315	80
479	560
761	327
393	361
69	231
659	957
437	773
115	64
424	635
457	450
723	236
904	927
975	341
298	808
318	965
258	981
943	338
522	698
509	184
457	886
478	939
125	801
910	67
414	335
555	405
385	775
637	481
985	82
666	187
56	718
401	757
47	755
200	628
681	524
242	766
839	227
492	525
423	50
131	136
638	516
793	387
351	969
494	791
654	191
328	332
279	389
410	151
106	401
880	287
450	337
408	604
530	39
218	49
291	932
236	313
848	469
686	357
16	9
602	34
592	890
270	725
613	255
988	663
748	814
295	474
574	272
702	315
47	29
691	544
594	436
422	504
843	121
490	356
521	49
866	821
403	627
652	917
321	512
537	87
961	189
268	931
635	38
435	525
151	75
734	465
604	39
100	141
397	741
799	692
382	390
651	96
449	82
70	778
435	387
325	450
636	188
50	456
361	38
925	47
593	37
862	421
509	969
253	860
584	490
375	989
95	411
965	134
752	124
4	598
693	729
279	774
101	115
912	586
252	70
662	999
183	978
976	562
313	277
657	65
979	152
161	276
431	480
658	910
506	322
207	965
169	539
126	121
717	954
650	145
133	177
537	446
189	797
592	612
423	731
843	692
339	310
413	932
416	744
903	571
856	520
819	708
162	686
489	953
575	498
464	392
484	929
586	426
227	24
606	946
369	276
805	486
503	557
734	122
702	441
824	448
292	606
638	649
561	395
337	893
932	616
689	297
518	630
801	270
411	790
17	60
597	323
164	351
812	399
189	918
401	66
685	460
877	182
246	143
151	226
103	813
550	713
676	791
682	224
48	963
47	155
419	291
152	731
284	381
1000	736
913	248
253	693
538	727
828	611
886	469
188	989
980	652
644	488
277	334
781	654
588	322
181	753
215	911
936	336
306	435
903	531
394	735
773	202
9	799
779	655
205	145
478	772
166	12
521	61
214	568
468	165
462	987
623	319
320	620
509	327
306	553
33	782
248	687
121	195
990	173
425	418
86	883
459	341
213	998
798	183
680	774
74	352
297	705
65	841
584	490
161	144
772	780
881	390
684	52
642	697
666	714
512	73
682	503
132	597
877	250
937	715
873	186
752	653
190	238
568	844
39	881
58	471
278	254
311	747
256	682
537	786
705	815
258	256
490	487
116	428
292	504
361	797
939	430
770	743
579	18
854	301
747	65
49	94
452	611
670	563
934	96
321	797
117	269
698	556
859	17
968	654
826	809
38	354
26	911
129	763
378	158
419	596
275	758
731	494
92	584
537	118
459	290
866	126
346	132
647	415
245	395
21	142
666	289
129	278
296	933
391	225
467	250
513	331
985	845
270	18
815	46
102	228
422	454
722	933
443	747
92	686
577	448
746	891
720	190
180	564
60	124
730	409
945	802
250	56
309	915
932	623
344	174
342	763
627	621
386	867
503	522
750	55
538	442
853	101
