500	769530
7064	8064
2602	3602
3682	4682
9773	10773
6359	7359
1633	2633
7911	8911
3012	4012
3034	4034
1198	2198
7903	8903
6493	7493
2786	3786
3550	4550
4830	5830
531	1531
216	1216
2777	3777
2450	3450
2310	3310
2153	3153
8706	9706
2354	3354
6247	7247
9443	10443
409	1409
2657	3657
5245	6245
7876	8876
794	1794
5714	6714
28	1028
3884	4884
7514	8514
2947	3947
2502	3502
4148	5148
2908	3908
4350	5350
1408	2408
2796	3796
4815	5815
4959	5959
3402	4402
8318	9318
6080	7080
3888	4888
1763	2763
7572	8572
8629	9629
6652	7652
6088	7088
2513	3513
8944	9944
8666	9666
6174	7174
4378	5378
1284	2284
8870	9870
8456	9456
9570	10570
3656	4656
3823	4823
8098	9098
8305	9305
6925	7925
4413	5413
9033	10033
2365	3365
5358	6358
5172	6172
2189	3189
5398	6398
2854	3854
5875	6875
9330	10330
1472	2472
4727	5727
3173	4173
8681	9681
1220	2220
9750	10750
5130	6130
8908	9908
616	1616
9473	10473
6322	7322
7341	8341
6623	7623
8297	9297
6998	7998
4158	5158
8567	9567
3391	4391
5848	6848
8091	9091
7448	8448
9917	10917
7626	8626
7609	8609
7004	8004
1971	2971
8530	9530
9097	10097
1691	2691
4060	5060
4403	5403
6398	7398
781	1781
9099	10099
9961	10961
6840	7840
2691	3691
9119	10119
8312	9312
8107	9107
8734	9734
9395	10395
7456	8456
545	1545
6248	7248
4106	5106
8995	9995
1866	2866
6115	7115
5762	6762
3911	4911
5542	6542
6055	7055
3225	4225
2811	3811
1078	2078
8646	9646
4047	5047
9866	10866
2308	3308
2705	3705
8009	9009
9332	10332
913	1913
9092	10092
5088	6088
6048	7048
9296	10296
3994	4994
3870	4870
254	1254
4382	5382
1378	2378
9581	10581
7448	8448
7030	8030
8541	9541
2264	3264
6199	7199
6030	7030
6600	7600
3825	4825
737	1737
9201	10201
477	1477
5691	6691
2269	3269
4710	5710
2741	3741
1117	2117
5239	6239
8234	9234
314	1314
3450	4450
4995	5995
4602	5602
9759	10759
6557	7557
410	1410
4041	5041
8440	9440
8596	9596
697	1697
7463	8463
224	1224
3164	4164
3542	4542
8821	9821
8232	9232
957	1957
2692	3692
849	1849
5944	6944
8067	9067
9255	10255
6439	7439
9180	10180
9936	10936
5056	6056
5637	6637
5703	6703
4582	5582
304	1304
676	1676
5263	6263
3759	4759
7586	8586
7410	8410
3776	4776
6976	7976
488	1488
3430	4430
5583	6583
1451	2451
5347	6347
4064	5064
314	1314
5808	6808
6626	7626
7788	8788
5040	6040
9314	10314
6391	7391
2747	3747
1845	2845
8928	9928
2953	3953
4592	5592
5434	6434
7191	8191
6007	7007
9144	10144
8613	9613
9817	10817
4803	5803
4948	5948
2432	3432
7042	8042
5069	6069
4523	5523
1435	2435
8413	9413
6248	7248
591	1591
977	1977
548	1548
290	1290
8990	9990
9657	10657
5848	6848
9852	10852
5299	6299
3087	4087
8825	9825
8331	9331
4612	5612
9238	10238
6090	7090
1013	2013
8572	9572
7392	8392
6552	7552
3791	4791
9836	10836
8093	9093
1645	2645
5433	6433
3535	4535
4316	5316
6939	7939
278	1278
6099	7099
8398	9398
4304	5304
7171	8171
1171	2171
6484	7484
3680	4680
8233	9233
6761	7761
4709	5709
5541	6541
9293	10293
4344	5344
1946	2946
2221	3221
5751	6751
3773	4773
7500	8500
6036	7036
8123	9123
6439	7439
6020	7020
4246	5246
8808	9808
9399	10399
9785	10785
2796	3796
3792	4792
1215	2215
3682	4682
7974	8974
4284	5284
8466	9466
9491	10491
2350	3350
1720	2720
4194	5194
5008	6008
507	1507
1314	2314
367	1367
1135	2135
3104	4104
4036	5036
855	1855
6659	7659
694	1694
2208	3208
5837	6837
8299	9299
5374	6374
5483	6483
6575	7575
8742	9742
9326	10326
8861	9861
7849	8849
3380	4380
779	1779
4759	5759
1798	2798
4905	5905
2819	3819
8573	9573
9700	10700
6998	7998
5873	6873
4285	5285
2818	3818
6737	7737
9058	10058
8569	9569
1507	2507
8804	9804
3495	4495
7704	8704
1358	2358
9229	10229
7607	8607
993	1993
4951	5951
6927	7927
9334	10334
747	1747
7995	8995
2809	3809
6237	7237
2437	3437
5028	6028
9848	10848
3066	4066
342	1342
2345	3345
1173	2173
768	1768
5820	6820
7966	8966
2623	3623
7512	8512
1099	2099
4615	5615
3551	4551
83	1083
3777	4777
406	1406
607	1607
8175	9175
5765	6765
5729	6729
2115	3115
4360	5360
2642	3642
4120	5120
6017	7017
7859	8859
5027	6027
6016	7016
2541	3541
9236	10236
3857	4857
7835	8835
2655	3655
6431	7431
4872	5872
5143	6143
9635	10635
4741	5741
4523	5523
9669	10669
5795	6795
9026	10026
8869	9869
8372	9372
8936	9936
7941	8941
5328	6328
3879	4879
1477	2477
759	1759
5255	6255
2339	3339
1470	2470
7923	8923
7377	8377
6456	7456
2496	3496
5583	6583
2877	3877
3498	4498
734	1734
7210	8210
2893	3893
9708	10708
4230	5230
8102	9102
9260	10260
6066	7066
6906	7906
1971	2971
864	1864
9500	10500
3744	4744
817	1817
5902	6902
6542	7542
8626	9626
7401	8401
1086	2086
2980	3980
3279	4279
5134	6134
6288	7288
4826	5826
8374	9374
5651	6651
8672	9672
4611	5611
5479	6479
5429	6429
3620	4620
5062	6062
4274	5274
415	1415
1998	2998
2374	3374
5546	6546
4055	5055
6876	7876
1963	2963
778	1778
2596	3596
6799	7799
6547	7547
4869	5869
2283	3283
4071	5071
9236	10236
7358	8358
8463	9463
5353	6353
9852	10852
4612	5612
4680	5680
9119	10119
2360	3360
1977	2977
3646	4646
6110	7110
305	1305
155	1155
6796	7796
8511	9511
8274	9274
412	1412
493	1493
2006	3006
1323	2323
1287	2287
8919	9919
8228	9228
1877	2877
8599	9599
2593	3593
5522	6522
8233	9233
5703	6703
719	1719
7478	8478
353	1353
9632	10632
5737	6737
6444	7444
9201	10201
