500	2233129
3788	4788
3936	4936
8426	9426
7631	8631
3821	4821
4599	5599
9273	10273
8955	9955
8510	9510
9660	10660
7967	8967
1262	2262
2086	3086
7483	8483
6657	7657
5857	6857
7731	8731
9183	10183
5284	6284
4312	5312
6457	7457
2767	3767
9948	10948
4882	5882
4496	5496
7806	8806
5481	6481
8018	9018
1154	2154
1207	2207
9513	10513
9933	10933
9511	10511
6501	7501
281	1281
6410	7410
6512	7512
1128	2128
5773	6773
1894	2894
2870	3870
9624	10624
2222	3222
1763	2763
8133	9133
8884	9884
1520	2520
4305	5305
9937	10937
2957	3957
4237	5237
1637	2637
1171	2171
4281	5281
9840	10840
9214	10214
2090	3090
2179	3179
1981	2981
4108	5108
7775	8775
1669	2669
4313	5313
394	1394
30	1030
199	1199
1546	2546
1987	2987
615	1615
8432	9432
2615	3615
5467	6467
2126	3126
4344	5344
2874	3874
4773	5773
9043	10043
3292	4292
7185	8185
1900	2900
7866	8866
578	1578
1412	2412
9769	10769
1962	2962
6260	7260
8002	9002
9127	10127
5143	6143
384	1384
5008	6008
2142	3142
1517	2517
6862	7862
836	1836
4806	5806
476	1476
7580	8580
9075	10075
3339	4339
1787	2787
17	1017
1892	2892
1784	2784
1569	2569
6875	7875
6750	7750
4475	5475
1263	2263
6533	7533
5271	6271
3472	4472
2966	3966
3894	4894
5960	6960
3500	4500
9201	10201
5006	6006
2645	3645
4728	5728
7588	8588
4	1004
4473	5473
1452	2452
6830	7830
7706	8706
1700	2700
9128	10128
1077	2077
3027	4027
9486	10486
6718	7718
5963	6963
3110	4110
363	1363
5649	6649
7448	8448
4342	5342
9890	10890
4728	5728
7192	8192
3513	4513
1573	2573
5789	6789
3315	4315
7359	8359
7038	8038
3816	4816
3230	4230
3651	4651
8049	9049
8758	9758
9959	10959
7058	8058
6939	7939
1649	2649
9882	10882
5162	6162
226	1226
3216	4216
7624	8624
5514	6514
723	1723
1116	2116
4237	5237
5867	6867
7297	8297
667	1667
7018	8018
7215	8215
9090	10090
5205	6205
4604	5604
9629	10629
9748	10748
3767	4767
7571	8571
6834	7834
7405	8405
8957	9957
2970	3970
2513	3513
3036	4036
2210	3210
726	1726
5515	6515
9298	10298
1628	2628
1555	2555
7118	8118
7651	8651
7411	8411
903	1903
619	1619
313	1313
8855	9855
8595	9595
5671	6671
6623	7623
1648	2648
9611	10611
9073	10073
1240	2240
2021	3021
3245	4245
1022	2022
2623	3623
3508	4508
2685	3685
1959	2959
4410	5410
3697	4697
1674	2674
3502	4502
7642	8642
4641	5641
3356	4356
5294	6294
6108	7108
6122	7122
5612	6612
1669	2669
9543	10543
1766	2766
9647	10647
5356	6356
7416	8416
6566	7566
2225	3225
3221	4221
4339	5339
1988	2988
9482	10482
7466	8466
6793	7793
9812	10812
5954	6954
4993	5993
1231	2231
1094	2094
3955	4955
6162	7162
1600	2600
3116	4116
8605	9605
6280	7280
9325	10325
5149	6149
9728	10728
3325	4325
7510	8510
314	1314
668	1668
5023	6023
8898	9898
1377	2377
9446	10446
5041	6041
8529	9529
581	1581
2836	3836
4593	5593
6098	7098
8490	9490
3397	4397
7665	8665
5587	6587
7245	8245
9194	10194
9820	10820
7247	8247
3510	4510
7567	8567
6149	7149
8781	9781
2221	3221
7475	8475
6982	7982
3289	4289
8445	9445
7102	8102
1890	2890
5840	6840
9261	10261
5139	6139
2894	3894
4347	5347
1972	2972
8281	9281
4389	5389
4846	5846
7422	8422
568	1568
3628	4628
9243	10243
9925	10925
497	1497
716	1716
8751	9751
1263	2263
769	1769
7234	8234
4830	5830
5060	6060
1505	2505
4091	5091
4080	5080
5524	6524
9598	10598
5797	6797
1278	2278
9272	10272
9743	10743
4119	5119
4947	5947
5581	6581
1833	2833
4633	5633
1079	2079
2845	3845
1354	2354
5297	6297
8136	9136
2589	3589
9971	10971
4963	5963
9213	10213
887	1887
5790	6790
5104	6104
7252	8252
1236	2236
8044	9044
5877	6877
3347	4347
5218	6218
6281	7281
9639	10639
7440	8440
5247	6247
6903	7903
1062	2062
9822	10822
246	1246
3492	4492
3336	4336
928	1928
6316	7316
1934	2934
3296	4296
1507	2507
6502	7502
7327	8327
8206	9206
4301	5301
3714	4714
1870	2870
7909	8909
423	1423
8419	9419
9570	10570
6821	7821
883	1883
5378	6378
196	1196
2358	3358
3079	4079
7154	8154
7063	8063
911	1911
1819	2819
8992	9992
1823	2823
9729	10729
2028	3028
9364	10364
8855	9855
6203	7203
2378	3378
6869	7869
7020	8020
748	1748
4560	5560
804	1804
1727	2727
463	1463
7418	8418
6966	7966
1790	2790
6035	7035
8007	9007
5018	6018
714	1714
8851	9851
2747	3747
6566	7566
7633	8633
9370	10370
3809	4809
4776	5776
6410	7410
1335	2335
9084	10084
2331	3331
8198	9198
3453	4453
342	1342
2844	3844
2238	3238
5196	6196
8613	9613
8843	9843
6326	7326
1963	2963
8597	9597
3568	4568
1439	2439
4773	5773
7908	8908
1174	2174
9071	10071
6490	7490
2255	3255
9573	10573
4402	5402
726	1726
5999	6999
4653	5653
5054	6054
3097	4097
7482	8482
3209	4209
4589	5589
6520	7520
2466	3466
5019	6019
7652	8652
2920	3920
2740	3740
4402	5402
8539	9539
9907	10907
1533	2533
5853	6853
7680	8680
3409	4409
5068	6068
4981	5981
9578	10578
7538	8538
5951	6951
9721	10721
3956	4956
5009	6009
5822	6822
4878	5878
9660	10660
5566	6566
8067	9067
5971	6971
7414	8414
3729	4729
7170	8170
5184	6184
1734	2734
7277	8277
747	1747
1071	2071
3052	4052
521	1521
741	1741
3456	4456
8105	9105
1259	2259
9729	10729
5241	6241
4182	5182
332	1332
2024	3024
4507	5507
2810	3810
3896	4896
8263	9263
989	1989
5042	6042
8855	9855
5246	6246
770	1770
7967	8967
1805	2805
3346	4346
455	1455
4080	5080
356	1356
1973	2973
602	1602
4501	5501
8632	9632
6890	7890
8039	9039
