500	759963
1594	2594
9908	10908
7810	8810
6346	7346
4349	5349
2859	3859
6795	7795
9946	10946
4113	5113
5437	6437
2800	3800
920	1920
8019	9019
7553	8553
4554	5554
7837	8837
8956	9956
9264	10264
4667	5667
2902	3902
8556	9556
2197	3197
1496	2496
8331	9331
6785	7785
8005	9005
895	1895
5586	6586
9031	10031
9211	10211
1831	2831
9415	10415
1563	2563
7634	8634
3832	4832
8102	9102
6553	7553
4227	5227
4760	5760
1299	2299
2964	3964
2875	3875
3709	4709
8903	9903
1182	2182
6316	7316
371	1371
3848	4848
1885	2885
9742	10742
4038	5038
9258	10258
4838	5838
7348	8348
9824	10824
5903	6903
3485	4485
3748	4748
6057	7057
411	1411
3045	4045
6062	7062
3611	4611
5098	6098
2331	3331
9861	10861
3446	4446
5613	6613
5267	6267
3059	4059
6619	7619
980	1980
1993	2993
5918	6918
3426	4426
8775	9775
7816	8816
6234	7234
7648	8648
5905	6905
9842	10842
6060	7060
5812	6812
3059	4059
899	1899
7955	8955
5399	6399
8165	9165
2727	3727
582	1582
4286	5286
8664	9664
7832	8832
3614	4614
7330	8330
4924	5924
7215	8215
2531	3531
3890	4890
4979	5979
4523	5523
239	1239
3180	4180
2031	3031
1907	2907
6494	7494
3005	4005
1429	2429
8607	9607
4869	5869
7752	8752
132	1132
7350	8350
4233	5233
8341	9341
370	1370
9361	10361
9718	10718
2812	3812
9672	10672
6255	7255
289	1289
2203	3203
4281	5281
5786	6786
6448	7448
3176	4176
1163	2163
4207	5207
9351	10351
3164	4164
2116	3116
3890	4890
3497	4497
1596	2596
9682	10682
6303	7303
8575	9575
7598	8598
685	1685
5662	6662
7447	8447
6166	7166
1795	2795
9937	10937
3946	4946
8275	9275
64	1064
1551	2551
7163	8163
6606	7606
5890	6890
5667	6667
1155	2155
4646	5646
6732	7732
4422	5422
1935	2935
2834	3834
2529	3529
8217	9217
8164	9164
8125	9125
7388	8388
3336	4336
9641	10641
5813	6813
7966	8966
7371	8371
3442	4442
6264	7264
8040	9040
6807	7807
2186	3186
2145	3145
5465	6465
862	1862
6607	7607
5774	6774
556	1556
6685	7685
8468	9468
3992	4992
7116	8116
7576	8576
1840	2840
9384	10384
7774	8774
9709	10709
7286	8286
156	1156
720	1720
4972	5972
7676	8676
8762	9762
4670	5670
3901	4901
9053	10053
4051	5051
4947	5947
4766	5766
134	1134
1639	2639
3414	4414
1675	2675
989	1989
1665	2665
3592	4592
5869	6869
8716	9716
7627	8627
5626	6626
2017	3017
9622	10622
2762	3762
4339	5339
2729	3729
595	1595
8609	9609
6753	7753
5534	6534
9797	10797
8425	9425
6486	7486
7285	8285
4286	5286
4028	5028
6577	7577
7471	8471
7172	8172
8326	9326
8271	9271
8585	9585
845	1845
731	1731
2424	3424
5859	6859
40	1040
5062	6062
235	1235
1938	2938
147	1147
4645	5645
2155	3155
6742	7742
2689	3689
5350	6350
3113	4113
1529	2529
8876	9876
1170	2170
4615	5615
974	1974
128	1128
9540	10540
5761	6761
344	1344
9908	10908
4512	5512
490	1490
2817	3817
8171	9171
9312	10312
305	1305
9081	10081
219	1219
3787	4787
6095	7095
7339	8339
1195	2195
6104	7104
59	1059
2290	3290
146	1146
779	1779
4811	5811
8687	9687
8885	9885
8158	9158
5401	6401
7845	8845
863	1863
9833	10833
1856	2856
9738	10738
7603	8603
8165	9165
2777	3777
9929	10929
9350	10350
1011	2011
5992	6992
5552	6552
2211	3211
6771	7771
2990	3990
5795	6795
9071	10071
7363	8363
6570	7570
9518	10518
4277	5277
2441	3441
2180	3180
7383	8383
4904	5904
8765	9765
2318	3318
3256	4256
943	1943
220	1220
4345	5345
5372	6372
806	1806
3506	4506
409	1409
2649	3649
6318	7318
2228	3228
8228	9228
418	1418
4388	5388
4493	5493
447	1447
1264	2264
9584	10584
2379	3379
3309	4309
1579	2579
7868	8868
9720	10720
4000	5000
4383	5383
9825	10825
8693	9693
9563	10563
7506	8506
8051	9051
2192	3192
4764	5764
6038	7038
6257	7257
8026	9026
7968	8968
2301	3301
2795	3795
6231	7231
3263	4263
3205	4205
2410	3410
2554	3554
6874	7874
5971	6971
4828	5828
8138	9138
4745	5745
4219	5219
9377	10377
346	1346
4449	5449
2557	3557
1937	2937
4696	5696
284	1284
1779	2779
6858	7858
5264	6264
9306	10306
5479	6479
9326	10326
6104	7104
6246	7246
3156	4156
5249	6249
3604	4604
1961	2961
6380	7380
2658	3658
9208	10208
2796	3796
4486	5486
6025	7025
3652	4652
4253	5253
346	1346
7131	8131
8256	9256
1499	2499
3673	4673
791	1791
1325	2325
6424	7424
2756	3756
9544	10544
3693	4693
7350	8350
9469	10469
1796	2796
2075	3075
8699	9699
3423	4423
9173	10173
5227	6227
6423	7423
6998	7998
7829	8829
7879	8879
851	1851
2817	3817
457	1457
5894	6894
1816	2816
9026	10026
2592	3592
2617	3617
6365	7365
7003	8003
1384	2384
1415	2415
69	1069
7241	8241
9216	10216
9923	10923
8878	9878
7868	8868
9899	10899
2429	3429
6698	7698
7494	8494
7837	8837
6750	7750
2325	3325
5566	6566
2856	3856
2017	3017
835	1835
9026	10026
9217	10217
7196	8196
6415	7415
9736	10736
4978	5978
5705	6705
8136	9136
6435	7435
7980	8980
9022	10022
1927	2927
5880	6880
2615	3615
4568	5568
4335	5335
5333	6333
2489	3489
9286	10286
9948	10948
9376	10376
7058	8058
5365	6365
2562	3562
8975	9975
6900	7900
6348	7348
8314	9314
2635	3635
8536	9536
2462	3462
2901	3901
1735	2735
7407	8407
8213	9213
5028	6028
3029	4029
3324	4324
9893	10893
4298	5298
8200	9200
6085	7085
2902	3902
4905	5905
9825	10825
4495	5495
921	1921
9803	10803
2930	3930
3684	4684
3743	4743
4017	5017
2843	3843
5793	6793
1363	2363
8525	9525
2511	3511
6528	7528
8770	9770
2210	3210
1967	2967
1665	2665
2589	3589
4463	5463
