500	301169
7483	8483
9192	10192
1344	2344
644	1644
6991	7991
7469	8469
3283	4283
2850	3850
3409	4409
6129	7129
1297	2297
9613	10613
2476	3476
1519	2519
8776	9776
8911	9911
2982	3982
6422	7422
4832	5832
7734	8734
1811	2811
1754	2754
1457	2457
468	1468
7151	8151
9642	10642
2532	3532
2683	3683
994	1994
9345	10345
5736	6736
8150	9150
9348	10348
1870	2870
2080	3080
1162	2162
6176	7176
4954	5954
3551	4551
7723	8723
9699	10699
4888	5888
8480	9480
73	1073
4475	5475
6496	7496
9533	10533
3988	4988
2478	3478
7862	8862
5857	6857
3440	4440
3504	4504
236	1236
6783	7783
4592	5592
136	1136
7853	8853
9582	10582
9580	10580
3213	4213
2522	3522
5653	6653
1871	2871
2508	3508
2961	3961
2596	3596
7453	8453
6666	7666
9706	10706
33	1033
5746	6746
7164	8164
9173	10173
6411	7411
8611	9611
2494	3494
9341	10341
8008	9008
9816	10816
7496	8496
4158	5158
2562	3562
3368	4368
5952	6952
6977	7977
8260	9260
747	1747
1290	2290
1233	2233
8656	9656
4981	5981
2549	3549
9482	10482
2041	3041
5427	6427
7170	8170
1717	2717
320	1320
8805	9805
4346	5346
3750	4750
4073	5073
3622	4622
9933	10933
4085	5085
6523	7523
6786	7786
5616	6616
3385	4385
9267	10267
6118	7118
9231	10231
8304	9304
7958	8958
7440	8440
3083	4083
7066	8066
5357	6357
833	1833
9068	10068
4203	5203
549	1549
8284	9284
6252	7252
6782	7782
9425	10425
3145	4145
1401	2401
9329	10329
4869	5869
6459	7459
8340	9340
3721	4721
6446	7446
2838	3838
5304	6304
8173	9173
7519	8519
6718	7718
4768	5768
5267	6267
4341	5341
8891	9891
6502	7502
7538	8538
9361	10361
1781	2781
1035	2035
3566	4566
8294	9294
1949	2949
2991	3991
4437	5437
590	1590
6443	7443
2523	3523
2611	3611
722	1722
1915	2915
8585	9585
9293	10293
2451	3451
4830	5830
6989	7989
5521	6521
4170	5170
2094	3094
2192	3192
9255	10255
8655	9655
4781	5781
878	1878
4146	5146
7571	8571
6118	7118
6607	7607
7752	8752
40	1040
1182	2182
2217	3217
1078	2078
876	1876
8101	9101
3666	4666
3490	4490
6059	7059
8021	9021
8847	9847
9734	10734
3516	4516
9158	10158
8417	9417
5735	6735
9593	10593
837	1837
534	1534
1170	2170
966	1966
4122	5122
8357	9357
2901	3901
8706	9706
4384	5384
5913	6913
1151	2151
2723	3723
3753	4753
8084	9084
6180	7180
6819	7819
4574	5574
9815	10815
9736	10736
5366	6366
6738	7738
5836	6836
52	1052
5630	6630
2478	3478
3615	4615
5805	6805
4645	5645
2335	3335
8055	9055
447	1447
338	1338
735	1735
4301	5301
8926	9926
8272	9272
3527	4527
7509	8509
8262	9262
4700	5700
1871	2871
8454	9454
2575	3575
4254	5254
3249	4249
6630	7630
5364	6364
1714	2714
4528	5528
1172	2172
3639	4639
5253	6253
4611	5611
7788	8788
8572	9572
5400	6400
2152	3152
438	1438
7720	8720
7057	8057
6689	7689
3137	4137
9661	10661
4716	5716
9821	10821
6095	7095
1463	2463
4693	5693
1862	2862
7800	8800
795	1795
6643	7643
8165	9165
5833	6833
1015	2015
3614	4614
8532	9532
9494	10494
1025	2025
2175	3175
7686	8686
680	1680
5504	6504
247	1247
3531	4531
6370	7370
7699	8699
9294	10294
2046	3046
9099	10099
5480	6480
8534	9534
2927	3927
667	1667
7932	8932
3543	4543
6931	7931
2615	3615
707	1707
5870	6870
2705	3705
2704	3704
4179	5179
8475	9475
5781	6781
9663	10663
9049	10049
1629	2629
7615	8615
9123	10123
1811	2811
3434	4434
2259	3259
5350	6350
972	1972
8899	9899
5189	6189
6323	7323
9594	10594
8779	9779
5465	6465
9472	10472
1101	2101
4337	5337
9554	10554
3299	4299
2431	3431
4181	5181
763	1763
4956	5956
4739	5739
4085	5085
1934	2934
359	1359
1650	2650
7255	8255
155	1155
2391	3391
4629	5629
3342	4342
8742	9742
7422	8422
1072	2072
8277	9277
1784	2784
8442	9442
6869	7869
4668	5668
2620	3620
1701	2701
2381	3381
8668	9668
7840	8840
4258	5258
3103	4103
8810	9810
6168	7168
3055	4055
6915	7915
1572	2572
5605	6605
57	1057
38	1038
2961	3961
5690	6690
8281	9281
388	1388
3731	4731
3026	4026
4287	5287
481	1481
8175	9175
5708	6708
5372	6372
2920	3920
5855	6855
5422	6422
1426	2426
7171	8171
8521	9521
9744	10744
4555	5555
8453	9453
7024	8024
8315	9315
3010	4010
7119	8119
9536	10536
8983	9983
5927	6927
6931	7931
5738	6738
7768	8768
915	1915
8361	9361
2795	3795
5891	6891
5369	6369
584	1584
5265	6265
2678	3678
1416	2416
5833	6833
6432	7432
7205	8205
4604	5604
2329	3329
6543	7543
3553	4553
3915	4915
6104	7104
5210	6210
8611	9611
4382	5382
7368	8368
6624	7624
2883	3883
6824	7824
823	1823
8163	9163
4217	5217
9492	10492
52	1052
1538	2538
8578	9578
1025	2025
6553	7553
6684	7684
2560	3560
9860	10860
8880	9880
3797	4797
3802	4802
4141	5141
8112	9112
2240	3240
2000	3000
9833	10833
8338	9338
1992	2992
3955	4955
4774	5774
5746	6746
6672	7672
3455	4455
795	1795
5435	6435
800	1800
961	1961
7956	8956
5154	6154
2071	3071
190	1190
2946	3946
8306	9306
4519	5519
5796	6796
6533	7533
6324	7324
6277	7277
9192	10192
5164	6164
1789	2789
959	1959
5193	6193
2545	3545
4142	5142
1836	2836
384	1384
7118	8118
5779	6779
8053	9053
9721	10721
2478	3478
9731	10731
5128	6128
5026	6026
4650	5650
3622	4622
8718	9718
2071	3071
2418	3418
6002	7002
6386	7386
3725	4725
1319	2319
8297	9297
3439	4439
1339	2339
2340	3340
2662	3662
4227	5227
4905	5905
322	1322
8785	9785
642	1642
7110	8110
6400	7400
8743	9743
2544	3544
2143	3143
9892	10892
8792	9792
4886	5886
5134	6134
