500	1453158
4941	5941
5624	6624
4490	5490
2303	3303
1740	2740
1728	2728
4595	5595
1309	2309
1084	2084
7180	8180
6845	7845
3736	4736
8440	9440
69	1069
8840	9840
9592	10592
7041	8041
892	1892
6813	7813
7120	8120
9924	10924
738	1738
4918	5918
6419	7419
6028	7028
208	1208
353	1353
4268	5268
8169	9169
1033	2033
6055	7055
7339	8339
6303	7303
7203	8203
518	1518
3661	4661
8207	9207
7963	8963
192	1192
5173	6173
6457	7457
2322	3322
6479	7479
6947	7947
5117	6117
6245	7245
8719	9719
100	1100
8295	9295
8982	9982
9127	10127
5691	6691
8000	9000
2967	3967
6177	7177
8908	9908
7315	8315
1108	2108
4661	5661
3783	4783
8723	9723
23	1023
4327	5327
4148	5148
9636	10636
222	1222
1445	2445
944	1944
5448	6448
9591	10591
5830	6830
4565	5565
4573	5573
8868	9868
984	1984
3302	4302
4569	5569
8487	9487
7999	8999
455	1455
3663	4663
260	1260
5055	6055
1426	2426
1323	2323
6683	7683
8061	9061
7390	8390
4831	5831
347	1347
1799	2799
3146	4146
3239	4239
5737	6737
2697	3697
2026	3026
6045	7045
9683	10683
9201	10201
6009	7009
3639	4639
8321	9321
5062	6062
1893	2893
2301	3301
4257	5257
941	1941
6256	7256
3808	4808
920	1920
2425	3425
5983	6983
4621	5621
4236	5236
2627	3627
7343	8343
8594	9594
7038	8038
7548	8548
4523	5523
3424	4424
4606	5606
216	1216
5406	6406
7706	8706
2597	3597
4046	5046
6952	7952
9879	10879
3157	4157
706	1706
7711	8711
9928	10928
3099	4099
3878	4878
1682	2682
721	1721
8843	9843
7365	8365
8994	9994
7608	8608
7028	8028
4175	5175
1006	2006
6740	7740
5931	6931
29	1029
4763	5763
2783	3783
3762	4762
1555	2555
3461	4461
8243	9243
5733	6733
6760	7760
3118	4118
8357	9357
2119	3119
2023	3023
6784	7784
5848	6848
6856	7856
874	1874
3246	4246
2851	3851
627	1627
4333	5333
3770	4770
7888	8888
4462	5462
458	1458
1698	2698
6079	7079
8989	9989
3111	4111
6486	7486
1486	2486
672	1672
4014	5014
175	1175
7687	8687
3277	4277
9591	10591
7140	8140
315	1315
4300	5300
1614	2614
1095	2095
6206	7206
7582	8582
7754	8754
2996	3996
7483	8483
523	1523
3498	4498
876	1876
6738	7738
9604	10604
4509	5509
9822	10822
3931	4931
1046	2046
5322	6322
6448	7448
2459	3459
7890	8890
7628	8628
7116	8116
6992	7992
6886	7886
9966	10966
7316	8316
2001	3001
5221	6221
6513	7513
8650	9650
8681	9681
9587	10587
4790	5790
7752	8752
8779	9779
9714	10714
8353	9353
9253	10253
1097	2097
6317	7317
7233	8233
7873	8873
1477	2477
2673	3673
9491	10491
2494	3494
5372	6372
8742	9742
6616	7616
2053	3053
8773	9773
7617	8617
1333	2333
8228	9228
6809	7809
539	1539
4302	5302
5995	6995
2101	3101
86	1086
83	1083
1243	2243
6847	7847
375	1375
8212	9212
477	1477
8233	9233
5238	6238
1761	2761
3952	4952
8859	9859
3257	4257
3939	4939
5124	6124
4980	5980
1017	2017
6434	7434
1732	2732
1426	2426
752	1752
5632	6632
6564	7564
4697	5697
5204	6204
9741	10741
8554	9554
3290	4290
6003	7003
3370	4370
4748	5748
1321	2321
1730	2730
8835	9835
7832	8832
7231	8231
8699	9699
5575	6575
6430	7430
7624	8624
6012	7012
7894	8894
1464	2464
5281	6281
7418	8418
8886	9886
1640	2640
1159	2159
3611	4611
2494	3494
3273	4273
1893	2893
6558	7558
200	1200
8708	9708
2413	3413
181	1181
9837	10837
4686	5686
7243	8243
5264	6264
5970	6970
4642	5642
2905	3905
6181	7181
4797	5797
9508	10508
4560	5560
2126	3126
806	1806
4095	5095
8346	9346
7055	8055
7474	8474
981	1981
7903	8903
2968	3968
466	1466
1761	2761
8201	9201
1780	2780
5476	6476
270	1270
7991	8991
3619	4619
9162	10162
7313	8313
6125	7125
4173	5173
8057	9057
2430	3430
572	1572
3211	4211
9188	10188
797	1797
7725	8725
2611	3611
819	1819
3723	4723
5185	6185
6505	7505
6169	7169
2604	3604
6682	7682
529	1529
3800	4800
9512	10512
1721	2721
5616	6616
7295	8295
370	1370
1607	2607
7193	8193
1186	2186
8912	9912
7470	8470
5653	6653
1200	2200
5304	6304
4578	5578
1449	2449
1850	2850
8779	9779
8019	9019
1728	2728
3701	4701
6208	7208
5829	6829
4276	5276
5241	6241
9595	10595
4662	5662
9754	10754
4343	5343
1207	2207
6456	7456
8580	9580
5455	6455
4491	5491
9792	10792
705	1705
2792	3792
4318	5318
2983	3983
6363	7363
4574	5574
3139	4139
148	1148
5159	6159
950	1950
3485	4485
2180	3180
4943	5943
2116	3116
6266	7266
2109	3109
3621	4621
3591	4591
570	1570
6032	7032
156	1156
9955	10955
1140	2140
896	1896
4431	5431
7504	8504
1029	2029
3254	4254
4014	5014
8049	9049
4797	5797
4357	5357
6453	7453
3324	4324
4987	5987
9348	10348
2342	3342
9476	10476
7602	8602
2895	3895
3815	4815
6904	7904
5093	6093
8234	9234
9833	10833
8453	9453
4291	5291
3570	4570
1398	2398
5453	6453
2594	3594
5155	6155
4764	5764
6161	7161
5752	6752
2520	3520
5392	6392
1101	2101
6726	7726
2657	3657
4849	5849
256	1256
6209	7209
2214	3214
6560	7560
4939	5939
3274	4274
3095	4095
402	1402
9299	10299
9638	10638
5519	6519
2545	3545
1143	2143
66	1066
5558	6558
5824	6824
1567	2567
2824	3824
2170	3170
83	1083
490	1490
2183	3183
8041	9041
3120	4120
35	1035
4722	5722
5477	6477
4079	5079
9020	10020
3403	4403
4674	5674
6129	7129
8294	9294
9311	10311
5979	6979
4917	5917
499	1499
6389	7389
5670	6670
5481	6481
9809	10809
1252	2252
8944	9944
1805	2805
9008	10008
5797	6797
1858	2858
7957	8957
1607	2607
5634	6634
8455	9455
6606	7606
4108	5108
5690	6690
