500	1474445
5253	6253
195	1195
867	1867
8119	9119
3211	4211
1952	2952
7227	8227
6446	7446
9277	10277
5506	6506
4853	5853
2682	3682
7686	8686
3332	4332
2132	3132
5797	6797
7899	8899
6777	7777
3078	4078
2739	3739
2917	3917
9439	10439
4436	5436
3724	4724
4373	5373
9384	10384
2987	3987
9701	10701
4895	5895
6633	7633
1179	2179
9851	10851
4115	5115
87	1087
7214	8214
9642	10642
7687	8687
2114	3114
8755	9755
1790	2790
4434	5434
5308	6308
4933	5933
234	1234
8665	9665
1358	2358
7669	8669
8145	9145
6554	7554
975	1975
402	1402
7252	8252
5578	6578
6933	7933
1120	2120
3334	4334
9954	10954
5554	6554
9689	10689
7145	8145
8665	9665
6933	7933
480	1480
2596	3596
4842	5842
9255	10255
244	1244
9047	10047
895	1895
636	1636
5724	6724
7676	8676
3745	4745
3040	4040
3070	4070
1165	2165
3740	4740
5522	6522
576	1576
3289	4289
1415	2415
9216	10216
4469	5469
6258	7258
6936	7936
1118	2118
2608	3608
7593	8593
75	1075
6532	7532
8723	9723
1328	2328
3993	4993
1255	2255
4236	5236
3700	4700
8303	9303
805	1805
3089	4089
73	1073
6433	7433
1456	2456
1788	2788
8299	9299
7037	8037
2760	3760
7793	8793
2567	3567
4943	5943
5175	6175
5093	6093
4186	5186
3417	4417
2512	3512
7362	8362
438	1438
7068	8068
6298	7298
190	1190
4625	5625
3796	4796
9750	10750
9764	10764
6216	7216
4761	5761
7973	8973
5759	6759
8164	9164
7659	8659
4684	5684
7129	8129
7887	8887
1821	2821
1379	2379
3420	4420
286	1286
4548	5548
6541	7541
7228	8228
2467	3467
7854	8854
8799	9799
5478	6478
7099	8099
5508	6508
8119	9119
6949	7949
3585	4585
3242	4242
9681	10681
5645	6645
6521	7521
9368	10368
209	1209
6151	7151
1013	2013
2393	3393
8951	9951
8619	9619
6560	7560
2302	3302
9918	10918
1848	2848
795	1795
8263	9263
8025	9025
4438	5438
53	1053
6644	7644
840	1840
5173	6173
7315	8315
5838	6838
3478	4478
3687	4687
798	1798
1419	2419
4430	5430
4244	5244
8839	9839
9670	10670
1892	2892
3574	4574
415	1415
888	1888
4632	5632
9115	10115
4517	5517
2139	3139
8975	9975
2011	3011
444	1444
9477	10477
1454	2454
2227	3227
2599	3599
8820	9820
2244	3244
4185	5185
7318	8318
4387	5387
9327	10327
441	1441
4198	5198
3355	4355
1344	2344
7887	8887
6048	7048
2387	3387
7776	8776
1472	2472
7051	8051
6245	7245
6815	7815
269	1269
3606	4606
4318	5318
8675	9675
8980	9980
3951	4951
1911	2911
3726	4726
1191	2191
2323	3323
3132	4132
6590	7590
331	1331
8916	9916
3476	4476
2869	3869
393	1393
8487	9487
934	1934
9062	10062
1776	2776
2518	3518
7426	8426
9460	10460
7458	8458
2940	3940
829	1829
9564	10564
8703	9703
9380	10380
605	1605
6323	7323
4559	5559
4507	5507
8985	9985
8072	9072
3098	4098
5613	6613
7565	8565
480	1480
3475	4475
1198	2198
8648	9648
7151	8151
6151	7151
9581	10581
8759	9759
1914	2914
2651	3651
1690	2690
781	1781
7161	8161
3249	4249
6383	7383
8308	9308
7495	8495
5198	6198
5915	6915
7753	8753
4591	5591
5844	6844
2181	3181
3511	4511
3126	4126
9081	10081
4151	5151
9206	10206
297	1297
579	1579
436	1436
6282	7282
8724	9724
7145	8145
9232	10232
1600	2600
6166	7166
6348	7348
7921	8921
4577	5577
4702	5702
4831	5831
4581	5581
3295	4295
9578	10578
3592	4592
8720	9720
6742	7742
1062	2062
8553	9553
6522	7522
8074	9074
6224	7224
1062	2062
9010	10010
596	1596
1151	2151
5009	6009
4497	5497
7678	8678
264	1264
9526	10526
7396	8396
7926	8926
9864	10864
6948	7948
819	1819
3966	4966
2832	3832
6118	7118
8117	9117
7939	8939
5558	6558
2171	3171
1288	2288
7916	8916
7389	8389
4940	5940
8322	9322
1052	2052
2251	3251
683	1683
9397	10397
4921	5921
2401	3401
5563	6563
4664	5664
5908	6908
637	1637
8662	9662
830	1830
441	1441
4811	5811
1518	2518
7922	8922
5007	6007
721	1721
4449	5449
5681	6681
4791	5791
6528	7528
2884	3884
7074	8074
9609	10609
9524	10524
2110	3110
3777	4777
4378	5378
6539	7539
1422	2422
5250	6250
3635	4635
573	1573
8907	9907
4468	5468
8379	9379
7648	8648
3826	4826
8503	9503
440	1440
6985	7985
9508	10508
8251	9251
7281	8281
707	1707
6547	7547
9892	10892
4092	5092
3430	4430
4433	5433
5971	6971
7651	8651
3199	4199
9111	10111
746	1746
4885	5885
3530	4530
9210	10210
3009	4009
2487	3487
6142	7142
9284	10284
1983	2983
3932	4932
5633	6633
7099	8099
1524	2524
9256	10256
8619	9619
518	1518
8312	9312
1690	2690
654	1654
9123	10123
6313	7313
4193	5193
3465	4465
764	1764
1663	2663
3927	4927
450	1450
369	1369
9062	10062
172	1172
8619	9619
3466	4466
3624	4624
6455	7455
6506	7506
7212	8212
4540	5540
6453	7453
8272	9272
8273	9273
3073	4073
2133	3133
8013	9013
5194	6194
6946	7946
4073	5073
6341	7341
7332	8332
1617	2617
5197	6197
2507	3507
6145	7145
4513	5513
8702	9702
7909	8909
679	1679
5164	6164
9733	10733
5459	6459
3723	4723
7973	8973
9773	10773
2952	3952
6953	7953
5723	6723
631	1631
3078	4078
6139	7139
506	1506
4410	5410
5115	6115
1382	2382
7334	8334
7293	8293
7608	8608
3251	4251
1030	2030
5730	6730
2538	3538
1118	2118
5713	6713
2251	3251
4698	5698
6410	7410
3122	4122
7653	8653
2653	3653
3749	4749
6755	7755
2732	3732
2945	3945
629	1629
5834	6834
9951	10951
5070	6070
3830	4830
3224	4224
3257	4257
796	1796
9387	10387
2772	3772
341	1341
4747	5747
3066	4066
2263	3263
58	1058
7971	8971
9391	10391
699	1699
1298	2298
6019	7019
5682	6682
276	1276
