500	1471267
917	1917
3177	4177
3990	4990
9429	10429
9946	10946
7131	8131
417	1417
999	1999
3521	4521
3472	4472
3979	4979
2893	3893
2450	3450
6117	7117
347	1347
542	1542
8576	9576
931	1931
2522	3522
8478	9478
4702	5702
9733	10733
6146	7146
6573	7573
9900	10900
6850	7850
7958	8958
1684	2684
5912	6912
1349	2349
7251	8251
9780	10780
1738	2738
8912	9912
7048	8048
4398	5398
6570	7570
3191	4191
1972	2972
6937	7937
9247	10247
7223	8223
1147	2147
1639	2639
3572	4572
8877	9877
4555	5555
5335	6335
6715	7715
4613	5613
9134	10134
5833	6833
2882	3882
7308	8308
6164	7164
3250	4250
9583	10583
5139	6139
7834	8834
8534	9534
1863	2863
3353	4353
10	1010
782	1782
8109	9109
6725	7725
9488	10488
6799	7799
2778	3778
1111	2111
6101	7101
6685	7685
3466	4466
4963	5963
585	1585
7399	8399
2661	3661
4722	5722
4668	5668
6228	7228
8149	9149
2912	3912
9714	10714
5666	6666
1507	2507
9212	10212
2301	3301
4226	5226
5058	6058
692	1692
322	1322
8481	9481
2396	3396
4446	5446
5580	6580
6409	7409
2687	3687
2769	3769
1599	2599
2844	3844
7565	8565
401	1401
4778	5778
9143	10143
4710	5710
5135	6135
2977	3977
2897	3897
5494	6494
418	1418
6889	7889
161	1161
4995	5995
4170	5170
1846	2846
1758	2758
6679	7679
7153	8153
3402	4402
2051	3051
8901	9901
1852	2852
8240	9240
8314	9314
1435	2435
6614	7614
7892	8892
6468	7468
468	1468
4216	5216
5842	6842
5860	6860
1953	2953
2210	3210
2167	3167
6739	7739
3624	4624
8687	9687
4925	5925
3936	4936
5826	6826
6126	7126
1838	2838
4543	5543
3240	4240
8431	9431
993	1993
7039	8039
739	1739
3604	4604
4670	5670
3885	4885
431	1431
5488	6488
8495	9495
1821	2821
1441	2441
1141	2141
8515	9515
1338	2338
2213	3213
372	1372
6710	7710
8751	9751
8845	9845
4900	5900
186	1186
2012	3012
9210	10210
5866	6866
9806	10806
6249	7249
1127	2127
2293	3293
2181	3181
7707	8707
941	1941
3305	4305
5351	6351
7849	8849
300	1300
9208	10208
3533	4533
2380	3380
2213	3213
8503	9503
5802	6802
5394	6394
7619	8619
6222	7222
2631	3631
8389	9389
4153	5153
129	1129
3024	4024
8523	9523
9030	10030
4274	5274
129	1129
6959	7959
6781	7781
5551	6551
2044	3044
4380	5380
7635	8635
9972	10972
2351	3351
819	1819
2257	3257
2427	3427
73	1073
1678	2678
5169	6169
2875	3875
4351	5351
6166	7166
1386	2386
5791	6791
4555	5555
8225	9225
3196	4196
8418	9418
3055	4055
7983	8983
2880	3880
7207	8207
401	1401
6267	7267
6399	7399
7931	8931
7573	8573
469	1469
3037	4037
1174	2174
4789	5789
6065	7065
624	1624
5204	6204
843	1843
2536	3536
9868	10868
1745	2745
7315	8315
3053	4053
9813	10813
3585	4585
7647	8647
7236	8236
7356	8356
5862	6862
7511	8511
9475	10475
4557	5557
7993	8993
4399	5399
9254	10254
6765	7765
1184	2184
6393	7393
8244	9244
1193	2193
5864	6864
565	1565
9095	10095
2329	3329
6851	7851
6638	7638
6868	7868
7079	8079
7075	8075
3582	4582
3317	4317
3003	4003
9394	10394
4064	5064
636	1636
1942	2942
374	1374
7743	8743
3701	4701
3683	4683
9912	10912
7849	8849
2708	3708
7132	8132
5917	6917
1705	2705
7840	8840
4719	5719
7724	8724
3793	4793
8634	9634
8177	9177
433	1433
2771	3771
2248	3248
37	1037
272	1272
4585	5585
976	1976
930	1930
855	1855
7156	8156
4128	5128
2539	3539
3288	4288
8586	9586
1045	2045
1348	2348
1827	2827
2627	3627
6258	7258
2345	3345
2461	3461
5473	6473
1393	2393
629	1629
6700	7700
1146	2146
406	1406
8503	9503
9187	10187
9937	10937
7960	8960
7111	8111
1517	2517
3633	4633
8594	9594
3971	4971
875	1875
606	1606
5306	6306
3777	4777
3827	4827
7175	8175
3299	4299
1230	2230
6972	7972
7444	8444
7009	8009
2781	3781
8153	9153
5259	6259
8588	9588
547	1547
4281	5281
1434	2434
3912	4912
3378	4378
2164	3164
2310	3310
2018	3018
6342	7342
7441	8441
5703	6703
2591	3591
312	1312
3431	4431
2524	3524
4930	5930
5041	6041
4864	5864
3595	4595
6307	7307
6464	7464
4212	5212
8317	9317
540	1540
8731	9731
9096	10096
4456	5456
8198	9198
8333	9333
7032	8032
1888	2888
2439	3439
7564	8564
3105	4105
4589	5589
3807	4807
8438	9438
9606	10606
9468	10468
9941	10941
7405	8405
5548	6548
1095	2095
5674	6674
7994	8994
9701	10701
7625	8625
7553	8553
4448	5448
8931	9931
9383	10383
2921	3921
5477	6477
9900	10900
3129	4129
248	1248
4947	5947
763	1763
4916	5916
8136	9136
5322	6322
233	1233
3500	4500
5558	6558
2510	3510
3295	4295
9544	10544
9527	10527
1769	2769
6049	7049
5009	6009
4699	5699
2869	3869
978	1978
4890	5890
6930	7930
5630	6630
9148	10148
7078	8078
2957	3957
9779	10779
3338	4338
8337	9337
8417	9417
1494	2494
5916	6916
5964	6964
2900	3900
1650	2650
7630	8630
1563	2563
1023	2023
7308	8308
7516	8516
6325	7325
2573	3573
9383	10383
5040	6040
1449	2449
4132	5132
7418	8418
1359	2359
7984	8984
1984	2984
7731	8731
1038	2038
7293	8293
6695	7695
7242	8242
2192	3192
2498	3498
3523	4523
9956	10956
8247	9247
3750	4750
8771	9771
8594	9594
4639	5639
3190	4190
2133	3133
7960	8960
3362	4362
8033	9033
3826	4826
160	1160
8903	9903
2754	3754
9977	10977
105	1105
6287	7287
811	1811
1701	2701
6575	7575
7240	8240
3522	4522
3085	4085
5323	6323
5921	6921
7555	8555
5184	6184
5512	6512
2811	3811
7929	8929
3877	4877
3450	4450
8502	9502
9137	10137
2110	3110
9987	10987
9579	10579
8278	9278
8563	9563
1910	2910
9438	10438
1222	2222
5913	6913
