500	2315211
5777	6777
6808	7808
9661	10661
8742	9742
5995	6995
8781	9781
6116	7116
9390	10390
8188	9188
6178	7178
6050	7050
2270	3270
2301	3301
1126	2126
8587	9587
1244	2244
6064	7064
7222	8222
3888	4888
3869	4869
9805	10805
3502	4502
2353	3353
1198	2198
9173	10173
7092	8092
3103	4103
5567	6567
7518	8518
2416	3416
7417	8417
8251	9251
8556	9556
6813	7813
9238	10238
1979	2979
9895	10895
7903	8903
5730	6730
3818	4818
5013	6013
6661	7661
2191	3191
6670	7670
4310	5310
6458	7458
6846	7846
5434	6434
7762	8762
8317	9317
8518	9518
3168	4168
6904	7904
5685	6685
5285	6285
9077	10077
9694	10694
5390	6390
2234	3234
5250	6250
8362	9362
6021	7021
9907	10907
4757	5757
6462	7462
9622	10622
4522	5522
5679	6679
556	1556
6737	7737
3432	4432
3608	4608
6691	7691
8262	9262
7060	8060
8907	9907
9241	10241
1727	2727
720	1720
6104	7104
8590	9590
7735	8735
5815	6815
5229	6229
3491	4491
8343	9343
641	1641
6746	7746
346	1346
9900	10900
4208	5208
3251	4251
6496	7496
1127	2127
4647	5647
5972	6972
1182	2182
5526	6526
2128	3128
7334	8334
2424	3424
8656	9656
3934	4934
68	1068
7098	8098
1114	2114
8711	9711
4896	5896
5897	6897
1860	2860
8211	9211
5063	6063
7136	8136
2458	3458
5229	6229
3038	4038
93	1093
7647	8647
5399	6399
5614	6614
5283	6283
4879	5879
1503	2503
9521	10521
669	1669
2801	3801
386	1386
2095	3095
7822	8822
4803	5803
3795	4795
1180	2180
6703	7703
5481	6481
7178	8178
5578	6578
5680	6680
4885	5885
179	1179
7637	8637
6772	7772
7034	8034
9928	10928
1006	2006
3948	4948
1537	2537
1380	2380
8430	9430
322	1322
2146	3146
3388	4388
4642	5642
3723	4723
1005	2005
1646	2646
4551	5551
2820	3820
3145	4145
9569	10569
8142	9142
3789	4789
3028	4028
1803	2803
1244	2244
3046	4046
9708	10708
3206	4206
6732	7732
936	1936
2506	3506
8999	9999
4316	5316
8043	9043
322	1322
8266	9266
9411	10411
7944	8944
3955	4955
5668	6668
6523	7523
5907	6907
3500	4500
4653	5653
792	1792
6505	7505
8647	9647
1914	2914
9732	10732
7441	8441
4381	5381
6105	7105
1364	2364
5729	6729
9586	10586
6248	7248
7127	8127
2656	3656
566	1566
7268	8268
7790	8790
2160	3160
9186	10186
7521	8521
7825	8825
8652	9652
9479	10479
9587	10587
5810	6810
7665	8665
1504	2504
1342	2342
9422	10422
9112	10112
9249	10249
5196	6196
8050	9050
3481	4481
4346	5346
9601	10601
5845	6845
5681	6681
8730	9730
6093	7093
7315	8315
6822	7822
206	1206
3544	4544
2011	3011
400	1400
7625	8625
1074	2074
3062	4062
3518	4518
5421	6421
8669	9669
5400	6400
9900	10900
5897	6897
2005	3005
5294	6294
8055	9055
1186	2186
4447	5447
3428	4428
3681	4681
4899	5899
8171	9171
3845	4845
7155	8155
999	1999
4092	5092
7880	8880
6479	7479
7385	8385
9444	10444
1389	2389
6024	7024
8897	9897
1612	2612
1657	2657
7760	8760
1374	2374
6431	7431
3653	4653
5607	6607
8728	9728
1893	2893
4767	5767
7125	8125
6940	7940
3575	4575
3061	4061
6174	7174
4955	5955
1768	2768
5264	6264
9277	10277
114	1114
452	1452
5832	6832
4507	5507
1146	2146
4479	5479
4581	5581
1182	2182
2994	3994
5880	6880
6487	7487
7942	8942
4940	5940
1428	2428
1546	2546
5133	6133
547	1547
2930	3930
3864	4864
4218	5218
7965	8965
1175	2175
7438	8438
8466	9466
6655	7655
5401	6401
8881	9881
3291	4291
8874	9874
658	1658
994	1994
4491	5491
9346	10346
5522	6522
7171	8171
2514	3514
9365	10365
9027	10027
2245	3245
5382	6382
3010	4010
8836	9836
3304	4304
5532	6532
4023	5023
7555	8555
1178	2178
4051	5051
5663	6663
5402	6402
2684	3684
5348	6348
9040	10040
6998	7998
9149	10149
4393	5393
5665	6665
3179	4179
9615	10615
6336	7336
2638	3638
8749	9749
8300	9300
4123	5123
2942	3942
7634	8634
4571	5571
8659	9659
4091	5091
3668	4668
925	1925
938	1938
4872	5872
8099	9099
1013	2013
1035	2035
7974	8974
7954	8954
9629	10629
6128	7128
9124	10124
5384	6384
3312	4312
5594	6594
5721	6721
5581	6581
911	1911
9253	10253
9995	10995
2131	3131
405	1405
3746	4746
3732	4732
5717	6717
388	1388
9396	10396
262	1262
5987	6987
814	1814
8386	9386
5673	6673
4054	5054
3234	4234
7369	8369
7968	8968
754	1754
4350	5350
2922	3922
6817	7817
4238	5238
4665	5665
780	1780
9700	10700
807	1807
4160	5160
3403	4403
8259	9259
8091	9091
5543	6543
476	1476
3877	4877
7233	8233
8318	9318
7056	8056
2672	3672
2083	3083
432	1432
9827	10827
5653	6653
924	1924
7095	8095
3	1003
9689	10689
4815	5815
7757	8757
7280	8280
9438	10438
5592	6592
2346	3346
7365	8365
4294	5294
3566	4566
2032	3032
2935	3935
9455	10455
683	1683
6666	7666
1605	2605
5701	6701
8156	9156
7994	8994
4535	5535
3117	4117
1299	2299
2358	3358
8442	9442
2015	3015
5057	6057
1387	2387
9353	10353
1568	2568
539	1539
9747	10747
1717	2717
648	1648
2808	3808
5043	6043
6190	7190
6065	7065
898	1898
6109	7109
3284	4284
8038	9038
5528	6528
1446	2446
9950	10950
4345	5345
8484	9484
9454	10454
9870	10870
6969	7969
6478	7478
7880	8880
1854	2854
9049	10049
1943	2943
8417	9417
1463	2463
4471	5471
4753	5753
9911	10911
3989	4989
1308	2308
3230	4230
9983	10983
1033	2033
946	1946
2894	3894
2990	3990
7599	8599
3719	4719
1250	2250
9176	10176
6308	7308
2500	3500
4433	5433
3469	4469
5443	6443
9121	10121
8738	9738
2655	3655
8813	9813
7866	8866
9671	10671
7874	8874
5131	6131
3389	4389
8146	9146
1329	2329
6924	7924
606	1606
1507	2507
5410	6410
