500	297634
8317	9317
4575	5575
9672	10672
807	1807
7775	8775
1028	2028
6966	7966
9074	10074
375	1375
438	1438
8538	9538
3145	4145
2098	3098
7043	8043
3735	4735
6984	7984
6231	7231
8214	9214
3610	4610
5559	6559
8571	9571
5275	6275
1574	2574
3889	4889
1218	2218
9573	10573
2276	3276
3047	4047
799	1799
4949	5949
6235	7235
8555	9555
6643	7643
7842	8842
900	1900
4905	5905
4663	5663
5569	6569
7887	8887
1365	2365
8488	9488
6240	7240
8646	9646
4486	5486
2608	3608
4262	5262
4358	5358
6140	7140
8611	9611
8677	9677
6444	7444
4346	5346
9912	10912
6873	7873
3044	4044
683	1683
9181	10181
6664	7664
9413	10413
3062	4062
1097	2097
6121	7121
8444	9444
3208	4208
8780	9780
2194	3194
6137	7137
2260	3260
5089	6089
6720	7720
6850	7850
4091	5091
9691	10691
1796	2796
4098	5098
7682	8682
3747	4747
8635	9635
9720	10720
6113	7113
994	1994
9735	10735
5499	6499
2598	3598
8472	9472
5273	6273
5750	6750
4953	5953
1991	2991
2602	3602
8748	9748
6079	7079
8430	9430
3496	4496
8534	9534
8527	9527
9699	10699
8528	9528
2617	3617
3693	4693
1526	2526
3226	4226
8793	9793
3813	4813
296	1296
7492	8492
1031	2031
2215	3215
5826	6826
9149	10149
2504	3504
3790	4790
4566	5566
9051	10051
4891	5891
4098	5098
260	1260
5453	6453
6481	7481
5158	6158
3414	4414
3064	4064
4790	5790
1859	2859
2083	3083
8817	9817
397	1397
5991	6991
384	1384
292	1292
7511	8511
4918	5918
7328	8328
8584	9584
1286	2286
9938	10938
6270	7270
9496	10496
9370	10370
8684	9684
5248	6248
2064	3064
3920	4920
5012	6012
9106	10106
5578	6578
9078	10078
9991	10991
5528	6528
8684	9684
5998	6998
7441	8441
1986	2986
212	1212
3068	4068
1076	2076
6628	7628
3552	4552
5309	6309
8864	9864
9067	10067
1547	2547
2881	3881
3721	4721
6039	7039
2043	3043
5367	6367
1767	2767
5832	6832
6585	7585
990	1990
1658	2658
3172	4172
5700	6700
9838	10838
4706	5706
1227	2227
7109	8109
4828	5828
6482	7482
2449	3449
3156	4156
1821	2821
7887	8887
7742	8742
479	1479
4338	5338
2349	3349
412	1412
1240	2240
1125	2125
4778	5778
6852	7852
3599	4599
8608	9608
8152	9152
2229	3229
4799	5799
7810	8810
6016	7016
3132	4132
1629	2629
6196	7196
4285	5285
9453	10453
3346	4346
1924	2924
3002	4002
7379	8379
1293	2293
3336	4336
6925	7925
7125	8125
80	1080
873	1873
605	1605
4281	5281
3381	4381
6882	7882
9698	10698
1969	2969
2719	3719
8372	9372
9070	10070
7148	8148
8174	9174
4729	5729
4896	5896
8759	9759
9978	10978
3167	4167
3350	4350
2379	3379
3297	4297
9339	10339
5047	6047
5170	6170
5508	6508
3479	4479
7080	8080
9047	10047
3666	4666
9	1009
4315	5315
8650	9650
850	1850
6423	7423
9328	10328
350	1350
1542	2542
7699	8699
4496	5496
8830	9830
3946	4946
177	1177
5687	6687
3010	4010
1780	2780
1723	2723
4512	5512
3546	4546
36	1036
9167	10167
3716	4716
1363	2363
4710	5710
5462	6462
310	1310
6809	7809
9394	10394
4076	5076
6929	7929
7805	8805
4939	5939
2530	3530
2047	3047
2443	3443
5974	6974
2875	3875
2019	3019
5409	6409
5858	6858
1288	2288
1411	2411
4577	5577
4273	5273
5046	6046
9444	10444
9027	10027
6683	7683
4606	5606
6980	7980
9209	10209
9639	10639
8487	9487
67	1067
3501	4501
5630	6630
3074	4074
1654	2654
6151	7151
6116	7116
2308	3308
2941	3941
1802	2802
4805	5805
5857	6857
2704	3704
7195	8195
4125	5125
1856	2856
2632	3632
9120	10120
4188	5188
1915	2915
7605	8605
6118	7118
427	1427
891	1891
567	1567
1738	2738
6491	7491
7941	8941
4285	5285
9447	10447
6256	7256
21	1021
8399	9399
2270	3270
8262	9262
5553	6553
375	1375
3098	4098
2939	3939
5862	6862
5103	6103
9270	10270
4767	5767
3210	4210
5381	6381
2968	3968
1490	2490
2221	3221
3366	4366
5510	6510
3918	4918
7001	8001
473	1473
7101	8101
7411	8411
3326	4326
924	1924
3430	4430
476	1476
3022	4022
374	1374
2735	3735
8183	9183
173	1173
4773	5773
2806	3806
5454	6454
956	1956
4719	5719
1545	2545
1984	2984
368	1368
1529	2529
1375	2375
4114	5114
6540	7540
637	1637
5913	6913
7386	8386
8977	9977
2751	3751
6505	7505
9805	10805
1420	2420
8226	9226
7667	8667
6176	7176
388	1388
6123	7123
8640	9640
6646	7646
9230	10230
5764	6764
845	1845
1377	2377
5959	6959
9256	10256
4209	5209
7238	8238
9745	10745
2390	3390
853	1853
3465	4465
7131	8131
5848	6848
6982	7982
9728	10728
8796	9796
9437	10437
7291	8291
9663	10663
2874	3874
8230	9230
3442	4442
2206	3206
5248	6248
4922	5922
9853	10853
3583	4583
7089	8089
6029	7029
5561	6561
9908	10908
9483	10483
1145	2145
692	1692
4928	5928
2601	3601
4288	5288
781	1781
4737	5737
2928	3928
4802	5802
8374	9374
2250	3250
5525	6525
8474	9474
7089	8089
4171	5171
2642	3642
2795	3795
5910	6910
1615	2615
3202	4202
5702	6702
4220	5220
6096	7096
8510	9510
9983	10983
6670	7670
5027	6027
5631	6631
2660	3660
3390	4390
1913	2913
7633	8633
1293	2293
9346	10346
5268	6268
8988	9988
1222	2222
9816	10816
1829	2829
7214	8214
9464	10464
252	1252
6073	7073
8121	9121
2773	3773
3083	4083
9322	10322
9293	10293
3059	4059
3287	4287
8610	9610
6743	7743
5104	6104
6791	7791
8161	9161
3932	4932
2367	3367
1297	2297
5546	6546
729	1729
8178	9178
929	1929
5345	6345
1683	2683
5067	6067
886	1886
4359	5359
9630	10630
2850	3850
9915	10915
8319	9319
6619	7619
5986	6986
7848	8848
934	1934
1020	2020
6973	7973
7162	8162
454	1454
2287	3287
7287	8287
