500	1486902
3383	4383
3429	4429
7446	8446
8389	9389
8075	9075
2917	3917
9183	10183
2280	3280
8408	9408
4873	5873
8897	9897
8299	9299
9453	10453
43	1043
434	1434
2259	3259
4761	5761
6763	7763
8541	9541
2645	3645
5509	6509
4303	5303
1690	2690
2227	3227
7638	8638
8229	9229
2637	3637
1363	2363
1215	2215
6870	7870
5293	6293
4102	5102
427	1427
4323	5323
7781	8781
5988	6988
2036	3036
6439	7439
1285	2285
3320	4320
5173	6173
6795	7795
6023	7023
5243	6243
5821	6821
8202	9202
3170	4170
2488	3488
7070	8070
9369	10369
6196	7196
8313	9313
3631	4631
1752	2752
7350	8350
9416	10416
2206	3206
2631	3631
2065	3065
5302	6302
3177	4177
5344	6344
1408	2408
5095	6095
4580	5580
7901	8901
1291	2291
5551	6551
7676	8676
1328	2328
822	1822
7242	8242
5122	6122
9273	10273
3104	4104
1698	2698
3228	4228
1892	2892
3940	4940
4166	5166
6885	7885
949	1949
2226	3226
6690	7690
1352	2352
7256	8256
4434	5434
5462	6462
789	1789
6454	7454
57	1057
9921	10921
1335	2335
4716	5716
3216	4216
7816	8816
5563	6563
5171	6171
5550	6550
2200	3200
9114	10114
405	1405
4183	5183
8769	9769
8425	9425
9696	10696
254	1254
8191	9191
2378	3378
1563	2563
537	1537
3059	4059
585	1585
4213	5213
1782	2782
8881	9881
2001	3001
1020	2020
149	1149
7004	8004
6236	7236
6901	7901
910	1910
8978	9978
5927	6927
7714	8714
8120	9120
31	1031
32	1032
9833	10833
6176	7176
4617	5617
4772	5772
3993	4993
1798	2798
4914	5914
5248	6248
5159	6159
1191	2191
142	1142
6863	7863
6580	7580
5421	6421
7773	8773
9317	10317
4845	5845
3105	4105
4634	5634
831	1831
3079	4079
7782	8782
1039	2039
9465	10465
1594	2594
4825	5825
6933	7933
3020	4020
2918	3918
7998	8998
2109	3109
1752	2752
5524	6524
4284	5284
9894	10894
8649	9649
4018	5018
8092	9092
2983	3983
307	1307
8419	9419
7788	8788
2711	3711
2268	3268
1529	2529
3399	4399
7308	8308
9835	10835
2743	3743
3021	4021
2649	3649
2819	3819
7933	8933
6233	7233
2175	3175
6676	7676
7125	8125
1423	2423
9260	10260
7292	8292
5068	6068
5759	6759
2415	3415
9049	10049
517	1517
8463	9463
390	1390
2234	3234
7431	8431
294	1294
3595	4595
3998	4998
433	1433
7461	8461
6145	7145
3173	4173
3700	4700
1680	2680
7999	8999
9922	10922
9471	10471
1355	2355
2914	3914
6555	7555
7174	8174
8689	9689
6343	7343
9287	10287
2994	3994
8060	9060
1381	2381
5759	6759
9725	10725
6871	7871
2409	3409
7606	8606
1755	2755
1157	2157
2116	3116
6053	7053
6542	7542
1630	2630
1830	2830
4733	5733
8468	9468
202	1202
2228	3228
4533	5533
8471	9471
8365	9365
2671	3671
7761	8761
9011	10011
5811	6811
8768	9768
1346	2346
9001	10001
8208	9208
4639	5639
3559	4559
9030	10030
4447	5447
1292	2292
243	1243
1941	2941
8226	9226
2776	3776
9586	10586
4248	5248
1889	2889
9393	10393
9872	10872
5378	6378
7462	8462
7484	8484
7664	8664
1346	2346
9122	10122
7462	8462
6132	7132
8549	9549
4062	5062
1564	2564
6141	7141
3298	4298
1891	2891
4774	5774
3662	4662
2266	3266
7247	8247
3917	4917
993	1993
3697	4697
6139	7139
3873	4873
4473	5473
5241	6241
8111	9111
4406	5406
8660	9660
9510	10510
4514	5514
6762	7762
385	1385
4953	5953
7884	8884
8029	9029
5974	6974
7218	8218
6283	7283
2812	3812
1504	2504
3709	4709
8838	9838
8788	9788
4659	5659
1084	2084
5121	6121
1353	2353
8531	9531
3174	4174
8926	9926
3104	4104
955	1955
4262	5262
8073	9073
1590	2590
2284	3284
2264	3264
5545	6545
4701	5701
9000	10000
5439	6439
7312	8312
6577	7577
5926	6926
5317	6317
2732	3732
364	1364
4654	5654
9909	10909
3693	4693
1396	2396
1250	2250
7669	8669
7346	8346
6893	7893
9168	10168
2622	3622
6954	7954
4217	5217
7336	8336
5630	6630
2526	3526
9223	10223
9122	10122
1879	2879
3098	4098
1035	2035
1957	2957
6115	7115
9501	10501
3492	4492
6313	7313
4005	5005
6028	7028
534	1534
1388	2388
5869	6869
3119	4119
1891	2891
8219	9219
1631	2631
4209	5209
9263	10263
5963	6963
3387	4387
1934	2934
7964	8964
9438	10438
3185	4185
1180	2180
1245	2245
6046	7046
1325	2325
8259	9259
7823	8823
7099	8099
3420	4420
8001	9001
5562	6562
4305	5305
6683	7683
3259	4259
5835	6835
2317	3317
7188	8188
6166	7166
7829	8829
2028	3028
6302	7302
4795	5795
4453	5453
8760	9760
6807	7807
4131	5131
3822	4822
284	1284
8441	9441
9809	10809
6492	7492
6442	7442
7867	8867
4931	5931
6352	7352
4342	5342
8826	9826
4818	5818
6118	7118
7475	8475
7302	8302
7176	8176
1675	2675
8769	9769
6268	7268
1561	2561
7069	8069
2050	3050
427	1427
5363	6363
7659	8659
8259	9259
5115	6115
7735	8735
58	1058
7421	8421
5985	6985
1388	2388
5025	6025
6919	7919
1970	2970
3045	4045
5637	6637
1781	2781
9371	10371
3733	4733
6776	7776
9246	10246
7180	8180
9081	10081
3367	4367
4973	5973
9624	10624
5743	6743
8495	9495
4633	5633
9893	10893
5246	6246
221	1221
6868	7868
3194	4194
4496	5496
1381	2381
2464	3464
6910	7910
2110	3110
3414	4414
8815	9815
2095	3095
9501	10501
4893	5893
5588	6588
2363	3363
631	1631
1572	2572
1559	2559
8000	9000
4223	5223
2621	3621
960	1960
6466	7466
5828	6828
3929	4929
1959	2959
5426	6426
3699	4699
4811	5811
9786	10786
224	1224
664	1664
7512	8512
5010	6010
499	1499
8535	9535
1907	2907
3285	4285
5729	6729
3860	4860
4864	5864
614	1614
6640	7640
2124	3124
7604	8604
1718	2718
8218	9218
6005	7005
3588	4588
8038	9038
2643	3643
7660	8660
5220	6220
