500	2692937
6263	7263
9690	10690
2298	3298
3685	4685
7566	8566
8620	9620
954	1954
6023	7023
623	1623
2892	3892
2894	3894
735	1735
8743	9743
1870	2870
5098	6098
7214	8214
7196	8196
2154	3154
3165	4165
5469	6469
9742	10742
1822	2822
8010	9010
86	1086
4652	5652
8747	9747
9714	10714
6322	7322
5618	6618
7623	8623
1991	2991
5244	6244
4379	5379
9173	10173
9227	10227
6908	7908
6441	7441
784	1784
2215	3215
1629	2629
5102	6102
4340	5340
8145	9145
6518	7518
8500	9500
3836	4836
7369	8369
248	1248
7257	8257
937	1937
3180	4180
9619	10619
5218	6218
9860	10860
2726	3726
8456	9456
3944	4944
8472	9472
9961	10961
7610	8610
3648	4648
3730	4730
6246	7246
8295	9295
3939	4939
6812	7812
1740	2740
3680	4680
5580	6580
8712	9712
3405	4405
2523	3523
9823	10823
8223	9223
45	1045
2856	3856
2642	3642
6457	7457
9635	10635
1499	2499
5103	6103
313	1313
1357	2357
691	1691
9650	10650
1317	2317
6850	7850
4230	5230
2906	3906
4034	5034
4547	5547
3402	4402
7250	8250
8573	9573
8598	9598
262	1262
6036	7036
5095	6095
5369	6369
51	1051
5592	6592
8081	9081
5694	6694
8623	9623
6195	7195
4151	5151
1865	2865
4359	5359
6602	7602
2512	3512
4036	5036
4017	5017
1000	2000
9191	10191
4146	5146
8143	9143
82	1082
6474	7474
6845	7845
9908	10908
7057	8057
2779	3779
7664	8664
949	1949
903	1903
8558	9558
8180	9180
2612	3612
3793	4793
2690	3690
8675	9675
9174	10174
5629	6629
7129	8129
4706	5706
591	1591
443	1443
8496	9496
2845	3845
8777	9777
32	1032
281	1281
8816	9816
8337	9337
2693	3693
9753	10753
3745	4745
795	1795
3110	4110
4646	5646
9577	10577
6008	7008
6469	7469
7352	8352
639	1639
3635	4635
2579	3579
8989	9989
7683	8683
9664	10664
6994	7994
4025	5025
7890	8890
397	1397
675	1675
702	1702
3762	4762
4758	5758
8601	9601
5448	6448
3267	4267
7705	8705
1191	2191
1341	2341
1599	2599
4921	5921
284	1284
9116	10116
3479	4479
6674	7674
4871	5871
5307	6307
5281	6281
6318	7318
6041	7041
3563	4563
1712	2712
3431	4431
8683	9683
9648	10648
5871	6871
1233	2233
8594	9594
2823	3823
2266	3266
4846	5846
6331	7331
3186	4186
9845	10845
5324	6324
5396	6396
5547	6547
6842	7842
5549	6549
5550	6550
2581	3581
5539	6539
297	1297
4654	5654
403	1403
2674	3674
6876	7876
9426	10426
6007	7007
3104	4104
49	1049
3597	4597
7008	8008
676	1676
2738	3738
5303	6303
2246	3246
4699	5699
9466	10466
5935	6935
5987	6987
5810	6810
8478	9478
1919	2919
5190	6190
1185	2185
9927	10927
8830	9830
5106	6106
1939	2939
4659	5659
5161	6161
4367	5367
3265	4265
6443	7443
719	1719
3108	4108
4902	5902
3458	4458
6948	7948
941	1941
6306	7306
9878	10878
9531	10531
2891	3891
1163	2163
1634	2634
8725	9725
1391	2391
642	1642
9575	10575
6967	7967
1874	2874
2858	3858
9532	10532
334	1334
8127	9127
5091	6091
794	1794
6443	7443
5504	6504
6378	7378
1021	2021
4890	5890
6180	7180
8668	9668
1779	2779
2861	3861
6736	7736
1785	2785
6657	7657
8249	9249
7727	8727
9063	10063
2114	3114
6125	7125
8880	9880
5211	6211
7044	8044
1379	2379
4108	5108
3241	4241
7055	8055
9198	10198
1563	2563
2469	3469
2826	3826
9063	10063
220	1220
6940	7940
4236	5236
7201	8201
466	1466
5942	6942
2951	3951
6007	7007
465	1465
8164	9164
9637	10637
8253	9253
1991	2991
4845	5845
8654	9654
4589	5589
8320	9320
6217	7217
1981	2981
3011	4011
6954	7954
1765	2765
8837	9837
3032	4032
7055	8055
4420	5420
7868	8868
2540	3540
2410	3410
3361	4361
8371	9371
7198	8198
3504	4504
7310	8310
1950	2950
205	1205
1072	2072
1740	2740
8818	9818
6789	7789
8077	9077
8930	9930
6591	7591
5135	6135
1473	2473
6565	7565
6142	7142
1940	2940
5096	6096
2352	3352
8622	9622
9808	10808
9297	10297
968	1968
9863	10863
7923	8923
5596	6596
7273	8273
11	1011
9493	10493
9446	10446
7501	8501
2353	3353
2145	3145
4605	5605
2620	3620
2120	3120
7965	8965
5928	6928
1991	2991
5266	6266
1062	2062
9422	10422
9068	10068
5935	6935
8216	9216
5553	6553
3389	4389
8044	9044
9715	10715
1441	2441
691	1691
9309	10309
8527	9527
2403	3403
1268	2268
2375	3375
9350	10350
6778	7778
5507	6507
8734	9734
3322	4322
3565	4565
2267	3267
2226	3226
9043	10043
3012	4012
3654	4654
5176	6176
9417	10417
941	1941
3574	4574
4261	5261
5094	6094
5000	6000
9558	10558
8772	9772
6837	7837
2472	3472
4466	5466
7534	8534
3823	4823
797	1797
9733	10733
3326	4326
7546	8546
2837	3837
3247	4247
1756	2756
4222	5222
2706	3706
3428	4428
7471	8471
2219	3219
1085	2085
3838	4838
8134	9134
1474	2474
9646	10646
9707	10707
9164	10164
1266	2266
1092	2092
6465	7465
3736	4736
5208	6208
2466	3466
3337	4337
8975	9975
7821	8821
7713	8713
8334	9334
9728	10728
3531	4531
3586	4586
6983	7983
1719	2719
2674	3674
7826	8826
5300	6300
5220	6220
4636	5636
9158	10158
893	1893
3466	4466
5587	6587
3020	4020
1545	2545
5260	6260
277	1277
1720	2720
1527	2527
8676	9676
4235	5235
3285	4285
492	1492
1295	2295
9933	10933
1873	2873
3465	4465
2690	3690
4971	5971
7555	8555
1189	2189
2060	3060
5452	6452
6801	7801
6109	7109
4113	5113
3437	4437
1950	2950
2279	3279
4910	5910
7876	8876
2354	3354
4295	5295
5051	6051
4872	5872
5044	6044
6603	7603
3365	4365
6904	7904
8609	9609
3194	4194
7102	8102
9606	10606
6506	7506
585	1585
4823	5823
6169	7169
8636	9636
5012	6012
32	1032
1177	2177
2696	3696
7864	8864
1511	2511
