500	2679454
302	1302
1106	2106
3895	4895
981	1981
736	1736
6331	7331
4339	5339
9764	10764
8422	9422
2031	3031
9686	10686
3719	4719
8710	9710
407	1407
480	1480
4029	5029
7151	8151
5414	6414
448	1448
2762	3762
5838	6838
6315	7315
3784	4784
2212	3212
2395	3395
621	1621
989	1989
7697	8697
9532	10532
9680	10680
2220	3220
3024	4024
1936	2936
719	1719
5506	6506
4792	5792
1428	2428
7081	8081
8128	9128
8143	9143
6091	7091
4732	5732
7027	8027
1564	2564
2896	3896
4375	5375
4523	5523
7978	8978
94	1094
8457	9457
8874	9874
5686	6686
2078	3078
5114	6114
7790	8790
6842	7842
977	1977
1137	2137
7371	8371
7587	8587
3470	4470
5104	6104
6549	7549
4954	5954
8272	9272
319	1319
6838	7838
8399	9399
541	1541
9852	10852
6519	7519
7724	8724
9629	10629
6188	7188
5611	6611
3143	4143
8657	9657
3056	4056
8503	9503
2845	3845
6384	7384
6579	7579
1372	2372
2222	3222
678	1678
3353	4353
3789	4789
3069	4069
1224	2224
399	1399
7603	8603
9374	10374
3131	4131
439	1439
9794	10794
5678	6678
6558	7558
5712	6712
5572	6572
1911	2911
3810	4810
1572	2572
1896	2896
9863	10863
6760	7760
3798	4798
6721	7721
6408	7408
8200	9200
218	1218
1005	2005
7003	8003
5511	6511
1567	2567
4244	5244
6198	7198
7489	8489
3180	4180
5987	6987
8527	9527
3116	4116
6216	7216
4714	5714
6547	7547
9837	10837
4634	5634
8220	9220
4923	5923
1832	2832
2331	3331
4538	5538
9038	10038
7274	8274
5579	6579
6358	7358
4895	5895
5531	6531
4538	5538
1898	2898
9451	10451
750	1750
7326	8326
6702	7702
4824	5824
9445	10445
3991	4991
36	1036
3863	4863
5892	6892
7466	8466
7975	8975
9579	10579
6581	7581
4260	5260
5945	6945
3501	4501
5403	6403
6613	7613
6077	7077
4595	5595
2636	3636
7702	8702
5521	6521
3230	4230
4495	5495
2550	3550
3714	4714
8383	9383
6597	7597
7373	8373
8874	9874
8626	9626
9726	10726
5947	6947
8276	9276
8070	9070
2206	3206
5764	6764
5287	6287
5495	6495
5795	6795
3455	4455
6356	7356
7140	8140
7271	8271
1856	2856
8446	9446
6982	7982
228	1228
7598	8598
2243	3243
1389	2389
6328	7328
7317	8317
8168	9168
7512	8512
8272	9272
7854	8854
8775	9775
8697	9697
542	1542
1	1001
3718	4718
4983	5983
9931	10931
6120	7120
9630	10630
5718	6718
3987	4987
7649	8649
4238	5238
6003	7003
7615	8615
4245	5245
6145	7145
7773	8773
8908	9908
9595	10595
6597	7597
8872	9872
8180	9180
4229	5229
5242	6242
4219	5219
8570	9570
6657	7657
6675	7675
5980	6980
212	1212
1157	2157
3151	4151
6744	7744
866	1866
5050	6050
3640	4640
1967	2967
7166	8166
3211	4211
9925	10925
6674	7674
7041	8041
9854	10854
5320	6320
1543	2543
1378	2378
862	1862
9114	10114
2046	3046
4663	5663
6796	7796
8340	9340
7004	8004
3470	4470
2966	3966
5533	6533
9083	10083
1264	2264
4868	5868
5849	6849
3389	4389
3335	4335
2778	3778
7013	8013
1781	2781
4333	5333
2169	3169
1906	2906
704	1704
6511	7511
7506	8506
2231	3231
2836	3836
7823	8823
5675	6675
5352	6352
3382	4382
6952	7952
6180	7180
3456	4456
8017	9017
7994	8994
5659	6659
8235	9235
4129	5129
1525	2525
245	1245
7008	8008
32	1032
189	1189
7835	8835
5369	6369
1245	2245
4217	5217
15	1015
5539	6539
8137	9137
6808	7808
4353	5353
6406	7406
7406	8406
4204	5204
9869	10869
6239	7239
3577	4577
3354	4354
3995	4995
7686	8686
5882	6882
8919	9919
9917	10917
851	1851
464	1464
809	1809
9869	10869
4220	5220
1889	2889
5512	6512
5055	6055
6707	7707
1021	2021
1693	2693
8671	9671
1426	2426
285	1285
4175	5175
9262	10262
4775	5775
3032	4032
2760	3760
2002	3002
9440	10440
5121	6121
3403	4403
4979	5979
951	1951
658	1658
9098	10098
8368	9368
4960	5960
2251	3251
9516	10516
7877	8877
340	1340
5179	6179
9214	10214
3472	4472
2929	3929
3038	4038
2865	3865
2921	3921
3028	4028
6373	7373
2041	3041
4403	5403
7022	8022
4302	5302
5534	6534
1025	2025
1835	2835
3658	4658
3646	4646
9165	10165
667	1667
2199	3199
1662	2662
4992	5992
3008	4008
6588	7588
4438	5438
6971	7971
7693	8693
4297	5297
8009	9009
6212	7212
9059	10059
46	1046
7480	8480
5601	6601
6263	7263
819	1819
769	1769
582	1582
2012	3012
5961	6961
2366	3366
884	1884
764	1764
4414	5414
5463	6463
9997	10997
471	1471
2369	3369
8440	9440
9861	10861
1852	2852
6374	7374
2757	3757
6189	7189
8890	9890
98	1098
6651	7651
9540	10540
2582	3582
7873	8873
147	1147
9403	10403
6620	7620
5380	6380
6045	7045
5568	6568
2898	3898
1132	2132
2053	3053
6324	7324
3112	4112
5791	6791
485	1485
9959	10959
8017	9017
5577	6577
1984	2984
4655	5655
8790	9790
4883	5883
712	1712
4595	5595
9086	10086
5737	6737
6111	7111
3226	4226
311	1311
1981	2981
2071	3071
998	1998
9744	10744
9839	10839
3482	4482
198	1198
4417	5417
1487	2487
6046	7046
5921	6921
8906	9906
1276	2276
3100	4100
3462	4462
3350	4350
9057	10057
2263	3263
8330	9330
2070	3070
881	1881
268	1268
6785	7785
9872	10872
2768	3768
3143	4143
66	1066
5320	6320
5883	6883
7013	8013
1733	2733
3645	4645
4196	5196
4580	5580
8931	9931
8566	9566
4640	5640
1954	2954
8802	9802
7826	8826
813	1813
2449	3449
1454	2454
8681	9681
8933	9933
5558	6558
7237	8237
1960	2960
5301	6301
1133	2133
1201	2201
191	1191
5442	6442
2168	3168
9313	10313
1476	2476
5942	6942
5284	6284
6262	7262
4370	5370
6279	7279
1609	2609
9398	10398
6644	7644
3654	4654
9415	10415
9946	10946
7251	8251
623	1623
