500	2703580
5554	6554
2219	3219
4433	5433
7078	8078
3127	4127
2003	3003
7636	8636
5955	6955
7451	8451
1924	2924
2248	3248
2774	3774
2968	3968
5598	6598
8940	9940
7372	8372
4630	5630
4839	5839
8398	9398
6969	7969
2604	3604
2793	3793
4114	5114
6618	7618
8454	9454
411	1411
8577	9577
7130	8130
9239	10239
541	1541
4633	5633
9253	10253
3800	4800
3983	4983
5776	6776
459	1459
3637	4637
6707	7707
3143	4143
6013	7013
7653	8653
5061	6061
7957	8957
9533	10533
4801	5801
9875	10875
5796	6796
2442	3442
1524	2524
2645	3645
6820	7820
9542	10542
5647	6647
7376	8376
5142	6142
9296	10296
7705	8705
7292	8292
2800	3800
2115	3115
1146	2146
8129	9129
9779	10779
6728	7728
4242	5242
735	1735
9764	10764
5702	6702
7203	8203
8088	9088
5758	6758
75	1075
4607	5607
277	1277
4944	5944
5269	6269
2198	3198
7923	8923
5340	6340
5763	6763
6601	7601
9831	10831
2344	3344
6549	7549
4747	5747
1697	2697
8252	9252
8520	9520
9182	10182
8360	9360
5423	6423
100	1100
5097	6097
2063	3063
6930	7930
2875	3875
1110	2110
1550	2550
9841	10841
6204	7204
9579	10579
3582	4582
3823	4823
3385	4385
4823	5823
9409	10409
9877	10877
4467	5467
749	1749
4767	5767
2162	3162
1505	2505
786	1786
7003	8003
7936	8936
8663	9663
1547	2547
3144	4144
5972	6972
9052	10052
1891	2891
2187	3187
8289	9289
7046	8046
1548	2548
5637	6637
5847	6847
6604	7604
1886	2886
5081	6081
4272	5272
3562	4562
7978	8978
3670	4670
709	1709
6730	7730
2294	3294
6455	7455
5929	6929
3320	4320
5753	6753
8039	9039
875	1875
3628	4628
6073	7073
3807	4807
7205	8205
4699	5699
9766	10766
6270	7270
2524	3524
9109	10109
1218	2218
7723	8723
6353	7353
3538	4538
1963	2963
1759	2759
1094	2094
7549	8549
6050	7050
7512	8512
275	1275
8850	9850
6933	7933
6372	7372
8618	9618
858	1858
4750	5750
4829	5829
5253	6253
8300	9300
5512	6512
8566	9566
2503	3503
9336	10336
1778	2778
9557	10557
2658	3658
3874	4874
5826	6826
2967	3967
725	1725
624	1624
4337	5337
6881	7881
7869	8869
6888	7888
4128	5128
8375	9375
7082	8082
6972	7972
4034	5034
647	1647
3047	4047
1654	2654
1339	2339
2344	3344
3075	4075
5199	6199
4508	5508
7586	8586
291	1291
6364	7364
6416	7416
5633	6633
9775	10775
9430	10430
2144	3144
9963	10963
6096	7096
357	1357
3229	4229
7222	8222
9393	10393
250	1250
3619	4619
2965	3965
9034	10034
5460	6460
4072	5072
3907	4907
454	1454
1801	2801
5819	6819
729	1729
463	1463
236	1236
7226	8226
2275	3275
8021	9021
6604	7604
3696	4696
8738	9738
8351	9351
5409	6409
563	1563
2924	3924
3713	4713
7963	8963
6837	7837
9043	10043
6041	7041
8482	9482
1496	2496
6194	7194
8958	9958
7782	8782
3833	4833
7462	8462
3292	4292
3512	4512
159	1159
7243	8243
7520	8520
5462	6462
9573	10573
6392	7392
5394	6394
2754	3754
4040	5040
4944	5944
1035	2035
3303	4303
6026	7026
8622	9622
1911	2911
1793	2793
6466	7466
5035	6035
3162	4162
9085	10085
1791	2791
9668	10668
8630	9630
5236	6236
4527	5527
3844	4844
4212	5212
9160	10160
4162	5162
8996	9996
8279	9279
5711	6711
202	1202
3704	4704
1117	2117
8402	9402
9457	10457
6694	7694
6404	7404
4263	5263
770	1770
4678	5678
7373	8373
4458	5458
3356	4356
1170	2170
1485	2485
5112	6112
8724	9724
9421	10421
2491	3491
1414	2414
3273	4273
9108	10108
6137	7137
7240	8240
5496	6496
4810	5810
1563	2563
6964	7964
2316	3316
4695	5695
7558	8558
5891	6891
7900	8900
3	1003
5426	6426
546	1546
3260	4260
1223	2223
6692	7692
1551	2551
1757	2757
6766	7766
4634	5634
6927	7927
928	1928
4549	5549
5656	6656
2515	3515
8060	9060
5507	6507
8515	9515
2765	3765
3601	4601
725	1725
7182	8182
3330	4330
430	1430
8287	9287
5660	6660
7235	8235
6582	7582
2722	3722
8375	9375
6465	7465
1317	2317
688	1688
2177	3177
7650	8650
2173	3173
6922	7922
106	1106
9698	10698
8500	9500
5739	6739
3366	4366
2485	3485
3434	4434
1961	2961
9944	10944
8829	9829
4132	5132
5634	6634
3383	4383
2033	3033
5369	6369
1494	2494
2671	3671
1486	2486
4158	5158
562	1562
5002	6002
6098	7098
9392	10392
4447	5447
9379	10379
201	1201
4961	5961
6499	7499
5996	6996
3435	4435
2333	3333
6165	7165
4918	5918
7848	8848
2281	3281
5335	6335
566	1566
8290	9290
8308	9308
9719	10719
972	1972
790	1790
7401	8401
6424	7424
8588	9588
6386	7386
698	1698
7101	8101
446	1446
4245	5245
4953	5953
7895	8895
7909	8909
7776	8776
1064	2064
9538	10538
7728	8728
2937	3937
8775	9775
1006	2006
8101	9101
2199	3199
7425	8425
4546	5546
2027	3027
711	1711
9987	10987
5567	6567
6700	7700
3964	4964
3808	4808
6265	7265
8185	9185
6414	7414
3522	4522
5969	6969
9256	10256
2213	3213
2265	3265
5338	6338
4431	5431
2322	3322
3406	4406
7274	8274
1715	2715
7856	8856
3270	4270
8751	9751
5022	6022
5426	6426
7177	8177
1477	2477
9228	10228
4439	5439
6126	7126
9200	10200
1675	2675
8790	9790
7133	8133
24	1024
2687	3687
4237	5237
8373	9373
5140	6140
4589	5589
163	1163
1129	2129
1564	2564
4075	5075
4135	5135
4930	5930
6219	7219
2775	3775
1159	2159
9267	10267
7838	8838
3157	4157
6408	7408
1281	2281
6274	7274
8349	9349
2753	3753
7958	8958
6140	7140
6652	7652
7392	8392
4571	5571
327	1327
965	1965
9465	10465
2185	3185
4029	5029
7132	8132
5465	6465
5641	6641
3226	4226
2293	3293
7083	8083
2328	3328
8929	9929
8252	9252
967	1967
2528	3528
7647	8647
1763	2763
3855	4855
