500	740590
3357	4357
1686	2686
3169	4169
2935	3935
4982	5982
9496	10496
236	1236
347	1347
6440	7440
1672	2672
2923	3923
9797	10797
6333	7333
2098	3098
934	1934
6690	7690
6666	7666
7338	8338
7147	8147
5093	6093
5741	6741
2442	3442
7069	8069
5350	6350
230	1230
7113	8113
8326	9326
780	1780
551	1551
2650	3650
2190	3190
6615	7615
784	1784
1752	2752
7593	8593
3529	4529
5476	6476
1811	2811
1013	2013
6971	7971
5029	6029
6065	7065
7334	8334
376	1376
1018	2018
6254	7254
6825	7825
7241	8241
5795	6795
8168	9168
4703	5703
7930	8930
2678	3678
196	1196
353	1353
1896	2896
764	1764
1676	2676
6574	7574
8508	9508
3256	4256
6068	7068
5828	6828
3638	4638
8176	9176
1029	2029
6633	7633
9337	10337
4296	5296
667	1667
572	1572
7574	8574
7228	8228
8347	9347
1502	2502
8402	9402
7283	8283
8411	9411
5502	6502
7502	8502
9696	10696
2739	3739
6747	7747
4976	5976
7081	8081
2068	3068
1645	2645
1195	2195
3633	4633
4105	5105
3861	4861
331	1331
3662	4662
5033	6033
6708	7708
9681	10681
9094	10094
7147	8147
1274	2274
8754	9754
5074	6074
7331	8331
6192	7192
156	1156
7606	8606
8045	9045
7017	8017
9434	10434
6557	7557
8772	9772
5506	6506
7119	8119
7240	8240
5934	6934
1138	2138
5388	6388
5731	6731
7941	8941
7015	8015
3022	4022
2510	3510
3043	4043
7509	8509
2442	3442
5912	6912
1633	2633
4034	5034
1048	2048
1325	2325
3299	4299
918	1918
5964	6964
7931	8931
2731	3731
3765	4765
656	1656
690	1690
1304	2304
5826	6826
1992	2992
3353	4353
2567	3567
5829	6829
9273	10273
921	1921
6505	7505
4346	5346
9996	10996
7872	8872
1636	2636
5731	6731
6483	7483
4867	5867
8425	9425
86	1086
4415	5415
9133	10133
7120	8120
2242	3242
6498	7498
6088	7088
1608	2608
4806	5806
8573	9573
8694	9694
3662	4662
1891	2891
580	1580
1961	2961
8054	9054
2862	3862
7947	8947
439	1439
1250	2250
347	1347
6538	7538
3186	4186
5491	6491
3394	4394
3129	4129
3595	4595
6650	7650
7926	8926
126	1126
745	1745
5919	6919
8108	9108
6314	7314
1428	2428
203	1203
2235	3235
1853	2853
3875	4875
2725	3725
3011	4011
587	1587
6472	7472
9984	10984
7437	8437
1347	2347
3449	4449
4142	5142
5443	6443
6826	7826
2859	3859
2420	3420
8659	9659
2611	3611
591	1591
2602	3602
2629	3629
950	1950
521	1521
823	1823
5594	6594
8223	9223
2901	3901
776	1776
9196	10196
5446	6446
8595	9595
1163	2163
9787	10787
5447	6447
6855	7855
8022	9022
597	1597
8777	9777
1065	2065
1001	2001
685	1685
6037	7037
4422	5422
8045	9045
2711	3711
1324	2324
9521	10521
2591	3591
9621	10621
8600	9600
6374	7374
2211	3211
9260	10260
5968	6968
1154	2154
3040	4040
2576	3576
4406	5406
8462	9462
2987	3987
3310	4310
7544	8544
1881	2881
3463	4463
8338	9338
4886	5886
1315	2315
7508	8508
7541	8541
9200	10200
8899	9899
7785	8785
7961	8961
1477	2477
4448	5448
9847	10847
4520	5520
8252	9252
6663	7663
1320	2320
6708	7708
4363	5363
6584	7584
420	1420
9042	10042
8632	9632
1029	2029
9323	10323
362	1362
8172	9172
2989	3989
4869	5869
5754	6754
9024	10024
3569	4569
4499	5499
2899	3899
1743	2743
8411	9411
1963	2963
3464	4464
8708	9708
9861	10861
3097	4097
5568	6568
577	1577
7140	8140
8609	9609
5630	6630
7560	8560
4494	5494
9433	10433
4966	5966
4681	5681
5250	6250
5252	6252
9573	10573
8933	9933
9754	10754
9679	10679
103	1103
8050	9050
9177	10177
6749	7749
1226	2226
3635	4635
5920	6920
2996	3996
9294	10294
1234	2234
7699	8699
2890	3890
2866	3866
9882	10882
951	1951
7658	8658
2175	3175
1929	2929
8011	9011
9311	10311
8898	9898
7103	8103
338	1338
901	1901
2485	3485
464	1464
5950	6950
2280	3280
8628	9628
3746	4746
1969	2969
9143	10143
5278	6278
623	1623
8936	9936
5965	6965
5393	6393
2341	3341
3677	4677
6819	7819
7703	8703
3670	4670
8814	9814
5287	6287
3387	4387
2342	3342
5351	6351
6572	7572
7061	8061
5098	6098
7244	8244
6175	7175
6425	7425
6619	7619
2399	3399
2915	3915
8289	9289
2274	3274
415	1415
9086	10086
1367	2367
7501	8501
6801	7801
7911	8911
3286	4286
8986	9986
309	1309
7755	8755
288	1288
682	1682
6291	7291
3714	4714
1803	2803
9839	10839
2335	3335
2283	3283
7948	8948
7647	8647
5512	6512
5333	6333
2749	3749
9554	10554
1925	2925
9570	10570
6711	7711
9919	10919
3660	4660
2054	3054
5418	6418
4423	5423
9073	10073
4679	5679
3034	4034
7152	8152
6427	7427
9494	10494
3170	4170
3757	4757
8201	9201
9609	10609
5399	6399
7870	8870
7738	8738
2689	3689
1977	2977
7645	8645
4498	5498
2039	3039
7012	8012
8827	9827
6704	7704
2936	3936
8731	9731
7422	8422
6532	7532
7950	8950
1376	2376
822	1822
1160	2160
103	1103
4386	5386
1398	2398
2831	3831
820	1820
7807	8807
8082	9082
4182	5182
5343	6343
8632	9632
2859	3859
9755	10755
3081	4081
3707	4707
2813	3813
4225	5225
4580	5580
6612	7612
1249	2249
5392	6392
6796	7796
1024	2024
1947	2947
7892	8892
6747	7747
8929	9929
6517	7517
408	1408
1402	2402
3082	4082
9399	10399
2673	3673
6757	7757
2180	3180
4593	5593
219	1219
7802	8802
8777	9777
7696	8696
9353	10353
8543	9543
4062	5062
7235	8235
6868	7868
6958	7958
9716	10716
5825	6825
4695	5695
1197	2197
5552	6552
8149	9149
6344	7344
119	1119
8054	9054
2803	3803
59	1059
4268	5268
1790	2790
7041	8041
7545	8545
1505	2505
8984	9984
192	1192
3778	4778
6431	7431
6677	7677
7240	8240
5483	6483
94	1094
1071	2071
5533	6533
