500	2267586
6105	7105
5108	6108
3999	4999
6810	7810
866	1866
9056	10056
8297	9297
5698	6698
806	1806
7502	8502
3558	4558
6253	7253
3560	4560
5511	6511
4546	5546
3856	4856
3152	4152
5564	6564
1078	2078
210	1210
71	1071
8956	9956
6801	7801
1502	2502
2583	3583
2443	3443
1366	2366
2286	3286
1673	2673
6427	7427
1205	2205
2025	3025
5403	6403
6590	7590
2713	3713
5021	6021
9451	10451
9780	10780
8798	9798
5955	6955
6687	7687
637	1637
7004	8004
5582	6582
784	1784
8252	9252
571	1571
6332	7332
5171	6171
8169	9169
3370	4370
5822	6822
1992	2992
2253	3253
2249	3249
7130	8130
8399	9399
1450	2450
8830	9830
686	1686
5242	6242
9121	10121
1952	2952
5528	6528
4716	5716
9186	10186
3391	4391
7897	8897
6277	7277
3039	4039
1565	2565
2186	3186
101	1101
6850	7850
4019	5019
5436	6436
6296	7296
7659	8659
6883	7883
9340	10340
7368	8368
4210	5210
9998	10998
8680	9680
5633	6633
2282	3282
9640	10640
7956	8956
961	1961
2896	3896
767	1767
6642	7642
7047	8047
5464	6464
1074	2074
9041	10041
6084	7084
9491	10491
5826	6826
7832	8832
638	1638
4371	5371
3933	4933
7977	8977
4619	5619
4202	5202
7300	8300
4577	5577
3286	4286
804	1804
2406	3406
5813	6813
6884	7884
7285	8285
6921	7921
7065	8065
5072	6072
6100	7100
2969	3969
7824	8824
8311	9311
4855	5855
4126	5126
8086	9086
4626	5626
3358	4358
7758	8758
2332	3332
420	1420
5980	6980
1506	2506
6368	7368
7697	8697
8350	9350
4095	5095
7903	8903
3523	4523
1508	2508
4199	5199
1746	2746
9165	10165
3716	4716
6020	7020
3537	4537
711	1711
3692	4692
3165	4165
6256	7256
9281	10281
4219	5219
9511	10511
2905	3905
3307	4307
6463	7463
6354	7354
8734	9734
8397	9397
6831	7831
7195	8195
6007	7007
9687	10687
5109	6109
1184	2184
6949	7949
2071	3071
5847	6847
9493	10493
7597	8597
8748	9748
4039	5039
446	1446
1989	2989
5649	6649
5206	6206
5922	6922
6388	7388
3782	4782
9729	10729
1939	2939
6581	7581
7620	8620
8039	9039
2160	3160
9269	10269
822	1822
9000	10000
6592	7592
4201	5201
1628	2628
1750	2750
3389	4389
1462	2462
7322	8322
3631	4631
9212	10212
1387	2387
3142	4142
6477	7477
8520	9520
3298	4298
5229	6229
4959	5959
3939	4939
4009	5009
9379	10379
6629	7629
4687	5687
8571	9571
7005	8005
6441	7441
3680	4680
9126	10126
9376	10376
5484	6484
2618	3618
2601	3601
3909	4909
3180	4180
8388	9388
2808	3808
8304	9304
4497	5497
2142	3142
4269	5269
9170	10170
9060	10060
230	1230
124	1124
8141	9141
954	1954
6339	7339
3698	4698
6617	7617
9546	10546
8617	9617
7865	8865
7398	8398
1332	2332
4032	5032
6515	7515
6788	7788
9078	10078
1460	2460
8780	9780
283	1283
996	1996
6872	7872
7545	8545
4481	5481
8784	9784
1112	2112
4592	5592
3248	4248
3941	4941
5933	6933
9955	10955
38	1038
5931	6931
5820	6820
4704	5704
4823	5823
7765	8765
7158	8158
3	1003
3325	4325
7627	8627
6465	7465
8304	9304
4048	5048
2277	3277
384	1384
5522	6522
6271	7271
9053	10053
7903	8903
6396	7396
6021	7021
9988	10988
1161	2161
4932	5932
5146	6146
5292	6292
2389	3389
2371	3371
9960	10960
8838	9838
8980	9980
3860	4860
2280	3280
6864	7864
770	1770
4804	5804
5235	6235
5708	6708
4082	5082
7654	8654
4139	5139
7841	8841
7450	8450
3946	4946
810	1810
8534	9534
7771	8771
1789	2789
8716	9716
7758	8758
2061	3061
6575	7575
5933	6933
6705	7705
3124	4124
7146	8146
217	1217
4560	5560
6480	7480
5640	6640
8410	9410
780	1780
230	1230
2490	3490
5757	6757
4981	5981
4223	5223
4147	5147
2313	3313
7759	8759
4474	5474
3153	4153
7946	8946
7669	8669
5110	6110
5616	6616
3079	4079
6349	7349
5219	6219
6861	7861
2933	3933
268	1268
6367	7367
9768	10768
4413	5413
8778	9778
3017	4017
4213	5213
6491	7491
4268	5268
6206	7206
7610	8610
7679	8679
607	1607
6867	7867
2579	3579
2075	3075
3867	4867
5774	6774
8713	9713
965	1965
6419	7419
3680	4680
467	1467
5666	6666
1653	2653
3776	4776
8623	9623
2242	3242
8532	9532
8251	9251
5756	6756
5755	6755
1138	2138
662	1662
3925	4925
9173	10173
2459	3459
2319	3319
5078	6078
1247	2247
9205	10205
2466	3466
9685	10685
7302	8302
486	1486
4345	5345
6799	7799
1186	2186
745	1745
8586	9586
5147	6147
7067	8067
4916	5916
1970	2970
6417	7417
7287	8287
1748	2748
307	1307
582	1582
1999	2999
5460	6460
1169	2169
9450	10450
9265	10265
8041	9041
6918	7918
7254	8254
5691	6691
6452	7452
3023	4023
4884	5884
787	1787
1875	2875
5932	6932
1236	2236
2612	3612
7973	8973
2611	3611
4236	5236
2971	3971
6305	7305
5696	6696
2445	3445
3348	4348
383	1383
6813	7813
8326	9326
3784	4784
2261	3261
8174	9174
6987	7987
8215	9215
7989	8989
7342	8342
5246	6246
9803	10803
5456	6456
4373	5373
7418	8418
1815	2815
5798	6798
1761	2761
6924	7924
3658	4658
7450	8450
4613	5613
1962	2962
2001	3001
661	1661
8043	9043
2996	3996
8071	9071
125	1125
6001	7001
7116	8116
5166	6166
731	1731
2039	3039
758	1758
5881	6881
1338	2338
9905	10905
9667	10667
4360	5360
4403	5403
263	1263
9806	10806
332	1332
3148	4148
3468	4468
5026	6026
9273	10273
9741	10741
7943	8943
891	1891
683	1683
8436	9436
4268	5268
2448	3448
7738	8738
5075	6075
7664	8664
4725	5725
8659	9659
1956	2956
5332	6332
7818	8818
848	1848
9285	10285
3224	4224
5124	6124
737	1737
3266	4266
4573	5573
8425	9425
7580	8580
5912	6912
3497	4497
1340	2340
2849	3849
6772	7772
6533	7533
1126	2126
