500	2689605
5295	6295
1299	2299
2066	3066
6449	7449
3597	4597
2808	3808
4840	5840
3852	4852
4422	5422
9816	10816
57	1057
9609	10609
8485	9485
8934	9934
3614	4614
9300	10300
3197	4197
4063	5063
2590	3590
6192	7192
7454	8454
5464	6464
1964	2964
6325	7325
7763	8763
4921	5921
9776	10776
6501	7501
807	1807
4134	5134
3218	4218
8758	9758
1227	2227
341	1341
1533	2533
8082	9082
7885	8885
4819	5819
5812	6812
4960	5960
4387	5387
7000	8000
3322	4322
1606	2606
593	1593
2507	3507
4171	5171
3280	4280
5945	6945
6002	7002
9785	10785
8516	9516
8634	9634
7413	8413
9651	10651
2595	3595
6643	7643
3699	4699
8249	9249
1091	2091
4032	5032
6995	7995
2783	3783
9595	10595
6808	7808
2705	3705
2750	3750
5611	6611
6307	7307
8938	9938
3793	4793
788	1788
188	1188
5178	6178
330	1330
2541	3541
8090	9090
9125	10125
4282	5282
2289	3289
2722	3722
4388	5388
143	1143
7124	8124
4229	5229
5949	6949
8452	9452
285	1285
79	1079
6983	7983
3962	4962
7776	8776
7607	8607
7097	8097
4522	5522
557	1557
6429	7429
8344	9344
1527	2527
8407	9407
8778	9778
1662	2662
2207	3207
3545	4545
8895	9895
5540	6540
848	1848
5648	6648
8287	9287
9986	10986
3394	4394
9227	10227
7071	8071
4561	5561
406	1406
2880	3880
8525	9525
2658	3658
7744	8744
8257	9257
1453	2453
5870	6870
6037	7037
3570	4570
5609	6609
9993	10993
2791	3791
7025	8025
3375	4375
5763	6763
8530	9530
5971	6971
4997	5997
1207	2207
9091	10091
1446	2446
9419	10419
3077	4077
6386	7386
8317	9317
5963	6963
4784	5784
2546	3546
1178	2178
1229	2229
105	1105
2898	3898
2332	3332
9452	10452
5687	6687
3823	4823
9249	10249
1411	2411
1338	2338
4899	5899
1407	2407
5332	6332
31	1031
652	1652
7194	8194
4431	5431
151	1151
554	1554
9055	10055
1173	2173
3272	4272
6312	7312
4872	5872
6458	7458
8456	9456
979	1979
4784	5784
8406	9406
7879	8879
9073	10073
780	1780
9126	10126
1779	2779
3153	4153
5863	6863
3456	4456
7033	8033
201	1201
6865	7865
604	1604
2332	3332
4908	5908
3220	4220
9393	10393
7800	8800
4723	5723
714	1714
695	1695
3901	4901
7193	8193
9554	10554
4731	5731
1027	2027
3824	4824
2265	3265
708	1708
9876	10876
6541	7541
1855	2855
7284	8284
4096	5096
7094	8094
31	1031
9780	10780
3553	4553
7673	8673
2323	3323
4368	5368
4048	5048
7580	8580
5444	6444
5301	6301
1801	2801
6011	7011
4017	5017
6847	7847
5282	6282
53	1053
2613	3613
914	1914
8846	9846
7358	8358
40	1040
5106	6106
6567	7567
9269	10269
7293	8293
6550	7550
3051	4051
7937	8937
9393	10393
6665	7665
166	1166
5826	6826
2619	3619
7399	8399
9641	10641
5024	6024
8722	9722
5263	6263
954	1954
1359	2359
7163	8163
5489	6489
5246	6246
910	1910
8310	9310
410	1410
1856	2856
4250	5250
8939	9939
1019	2019
3755	4755
3061	4061
9544	10544
1460	2460
5019	6019
4010	5010
8159	9159
5290	6290
4560	5560
5318	6318
8562	9562
1975	2975
9974	10974
3371	4371
5140	6140
7456	8456
932	1932
3076	4076
6116	7116
3629	4629
9347	10347
938	1938
3526	4526
9457	10457
3061	4061
9846	10846
5491	6491
4448	5448
1160	2160
8109	9109
1057	2057
7154	8154
1755	2755
440	1440
9957	10957
8091	9091
577	1577
8711	9711
963	1963
4438	5438
2830	3830
2568	3568
8037	9037
2122	3122
3797	4797
8442	9442
9713	10713
58	1058
9344	10344
9170	10170
2433	3433
9305	10305
3307	4307
7081	8081
8787	9787
4819	5819
1826	2826
816	1816
311	1311
1475	2475
4305	5305
3846	4846
9943	10943
5658	6658
8147	9147
7720	8720
8724	9724
2456	3456
3971	4971
1842	2842
3342	4342
7778	8778
3398	4398
1673	2673
7261	8261
4388	5388
9221	10221
1995	2995
1240	2240
2886	3886
4979	5979
6092	7092
4671	5671
3240	4240
1203	2203
5778	6778
6968	7968
6135	7135
7429	8429
5262	6262
700	1700
4970	5970
9975	10975
4926	5926
3920	4920
2828	3828
3487	4487
8299	9299
6058	7058
685	1685
4768	5768
9637	10637
9110	10110
6373	7373
5890	6890
7460	8460
5526	6526
1387	2387
3080	4080
6258	7258
3347	4347
2620	3620
5981	6981
7862	8862
3599	4599
1557	2557
2699	3699
7889	8889
9459	10459
2949	3949
6320	7320
4131	5131
6255	7255
4882	5882
6530	7530
7828	8828
9836	10836
3510	4510
5351	6351
5083	6083
4249	5249
9923	10923
868	1868
1300	2300
4832	5832
9090	10090
1476	2476
3640	4640
5735	6735
1380	2380
3151	4151
4210	5210
6698	7698
7173	8173
8585	9585
1365	2365
8204	9204
1998	2998
8710	9710
1991	2991
1088	2088
1920	2920
4145	5145
2437	3437
6691	7691
8184	9184
8782	9782
3019	4019
1250	2250
7998	8998
8260	9260
4857	5857
5262	6262
5507	6507
5084	6084
6947	7947
7220	8220
1033	2033
3078	4078
6732	7732
2978	3978
5069	6069
294	1294
8190	9190
2688	3688
9409	10409
9028	10028
2229	3229
8316	9316
7479	8479
3620	4620
9887	10887
9875	10875
1026	2026
7458	8458
9679	10679
967	1967
8039	9039
4949	5949
696	1696
311	1311
7934	8934
1817	2817
9170	10170
353	1353
1802	2802
1811	2811
6426	7426
7595	8595
3285	4285
4395	5395
1724	2724
5369	6369
6489	7489
9833	10833
253	1253
4596	5596
7538	8538
9236	10236
9136	10136
721	1721
4795	5795
9744	10744
5355	6355
1081	2081
7722	8722
381	1381
6311	7311
6825	7825
3492	4492
8021	9021
8345	9345
890	1890
8495	9495
9775	10775
6877	7877
3989	4989
100	1100
4090	5090
6742	7742
1814	2814
945	1945
3663	4663
4333	5333
7559	8559
5373	6373
7354	8354
7515	8515
3424	4424
7583	8583
2780	3780
9674	10674
4599	5599
