500	2727406
2993	3993
4222	5222
9571	10571
6444	7444
8256	9256
3415	4415
8507	9507
4431	5431
4697	5697
1830	2830
1623	2623
7962	8962
9268	10268
4763	5763
2908	3908
2420	3420
1274	2274
2496	3496
3523	4523
6948	7948
9050	10050
713	1713
6235	7235
3554	4554
6106	7106
1310	2310
5580	6580
1643	2643
542	1542
6644	7644
47	1047
1511	2511
2284	3284
9297	10297
7438	8438
5383	6383
951	1951
7523	8523
8705	9705
1708	2708
7213	8213
1607	2607
4291	5291
8540	9540
4276	5276
7972	8972
3873	4873
8160	9160
1858	2858
928	1928
8035	9035
3055	4055
6471	7471
2289	3289
6099	7099
8243	9243
8559	9559
9	1009
8226	9226
4442	5442
4617	5617
886	1886
7102	8102
8630	9630
6364	7364
7001	8001
6171	7171
2911	3911
9579	10579
6027	7027
3904	4904
3294	4294
2752	3752
7171	8171
7250	8250
3818	4818
923	1923
5054	6054
7082	8082
2926	3926
311	1311
1454	2454
3009	4009
1837	2837
4945	5945
6154	7154
1422	2422
7299	8299
5049	6049
3781	4781
4752	5752
7349	8349
6384	7384
9350	10350
6971	7971
9743	10743
5870	6870
4120	5120
7817	8817
8610	9610
2449	3449
6873	7873
867	1867
8613	9613
4929	5929
6584	7584
6723	7723
5024	6024
233	1233
79	1079
9595	10595
1402	2402
9123	10123
8986	9986
2362	3362
2999	3999
9842	10842
4411	5411
8674	9674
3752	4752
1865	2865
275	1275
8262	9262
5380	6380
3925	4925
1164	2164
9004	10004
6329	7329
466	1466
9647	10647
3569	4569
4622	5622
7382	8382
4254	5254
4714	5714
2927	3927
9489	10489
2932	3932
9517	10517
9717	10717
63	1063
1650	2650
2222	3222
5944	6944
5751	6751
6197	7197
1794	2794
2737	3737
243	1243
2634	3634
4385	5385
5486	6486
5706	6706
6908	7908
4478	5478
8978	9978
3011	4011
8758	9758
7717	8717
9909	10909
5343	6343
3835	4835
1122	2122
3067	4067
3131	4131
5755	6755
1224	2224
2030	3030
2639	3639
2273	3273
8684	9684
3959	4959
7179	8179
9149	10149
9736	10736
9926	10926
16	1016
9924	10924
6273	7273
4557	5557
9902	10902
8313	9313
5561	6561
7221	8221
7556	8556
4473	5473
1113	2113
3559	4559
2253	3253
4376	5376
63	1063
1009	2009
8455	9455
1380	2380
2236	3236
7368	8368
9779	10779
7846	8846
3997	4997
6231	7231
2843	3843
3671	4671
1141	2141
5544	6544
6334	7334
4650	5650
4144	5144
4933	5933
8575	9575
1061	2061
6483	7483
831	1831
7036	8036
6776	7776
9291	10291
29	1029
1397	2397
4382	5382
9567	10567
169	1169
4158	5158
4374	5374
4574	5574
5609	6609
7607	8607
2361	3361
6120	7120
2441	3441
3070	4070
4676	5676
5383	6383
9739	10739
2495	3495
5423	6423
1389	2389
9887	10887
6467	7467
9106	10106
7652	8652
3185	4185
2088	3088
7084	8084
2484	3484
3460	4460
2374	3374
9728	10728
6512	7512
7174	8174
4846	5846
1213	2213
675	1675
5496	6496
864	1864
7240	8240
2777	3777
9817	10817
1181	2181
4853	5853
4455	5455
8112	9112
6057	7057
5779	6779
8745	9745
6638	7638
3989	4989
4029	5029
6571	7571
8274	9274
21	1021
8427	9427
9732	10732
5905	6905
5130	6130
5454	6454
5515	6515
7208	8208
4327	5327
7936	8936
2303	3303
2836	3836
4227	5227
6652	7652
7617	8617
6983	7983
1032	2032
6100	7100
8420	9420
2556	3556
7970	8970
9111	10111
9853	10853
5849	6849
1826	2826
7703	8703
4400	5400
5738	6738
7890	8890
7557	8557
924	1924
2111	3111
5710	6710
2291	3291
3532	4532
5453	6453
782	1782
5668	6668
4389	5389
5597	6597
3375	4375
5492	6492
3083	4083
8165	9165
7831	8831
9882	10882
2633	3633
8095	9095
1253	2253
6002	7002
2384	3384
8197	9197
5959	6959
3546	4546
9338	10338
5499	6499
909	1909
7023	8023
8224	9224
3720	4720
8700	9700
4518	5518
3570	4570
7988	8988
9814	10814
8585	9585
9857	10857
8976	9976
3505	4505
7248	8248
285	1285
727	1727
9338	10338
8951	9951
2146	3146
7415	8415
7534	8534
6081	7081
2528	3528
3930	4930
6871	7871
7112	8112
7763	8763
2785	3785
4364	5364
8772	9772
8018	9018
5460	6460
3513	4513
9312	10312
1162	2162
4394	5394
6832	7832
6912	7912
3996	4996
9992	10992
9322	10322
8821	9821
6865	7865
7656	8656
7710	8710
5655	6655
3673	4673
5553	6553
4418	5418
7180	8180
8539	9539
864	1864
9869	10869
685	1685
7558	8558
2689	3689
6338	7338
5175	6175
6851	7851
379	1379
57	1057
3945	4945
495	1495
1981	2981
1018	2018
731	1731
5342	6342
9969	10969
9585	10585
4818	5818
6449	7449
7368	8368
8749	9749
3779	4779
3867	4867
6109	7109
9142	10142
2188	3188
1443	2443
8253	9253
5148	6148
9259	10259
9846	10846
1041	2041
956	1956
4202	5202
4487	5487
3167	4167
608	1608
2947	3947
4987	5987
6520	7520
8645	9645
75	1075
2892	3892
4478	5478
2054	3054
4174	5174
5589	6589
234	1234
8955	9955
7204	8204
4584	5584
6138	7138
9722	10722
9423	10423
1420	2420
5369	6369
7325	8325
7935	8935
771	1771
1269	2269
851	1851
2986	3986
3632	4632
6383	7383
119	1119
4131	5131
4272	5272
6094	7094
1320	2320
4294	5294
5569	6569
5541	6541
621	1621
4480	5480
7378	8378
2508	3508
7783	8783
5202	6202
7968	8968
3059	4059
9514	10514
6525	7525
6436	7436
2920	3920
9488	10488
5791	6791
6785	7785
7835	8835
4099	5099
1753	2753
9280	10280
1604	2604
6693	7693
6622	7622
2880	3880
847	1847
3254	4254
1593	2593
190	1190
4047	5047
1667	2667
2731	3731
3409	4409
3386	4386
7846	8846
1297	2297
6123	7123
3718	4718
5101	6101
6557	7557
3671	4671
2641	3641
7959	8959
5903	6903
51	1051
456	1456
4976	5976
5683	6683
6354	7354
1338	2338
1116	2116
9907	10907
8285	9285
2377	3377
