500	301614
9919	10919
755	1755
2289	3289
1783	2783
2938	3938
4484	5484
613	1613
5870	6870
1813	2813
9073	10073
2180	3180
959	1959
9808	10808
7152	8152
9906	10906
1904	2904
4410	5410
3385	4385
3656	4656
2683	3683
4552	5552
3255	4255
7473	8473
657	1657
2597	3597
1686	2686
4564	5564
5631	6631
8260	9260
1487	2487
9117	10117
3254	4254
5217	6217
881	1881
2495	3495
4216	5216
1109	2109
3086	4086
4597	5597
8937	9937
453	1453
8853	9853
7908	8908
5212	6212
3263	4263
6297	7297
8084	9084
8123	9123
6298	7298
2253	3253
8338	9338
4467	5467
9033	10033
6025	7025
9556	10556
1989	2989
6839	7839
1565	2565
52	1052
8945	9945
6698	7698
8531	9531
1689	2689
6902	7902
6377	7377
8183	9183
4175	5175
7455	8455
8631	9631
8234	9234
5799	6799
3777	4777
4821	5821
8164	9164
833	1833
2442	3442
8666	9666
6538	7538
8362	9362
7569	8569
1735	2735
4448	5448
1454	2454
9138	10138
9323	10323
4471	5471
4567	5567
8375	9375
8143	9143
5652	6652
5880	6880
9907	10907
1538	2538
5141	6141
9456	10456
1415	2415
2513	3513
7921	8921
3863	4863
1251	2251
3718	4718
5421	6421
5309	6309
7256	8256
6889	7889
1288	2288
686	1686
4999	5999
5659	6659
6487	7487
101	1101
5688	6688
880	1880
5258	6258
6330	7330
2267	3267
2305	3305
4847	5847
3137	4137
4488	5488
6175	7175
8768	9768
1235	2235
772	1772
8631	9631
9131	10131
2994	3994
6709	7709
1761	2761
2282	3282
4866	5866
7216	8216
4211	5211
4278	5278
1336	2336
5257	6257
9100	10100
9688	10688
7814	8814
5068	6068
6326	7326
5309	6309
2732	3732
7418	8418
4288	5288
5608	6608
3166	4166
2042	3042
9484	10484
3028	4028
5940	6940
71	1071
652	1652
8836	9836
1777	2777
2046	3046
2171	3171
5806	6806
845	1845
5492	6492
2043	3043
9322	10322
112	1112
8040	9040
5476	6476
233	1233
5667	6667
7108	8108
1953	2953
3581	4581
588	1588
4773	5773
7807	8807
2781	3781
7628	8628
4854	5854
2176	3176
5462	6462
7709	8709
7462	8462
2468	3468
8555	9555
1181	2181
2371	3371
7110	8110
1698	2698
5699	6699
8528	9528
2626	3626
8943	9943
5375	6375
9372	10372
6742	7742
7526	8526
3340	4340
7562	8562
678	1678
2319	3319
202	1202
1692	2692
1113	2113
3254	4254
6784	7784
2229	3229
1888	2888
607	1607
9645	10645
4699	5699
4560	5560
5951	6951
6065	7065
8669	9669
7974	8974
276	1276
9429	10429
5782	6782
6674	7674
5662	6662
2218	3218
8256	9256
756	1756
8342	9342
3039	4039
4035	5035
1800	2800
5420	6420
7845	8845
3542	4542
1422	2422
150	1150
31	1031
3015	4015
7184	8184
6861	7861
9542	10542
2112	3112
5947	6947
7076	8076
9022	10022
5838	6838
4867	5867
7457	8457
6118	7118
3384	4384
5345	6345
7074	8074
7931	8931
6305	7305
9012	10012
9768	10768
5736	6736
1357	2357
5038	6038
8668	9668
7055	8055
5454	6454
6637	7637
8173	9173
8686	9686
3839	4839
6589	7589
3111	4111
6706	7706
6008	7008
1732	2732
9827	10827
4682	5682
8297	9297
5902	6902
8676	9676
9307	10307
589	1589
7560	8560
351	1351
4697	5697
639	1639
828	1828
5832	6832
9587	10587
1108	2108
4433	5433
4075	5075
4050	5050
7469	8469
6400	7400
8843	9843
4183	5183
9155	10155
2184	3184
3699	4699
3938	4938
4615	5615
9600	10600
4982	5982
1412	2412
2637	3637
7387	8387
7899	8899
9874	10874
2304	3304
2802	3802
3227	4227
8549	9549
307	1307
479	1479
4771	5771
1850	2850
9051	10051
4408	5408
3805	4805
9992	10992
9972	10972
6477	7477
1942	2942
1374	2374
2108	3108
3348	4348
2316	3316
4914	5914
5493	6493
2488	3488
8273	9273
8534	9534
9304	10304
4488	5488
8871	9871
4487	5487
481	1481
5499	6499
6652	7652
3409	4409
7587	8587
2292	3292
4339	5339
3351	4351
9601	10601
4491	5491
4424	5424
4577	5577
8208	9208
4258	5258
7580	8580
579	1579
9552	10552
1919	2919
4792	5792
1963	2963
836	1836
7211	8211
6262	7262
5166	6166
9700	10700
1835	2835
8974	9974
2599	3599
7262	8262
4590	5590
8349	9349
7495	8495
658	1658
1331	2331
6254	7254
2325	3325
9336	10336
5496	6496
9046	10046
344	1344
7880	8880
9337	10337
7737	8737
3910	4910
2090	3090
7488	8488
5093	6093
6764	7764
1822	2822
4290	5290
1500	2500
2793	3793
958	1958
8306	9306
1003	2003
1891	2891
8068	9068
8015	9015
7417	8417
2528	3528
1024	2024
8154	9154
6689	7689
8811	9811
2391	3391
8889	9889
2347	3347
9100	10100
3233	4233
9007	10007
4737	5737
9525	10525
1019	2019
411	1411
9825	10825
3853	4853
2413	3413
9127	10127
2116	3116
5091	6091
4754	5754
4425	5425
9083	10083
7710	8710
6904	7904
1227	2227
417	1417
9535	10535
7954	8954
7027	8027
6010	7010
3132	4132
1461	2461
2649	3649
4167	5167
6741	7741
7167	8167
4631	5631
2210	3210
7701	8701
6899	7899
7822	8822
4689	5689
8041	9041
9315	10315
150	1150
5141	6141
7496	8496
2611	3611
7457	8457
7563	8563
7472	8472
613	1613
7929	8929
2745	3745
9345	10345
1736	2736
2925	3925
7320	8320
2079	3079
5211	6211
196	1196
7690	8690
3312	4312
9288	10288
1849	2849
4034	5034
9450	10450
3535	4535
1099	2099
222	1222
6855	7855
4157	5157
7381	8381
7783	8783
9682	10682
4712	5712
8005	9005
9289	10289
6460	7460
5218	6218
1610	2610
64	1064
942	1942
4020	5020
556	1556
8133	9133
4815	5815
3346	4346
9226	10226
18	1018
8224	9224
1926	2926
6089	7089
3311	4311
2784	3784
6021	7021
76	1076
8725	9725
9042	10042
3720	4720
7280	8280
3058	4058
9165	10165
6299	7299
149	1149
4287	5287
8865	9865
1897	2897
2730	3730
7809	8809
1036	2036
2201	3201
