500	1497849
6434	7434
6175	7175
5993	6993
3070	4070
8738	9738
7877	8877
7349	8349
4125	5125
1451	2451
4145	5145
7021	8021
4288	5288
2642	3642
6419	7419
3309	4309
767	1767
5293	6293
6103	7103
5642	6642
1631	2631
9015	10015
1657	2657
4954	5954
1066	2066
4888	5888
5249	6249
9663	10663
2073	3073
98	1098
8901	9901
6735	7735
3641	4641
4055	5055
8843	9843
713	1713
4035	5035
8973	9973
8921	9921
1141	2141
3070	4070
4037	5037
4408	5408
8416	9416
8082	9082
5961	6961
3466	4466
5007	6007
887	1887
7613	8613
927	1927
4706	5706
7357	8357
6725	7725
8501	9501
6988	7988
9997	10997
4973	5973
5508	6508
4495	5495
6860	7860
8264	9264
7717	8717
8836	9836
9063	10063
93	1093
2275	3275
3413	4413
2583	3583
8649	9649
4355	5355
2785	3785
9302	10302
1699	2699
6019	7019
9505	10505
1796	2796
2363	3363
6655	7655
1663	2663
3638	4638
9334	10334
1470	2470
231	1231
4600	5600
7965	8965
815	1815
8674	9674
1018	2018
8073	9073
3284	4284
3265	4265
7324	8324
1793	2793
1034	2034
1675	2675
7634	8634
2935	3935
6190	7190
4839	5839
3380	4380
525	1525
6074	7074
267	1267
8975	9975
5740	6740
2254	3254
2611	3611
149	1149
849	1849
2270	3270
458	1458
1839	2839
4135	5135
7144	8144
3416	4416
8296	9296
1915	2915
2117	3117
190	1190
2080	3080
1631	2631
4767	5767
9975	10975
2548	3548
511	1511
662	1662
81	1081
6496	7496
7562	8562
7770	8770
5825	6825
8597	9597
4587	5587
9138	10138
9731	10731
7452	8452
9570	10570
377	1377
516	1516
8810	9810
5517	6517
3008	4008
3931	4931
315	1315
2912	3912
6715	7715
7613	8613
9615	10615
3647	4647
7242	8242
670	1670
4224	5224
3505	4505
158	1158
4931	5931
9170	10170
4491	5491
9058	10058
8539	9539
9423	10423
7212	8212
4793	5793
9253	10253
8088	9088
7219	8219
3897	4897
3966	4966
8428	9428
8373	9373
6653	7653
8716	9716
2901	3901
2656	3656
6156	7156
5560	6560
2084	3084
9065	10065
4972	5972
9221	10221
8806	9806
4256	5256
6845	7845
9391	10391
3366	4366
8680	9680
2887	3887
1863	2863
707	1707
3776	4776
5538	6538
7690	8690
6803	7803
8199	9199
2961	3961
8075	9075
559	1559
2523	3523
2619	3619
6697	7697
4581	5581
4830	5830
2646	3646
4465	5465
8927	9927
9532	10532
1390	2390
3619	4619
4756	5756
9870	10870
6310	7310
130	1130
7064	8064
7508	8508
8018	9018
1574	2574
7842	8842
3196	4196
3025	4025
8106	9106
2607	3607
5370	6370
9362	10362
7056	8056
9108	10108
2568	3568
638	1638
5999	6999
2558	3558
5376	6376
11	1011
5805	6805
485	1485
7099	8099
3994	4994
2054	3054
8397	9397
9313	10313
1245	2245
925	1925
7563	8563
5618	6618
1153	2153
1364	2364
3570	4570
1711	2711
2026	3026
4999	5999
9181	10181
3638	4638
410	1410
530	1530
5923	6923
7998	8998
8340	9340
5202	6202
3622	4622
9452	10452
5155	6155
7909	8909
5265	6265
118	1118
1642	2642
4535	5535
6092	7092
9315	10315
4034	5034
7713	8713
5396	6396
4557	5557
4672	5672
7241	8241
4585	5585
6281	7281
2430	3430
8904	9904
1310	2310
6770	7770
2233	3233
7265	8265
4831	5831
6578	7578
1071	2071
6446	7446
3710	4710
4858	5858
6971	7971
6025	7025
7872	8872
9600	10600
4474	5474
9771	10771
6783	7783
5956	6956
1978	2978
2611	3611
3450	4450
568	1568
6903	7903
13	1013
823	1823
5232	6232
878	1878
3941	4941
4689	5689
8723	9723
4700	5700
9732	10732
5072	6072
1298	2298
9475	10475
7124	8124
8209	9209
3559	4559
9092	10092
4615	5615
541	1541
5732	6732
5328	6328
6734	7734
4968	5968
2591	3591
9294	10294
4073	5073
1544	2544
1579	2579
5049	6049
4167	5167
9181	10181
7012	8012
2425	3425
1976	2976
8673	9673
8432	9432
4117	5117
9727	10727
621	1621
4510	5510
5168	6168
976	1976
9213	10213
8995	9995
8673	9673
9291	10291
5875	6875
393	1393
2639	3639
9313	10313
5026	6026
1378	2378
6132	7132
2159	3159
4835	5835
1355	2355
5280	6280
8363	9363
338	1338
5640	6640
3124	4124
9439	10439
8744	9744
932	1932
1797	2797
2938	3938
6585	7585
4780	5780
4419	5419
8417	9417
5738	6738
2139	3139
2592	3592
4563	5563
1407	2407
9357	10357
4612	5612
9577	10577
4609	5609
444	1444
369	1369
127	1127
903	1903
3362	4362
7124	8124
21	1021
6212	7212
5914	6914
9184	10184
2541	3541
2439	3439
9794	10794
2528	3528
6406	7406
3409	4409
2964	3964
1465	2465
7985	8985
7771	8771
2689	3689
8234	9234
9715	10715
741	1741
7877	8877
3204	4204
8247	9247
1881	2881
3276	4276
943	1943
4071	5071
3675	4675
7094	8094
1212	2212
8986	9986
9903	10903
679	1679
4637	5637
9966	10966
6718	7718
5537	6537
4865	5865
7947	8947
5090	6090
8876	9876
9982	10982
1888	2888
6980	7980
9845	10845
6233	7233
1658	2658
2755	3755
8539	9539
2860	3860
2944	3944
3330	4330
7516	8516
5180	6180
9210	10210
3934	4934
593	1593
1177	2177
3237	4237
9145	10145
654	1654
3733	4733
4964	5964
3664	4664
1381	2381
2274	3274
8825	9825
5645	6645
2415	3415
1886	2886
5192	6192
8371	9371
8511	9511
7527	8527
8860	9860
9417	10417
9168	10168
7757	8757
3004	4004
7465	8465
2996	3996
1278	2278
1015	2015
5607	6607
6647	7647
5255	6255
8014	9014
7972	8972
6942	7942
727	1727
1980	2980
8226	9226
5184	6184
3645	4645
1523	2523
661	1661
9691	10691
2919	3919
792	1792
2576	3576
7366	8366
9356	10356
7403	8403
6834	7834
9033	10033
6915	7915
2783	3783
1739	2739
2624	3624
2842	3842
1685	2685
5890	6890
3213	4213
724	1724
6430	7430
4966	5966
9447	10447
7253	8253
5436	6436
8237	9237
