500	1509668
7961	8961
4317	5317
8061	9061
1650	2650
5707	6707
7977	8977
5928	6928
9046	10046
7361	8361
219	1219
2905	3905
8940	9940
1425	2425
1807	2807
4895	5895
5249	6249
4143	5143
5184	6184
4927	5927
8251	9251
5644	6644
4012	5012
8364	9364
4943	5943
5753	6753
1036	2036
7292	8292
7644	8644
9387	10387
9900	10900
7391	8391
4165	5165
5756	6756
8693	9693
7712	8712
3665	4665
19	1019
3488	4488
3676	4676
7917	8917
8843	9843
4066	5066
5209	6209
4264	5264
8148	9148
3297	4297
7969	8969
1518	2518
83	1083
9222	10222
2336	3336
431	1431
488	1488
9767	10767
1905	2905
9029	10029
8547	9547
9197	10197
2841	3841
6023	7023
4220	5220
340	1340
8249	9249
498	1498
4985	5985
4577	5577
859	1859
7148	8148
3382	4382
9328	10328
3482	4482
8542	9542
3975	4975
2265	3265
8903	9903
6395	7395
1100	2100
719	1719
6628	7628
7467	8467
929	1929
4927	5927
715	1715
6743	7743
4856	5856
6286	7286
9345	10345
699	1699
9282	10282
7271	8271
1136	2136
5084	6084
6850	7850
9713	10713
6871	7871
3166	4166
2724	3724
256	1256
4725	5725
5239	6239
993	1993
9707	10707
6576	7576
9412	10412
4480	5480
2420	3420
8203	9203
2016	3016
7449	8449
8989	9989
1937	2937
8278	9278
6696	7696
2995	3995
4797	5797
43	1043
6852	7852
8821	9821
544	1544
2648	3648
2427	3427
7160	8160
9405	10405
3818	4818
8612	9612
8512	9512
548	1548
1103	2103
9959	10959
9996	10996
1965	2965
4483	5483
213	1213
9156	10156
8159	9159
6091	7091
66	1066
5262	6262
4065	5065
4772	5772
8761	9761
3613	4613
8159	9159
7703	8703
7249	8249
9714	10714
1603	2603
7379	8379
9303	10303
3109	4109
8252	9252
189	1189
3963	4963
3176	4176
7665	8665
9528	10528
4941	5941
1020	2020
5623	6623
6332	7332
1616	2616
8379	9379
7755	8755
3609	4609
1529	2529
4813	5813
393	1393
1122	2122
2768	3768
5042	6042
2192	3192
8232	9232
93	1093
7142	8142
3748	4748
9203	10203
6873	7873
6580	7580
3549	4549
9787	10787
3165	4165
5445	6445
9723	10723
3364	4364
3025	4025
685	1685
6893	7893
3667	4667
5543	6543
5889	6889
72	1072
8986	9986
5107	6107
8311	9311
7002	8002
8662	9662
4892	5892
2658	3658
285	1285
7993	8993
156	1156
7299	8299
4519	5519
7815	8815
9518	10518
9052	10052
4236	5236
3797	4797
8099	9099
5875	6875
9973	10973
8140	9140
8348	9348
8202	9202
5351	6351
4133	5133
9688	10688
974	1974
46	1046
1041	2041
1716	2716
5996	6996
2509	3509
9343	10343
3670	4670
8162	9162
8307	9307
1911	2911
7743	8743
1453	2453
5390	6390
1046	2046
6632	7632
4974	5974
9775	10775
5579	6579
1196	2196
7267	8267
5911	6911
7070	8070
1340	2340
4319	5319
6740	7740
544	1544
6948	7948
1788	2788
6167	7167
2013	3013
8470	9470
8219	9219
3975	4975
4184	5184
9874	10874
3616	4616
8447	9447
4549	5549
9460	10460
886	1886
9303	10303
3292	4292
7190	8190
1894	2894
587	1587
5436	6436
8889	9889
2854	3854
1717	2717
7801	8801
5698	6698
862	1862
3199	4199
4012	5012
3698	4698
2196	3196
9995	10995
2735	3735
7666	8666
4672	5672
2922	3922
6793	7793
1082	2082
2631	3631
6272	7272
4542	5542
7003	8003
6133	7133
4154	5154
6546	7546
7300	8300
7194	8194
8246	9246
9924	10924
3293	4293
4741	5741
8407	9407
7497	8497
3869	4869
9624	10624
2254	3254
7682	8682
3722	4722
3902	4902
5826	6826
1439	2439
4255	5255
9826	10826
9025	10025
8744	9744
1718	2718
1226	2226
2963	3963
328	1328
7075	8075
1253	2253
7181	8181
2513	3513
3652	4652
9771	10771
390	1390
7741	8741
2239	3239
1175	2175
5976	6976
9986	10986
3498	4498
6480	7480
1472	2472
7544	8544
7892	8892
5287	6287
1483	2483
7709	8709
5080	6080
6383	7383
240	1240
9630	10630
128	1128
3017	4017
1091	2091
5228	6228
6281	7281
1293	2293
5104	6104
3770	4770
2804	3804
1187	2187
1318	2318
9179	10179
24	1024
7723	8723
9688	10688
3215	4215
1937	2937
3903	4903
8495	9495
1085	2085
8208	9208
3346	4346
3613	4613
853	1853
3290	4290
3422	4422
590	1590
1312	2312
3140	4140
1503	2503
5003	6003
2159	3159
887	1887
4995	5995
7147	8147
7681	8681
2223	3223
9971	10971
3860	4860
3528	4528
377	1377
3714	4714
7769	8769
1805	2805
4096	5096
1700	2700
9063	10063
9828	10828
6491	7491
7015	8015
5170	6170
7386	8386
7531	8531
6348	7348
8286	9286
4157	5157
4343	5343
1722	2722
6496	7496
1713	2713
1088	2088
7075	8075
2310	3310
6823	7823
8625	9625
1508	2508
8848	9848
1664	2664
3774	4774
1674	2674
9713	10713
6925	7925
8932	9932
7088	8088
7641	8641
429	1429
7097	8097
591	1591
2262	3262
1811	2811
8271	9271
655	1655
2040	3040
7067	8067
7935	8935
6901	7901
4604	5604
5821	6821
1716	2716
5423	6423
1509	2509
6476	7476
3061	4061
9291	10291
6950	7950
6158	7158
809	1809
6527	7527
7213	8213
4867	5867
1574	2574
9763	10763
1312	2312
5020	6020
3737	4737
2029	3029
2562	3562
1198	2198
7531	8531
7478	8478
1655	2655
4887	5887
5521	6521
2877	3877
997	1997
8998	9998
1433	2433
5938	6938
9961	10961
1079	2079
7126	8126
9276	10276
1155	2155
8300	9300
8719	9719
9745	10745
5583	6583
7920	8920
5969	6969
2593	3593
9410	10410
8366	9366
3941	4941
1615	2615
9149	10149
2780	3780
2746	3746
5374	6374
7932	8932
6131	7131
4265	5265
2314	3314
6060	7060
5811	6811
2628	3628
504	1504
1546	2546
8293	9293
6945	7945
7400	8400
7597	8597
778	1778
692	1692
343	1343
4272	5272
5684	6684
2807	3807
1855	2855
7782	8782
1243	2243
8385	9385
6646	7646
8056	9056
2613	3613
