500	300954
4868	5868
541	1541
576	1576
3940	4940
7250	8250
6357	7357
6606	7606
5931	6931
9187	10187
5288	6288
7845	8845
3384	4384
2692	3692
1783	2783
8786	9786
8818	9818
1967	2967
2952	3952
3677	4677
7886	8886
1130	2130
5363	6363
767	1767
5618	6618
612	1612
7788	8788
5961	6961
6073	7073
6258	7258
1813	2813
2494	3494
4977	5977
8654	9654
9938	10938
4249	5249
1939	2939
7173	8173
6569	7569
1061	2061
6235	7235
731	1731
6383	7383
336	1336
2773	3773
3618	4618
7830	8830
2445	3445
3784	4784
7940	8940
783	1783
5680	6680
7208	8208
6075	7075
6759	7759
97	1097
2973	3973
389	1389
1835	2835
6809	7809
8117	9117
2058	3058
7519	8519
6861	7861
8369	9369
4889	5889
4715	5715
8565	9565
8486	9486
2087	3087
37	1037
291	1291
6247	7247
7037	8037
7727	8727
706	1706
3697	4697
2353	3353
8837	9837
9645	10645
6519	7519
8557	9557
3145	4145
2378	3378
2218	3218
5010	6010
9698	10698
1136	2136
1204	2204
5368	6368
8241	9241
3392	4392
4886	5886
5037	6037
3191	4191
4709	5709
1160	2160
9995	10995
142	1142
2949	3949
9128	10128
5171	6171
8849	9849
7245	8245
6092	7092
8747	9747
7257	8257
2595	3595
5771	6771
392	1392
293	1293
9055	10055
6960	7960
6281	7281
7874	8874
6574	7574
7657	8657
3977	4977
8152	9152
1211	2211
4282	5282
9705	10705
6496	7496
2243	3243
7317	8317
7701	8701
2380	3380
2833	3833
9970	10970
435	1435
4695	5695
6258	7258
7290	8290
7797	8797
1147	2147
9650	10650
4161	5161
9382	10382
7111	8111
1995	2995
4327	5327
1773	2773
2327	3327
8965	9965
3026	4026
9047	10047
8520	9520
4693	5693
1658	2658
7819	8819
3937	4937
9772	10772
8922	9922
488	1488
4522	5522
7896	8896
4605	5605
9454	10454
5311	6311
6425	7425
2087	3087
1912	2912
5337	6337
5339	6339
6740	7740
5248	6248
663	1663
9747	10747
6931	7931
9561	10561
9477	10477
8444	9444
4555	5555
5358	6358
1476	2476
8346	9346
249	1249
8866	9866
7998	8998
7291	8291
6207	7207
1416	2416
6821	7821
7745	8745
7751	8751
5565	6565
1801	2801
7850	8850
5645	6645
6083	7083
7089	8089
8766	9766
427	1427
2563	3563
2654	3654
338	1338
656	1656
5097	6097
1694	2694
1566	2566
7843	8843
8564	9564
8661	9661
425	1425
1416	2416
8182	9182
6890	7890
405	1405
2727	3727
9201	10201
5596	6596
7373	8373
3302	4302
7702	8702
7079	8079
7457	8457
3351	4351
4195	5195
1290	2290
2433	3433
7077	8077
6152	7152
1407	2407
3962	4962
9100	10100
7564	8564
5840	6840
3279	4279
244	1244
1989	2989
4202	5202
6186	7186
2666	3666
8131	9131
8022	9022
8766	9766
4044	5044
9602	10602
991	1991
3591	4591
9489	10489
8902	9902
1052	2052
862	1862
525	1525
865	1865
5956	6956
5457	6457
296	1296
6484	7484
5282	6282
1137	2137
6527	7527
3809	4809
6744	7744
6116	7116
2002	3002
2075	3075
4483	5483
3516	4516
3820	4820
8292	9292
9827	10827
4551	5551
1805	2805
5613	6613
5755	6755
3420	4420
6426	7426
8460	9460
6349	7349
519	1519
9874	10874
6418	7418
2642	3642
7031	8031
55	1055
5634	6634
9955	10955
772	1772
8702	9702
7076	8076
1369	2369
5865	6865
9114	10114
9188	10188
8802	9802
3460	4460
9546	10546
9615	10615
4741	5741
2854	3854
2304	3304
6667	7667
7264	8264
7858	8858
2863	3863
5730	6730
3968	4968
9068	10068
5726	6726
4131	5131
5129	6129
4694	5694
1055	2055
7899	8899
3545	4545
9258	10258
7871	8871
8726	9726
4203	5203
6487	7487
1013	2013
479	1479
2401	3401
6151	7151
401	1401
1672	2672
2117	3117
4053	5053
7451	8451
773	1773
8588	9588
9685	10685
4127	5127
1847	2847
2489	3489
7803	8803
7870	8870
3948	4948
9634	10634
8046	9046
4304	5304
4972	5972
794	1794
3768	4768
1869	2869
7858	8858
8862	9862
4278	5278
6773	7773
7257	8257
6882	7882
2140	3140
16	1016
9332	10332
2541	3541
505	1505
3704	4704
9408	10408
107	1107
189	1189
6955	7955
2317	3317
8884	9884
5191	6191
5666	6666
2565	3565
2006	3006
8188	9188
1665	2665
3535	4535
7810	8810
4924	5924
112	1112
6044	7044
5697	6697
2271	3271
5742	6742
3000	4000
4421	5421
4463	5463
8100	9100
8563	9563
1549	2549
6469	7469
9375	10375
7394	8394
1667	2667
1042	2042
1027	2027
4015	5015
5299	6299
4018	5018
7179	8179
4149	5149
8263	9263
2022	3022
2994	3994
2774	3774
1250	2250
9634	10634
4564	5564
7502	8502
6346	7346
4306	5306
1413	2413
2848	3848
5780	6780
5711	6711
8367	9367
9689	10689
2868	3868
8550	9550
7943	8943
8577	9577
7231	8231
9569	10569
4052	5052
7626	8626
1425	2425
2975	3975
4585	5585
3116	4116
6886	7886
5972	6972
3428	4428
9459	10459
1313	2313
5217	6217
4062	5062
3287	4287
6846	7846
2256	3256
7292	8292
4847	5847
7814	8814
612	1612
2781	3781
5908	6908
3402	4402
3923	4923
1117	2117
2916	3916
9179	10179
3533	4533
1851	2851
1291	2291
3062	4062
2827	3827
5861	6861
5408	6408
7506	8506
4856	5856
5885	6885
9008	10008
8477	9477
30	1030
9321	10321
9414	10414
991	1991
6658	7658
4001	5001
2296	3296
517	1517
8264	9264
4174	5174
6936	7936
2409	3409
886	1886
9989	10989
3307	4307
9433	10433
4716	5716
9144	10144
4981	5981
6499	7499
4538	5538
208	1208
3635	4635
9006	10006
1909	2909
4587	5587
7974	8974
381	1381
6378	7378
3603	4603
4708	5708
2689	3689
7514	8514
6981	7981
9225	10225
80	1080
6564	7564
9247	10247
7675	8675
1236	2236
3840	4840
4251	5251
789	1789
8142	9142
7357	8357
40	1040
702	1702
7473	8473
2201	3201
6134	7134
53	1053
5023	6023
246	1246
7630	8630
