500	1486827
9014	10014
4628	5628
2865	3865
3592	4592
5756	6756
9169	10169
7002	8002
3514	4514
8159	9159
3770	4770
2505	3505
2434	3434
6067	7067
993	1993
7591	8591
5931	6931
1103	2103
7065	8065
5955	6955
7406	8406
8693	9693
9747	10747
2616	3616
7002	8002
9471	10471
6715	7715
1075	2075
8550	9550
5889	6889
645	1645
443	1443
264	1264
5120	6120
1210	2210
4175	5175
4522	5522
347	1347
3539	4539
4342	5342
7350	8350
9729	10729
381	1381
9752	10752
8631	9631
6580	7580
5390	6390
8132	9132
8069	9069
4122	5122
8895	9895
8036	9036
77	1077
4196	5196
9433	10433
448	1448
9632	10632
2588	3588
8636	9636
1307	2307
1672	2672
7006	8006
2759	3759
1612	2612
8257	9257
4457	5457
5886	6886
3649	4649
2963	3963
9705	10705
8228	9228
593	1593
3500	4500
3677	4677
1766	2766
9451	10451
1662	2662
4571	5571
9092	10092
1131	2131
3073	4073
1833	2833
2132	3132
4286	5286
651	1651
5832	6832
7254	8254
9247	10247
5743	6743
7429	8429
4082	5082
2185	3185
3295	4295
1587	2587
2160	3160
6945	7945
6028	7028
5612	6612
3920	4920
1426	2426
2401	3401
5488	6488
8785	9785
3802	4802
4492	5492
2594	3594
3377	4377
7643	8643
300	1300
6608	7608
2072	3072
2213	3213
773	1773
7037	8037
9430	10430
4044	5044
2025	3025
218	1218
8179	9179
7014	8014
6031	7031
5503	6503
7671	8671
4568	5568
679	1679
8668	9668
6243	7243
2543	3543
5412	6412
7311	8311
5641	6641
397	1397
8433	9433
8024	9024
1863	2863
1923	2923
4182	5182
8498	9498
9863	10863
962	1962
3186	4186
4829	5829
7266	8266
690	1690
9185	10185
9446	10446
3517	4517
1752	2752
7720	8720
9340	10340
1124	2124
5109	6109
9230	10230
8825	9825
1509	2509
5574	6574
17	1017
5321	6321
7636	8636
647	1647
6054	7054
3714	4714
1067	2067
9377	10377
1742	2742
5919	6919
9249	10249
6047	7047
7844	8844
3290	4290
9683	10683
6698	7698
666	1666
2126	3126
470	1470
2034	3034
1819	2819
5538	6538
2692	3692
7713	8713
7325	8325
6739	7739
9372	10372
9242	10242
1430	2430
6151	7151
7485	8485
7771	8771
932	1932
9017	10017
7520	8520
230	1230
981	1981
2482	3482
8631	9631
9426	10426
4902	5902
2589	3589
1635	2635
9063	10063
5902	6902
9298	10298
1764	2764
8626	9626
8757	9757
2370	3370
4139	5139
706	1706
1698	2698
3342	4342
465	1465
561	1561
1124	2124
6755	7755
3871	4871
2417	3417
8191	9191
8156	9156
7854	8854
2453	3453
6298	7298
1019	2019
4684	5684
4402	5402
8307	9307
510	1510
2840	3840
5474	6474
4842	5842
9581	10581
3193	4193
5649	6649
517	1517
8475	9475
6020	7020
6018	7018
1931	2931
7839	8839
8713	9713
3273	4273
4287	5287
5712	6712
2061	3061
3053	4053
5351	6351
8775	9775
9643	10643
9619	10619
1079	2079
6128	7128
7657	8657
4143	5143
7656	8656
5432	6432
5261	6261
8138	9138
5873	6873
5181	6181
4664	5664
9300	10300
9792	10792
195	1195
9233	10233
7660	8660
8364	9364
6528	7528
2099	3099
1163	2163
7686	8686
27	1027
9501	10501
3703	4703
3782	4782
9562	10562
6002	7002
2224	3224
1848	2848
2729	3729
5902	6902
5908	6908
826	1826
8706	9706
7415	8415
4707	5707
5602	6602
3869	4869
1143	2143
2735	3735
89	1089
5228	6228
3168	4168
4582	5582
3111	4111
3238	4238
2214	3214
2620	3620
5410	6410
3999	4999
673	1673
399	1399
7948	8948
8330	9330
2984	3984
1368	2368
4104	5104
800	1800
4979	5979
9078	10078
6627	7627
5326	6326
5147	6147
5802	6802
5940	6940
5448	6448
1362	2362
2100	3100
4059	5059
975	1975
5792	6792
1156	2156
4632	5632
8441	9441
9762	10762
4204	5204
1462	2462
6517	7517
1473	2473
8195	9195
7232	8232
5884	6884
6956	7956
5821	6821
4467	5467
8146	9146
3105	4105
2824	3824
177	1177
3031	4031
5268	6268
1817	2817
1393	2393
3436	4436
3306	4306
9821	10821
5478	6478
1011	2011
8484	9484
9527	10527
4676	5676
9444	10444
1730	2730
3511	4511
1435	2435
8277	9277
2145	3145
8658	9658
7029	8029
6545	7545
2599	3599
9540	10540
1651	2651
2615	3615
4522	5522
3366	4366
7420	8420
7776	8776
4721	5721
4430	5430
5427	6427
9886	10886
4498	5498
1898	2898
6809	7809
3166	4166
4442	5442
4918	5918
2658	3658
1487	2487
7761	8761
5803	6803
6304	7304
7291	8291
2009	3009
1590	2590
8165	9165
2929	3929
8165	9165
1090	2090
2660	3660
5162	6162
658	1658
6882	7882
6869	7869
4356	5356
458	1458
5057	6057
9985	10985
934	1934
1536	2536
5475	6475
6423	7423
3705	4705
9417	10417
6889	7889
633	1633
3066	4066
412	1412
6641	7641
9710	10710
8208	9208
6111	7111
2707	3707
2172	3172
8706	9706
7445	8445
2942	3942
5139	6139
6610	7610
9122	10122
7925	8925
7054	8054
2472	3472
7019	8019
4502	5502
6871	7871
7166	8166
5254	6254
4988	5988
7248	8248
6491	7491
6761	7761
2610	3610
8314	9314
1556	2556
4162	5162
3147	4147
2799	3799
4366	5366
8997	9997
295	1295
2855	3855
4515	5515
5878	6878
1002	2002
2251	3251
5981	6981
7390	8390
9931	10931
9569	10569
1799	2799
6252	7252
4508	5508
8705	9705
6316	7316
7010	8010
4854	5854
1395	2395
7876	8876
496	1496
56	1056
3718	4718
6707	7707
1722	2722
939	1939
7557	8557
3195	4195
9233	10233
1497	2497
6699	7699
2241	3241
3882	4882
1027	2027
1339	2339
8119	9119
5877	6877
702	1702
6650	7650
9095	10095
8132	9132
2468	3468
6457	7457
9591	10591
6855	7855
8716	9716
8137	9137
9337	10337
6456	7456
565	1565
7619	8619
3050	4050
6898	7898
2673	3673
1711	2711
6486	7486
6539	7539
1228	2228
4271	5271
1448	2448
3304	4304
8921	9921
9474	10474
