500	2297847
798	1798
6624	7624
5558	6558
8860	9860
9106	10106
2765	3765
5864	6864
8840	9840
6765	7765
7508	8508
4841	5841
3638	4638
6669	7669
558	1558
2889	3889
9334	10334
4328	5328
9061	10061
4197	5197
5883	6883
4143	5143
3314	4314
5777	6777
5920	6920
2463	3463
8037	9037
7183	8183
2195	3195
5107	6107
1501	2501
4767	5767
5786	6786
5518	6518
688	1688
5666	6666
4986	5986
2225	3225
7434	8434
2985	3985
7110	8110
9416	10416
3318	4318
8287	9287
9675	10675
225	1225
927	1927
5867	6867
7600	8600
6197	7197
8722	9722
9644	10644
8886	9886
1694	2694
1267	2267
1141	2141
4568	5568
7498	8498
4431	5431
8026	9026
3198	4198
7634	8634
2322	3322
7000	8000
4932	5932
8722	9722
4145	5145
9179	10179
8839	9839
1595	2595
7013	8013
1871	2871
6890	7890
6169	7169
3805	4805
2716	3716
9464	10464
308	1308
3893	4893
2670	3670
5379	6379
7675	8675
9893	10893
5890	6890
9040	10040
7778	8778
7583	8583
4116	5116
1362	2362
3745	4745
9247	10247
5675	6675
7398	8398
7922	8922
2603	3603
3532	4532
7527	8527
3545	4545
3377	4377
3007	4007
3199	4199
7353	8353
5219	6219
8621	9621
3379	4379
9471	10471
590	1590
7661	8661
6309	7309
4144	5144
2415	3415
9544	10544
8172	9172
1172	2172
5734	6734
6718	7718
4742	5742
1852	2852
4101	5101
430	1430
1713	2713
3770	4770
2644	3644
4990	5990
6780	7780
6942	7942
6617	7617
9446	10446
2568	3568
6881	7881
2347	3347
6868	7868
8301	9301
637	1637
3534	4534
1329	2329
7750	8750
7176	8176
1006	2006
6620	7620
1082	2082
609	1609
2618	3618
5952	6952
2973	3973
4564	5564
9686	10686
9125	10125
7036	8036
3731	4731
679	1679
1208	2208
7788	8788
957	1957
7454	8454
2151	3151
7260	8260
1863	2863
4620	5620
3098	4098
7328	8328
7335	8335
8112	9112
1410	2410
6278	7278
7775	8775
7354	8354
5970	6970
631	1631
2314	3314
7304	8304
9101	10101
4168	5168
9007	10007
3161	4161
5598	6598
7314	8314
5446	6446
1069	2069
5520	6520
4233	5233
2298	3298
4138	5138
4447	5447
2736	3736
7247	8247
4909	5909
5409	6409
9954	10954
3081	4081
919	1919
8189	9189
771	1771
7298	8298
6398	7398
8934	9934
6506	7506
3982	4982
2769	3769
6767	7767
5868	6868
6003	7003
1175	2175
2593	3593
4102	5102
6428	7428
8042	9042
9962	10962
8826	9826
8599	9599
414	1414
8298	9298
5395	6395
1952	2952
1959	2959
7123	8123
7276	8276
5897	6897
3159	4159
7510	8510
5773	6773
3847	4847
2474	3474
4429	5429
8089	9089
594	1594
1706	2706
4805	5805
6042	7042
6346	7346
3083	4083
6830	7830
2218	3218
2204	3204
4809	5809
809	1809
4066	5066
8816	9816
1642	2642
4447	5447
7484	8484
5516	6516
872	1872
715	1715
6047	7047
9872	10872
2899	3899
6802	7802
2813	3813
3367	4367
7722	8722
5893	6893
7149	8149
2531	3531
9457	10457
8479	9479
7718	8718
1171	2171
8318	9318
1524	2524
4430	5430
8155	9155
5862	6862
9718	10718
9322	10322
4581	5581
7633	8633
21	1021
3369	4369
7951	8951
2692	3692
4538	5538
2729	3729
366	1366
4086	5086
843	1843
9991	10991
4177	5177
3205	4205
4435	5435
139	1139
4118	5118
3551	4551
2921	3921
4019	5019
6675	7675
4419	5419
4253	5253
9730	10730
8431	9431
9831	10831
8549	9549
323	1323
2383	3383
613	1613
5459	6459
5705	6705
5623	6623
5464	6464
463	1463
6274	7274
6406	7406
3211	4211
5003	6003
586	1586
7486	8486
4374	5374
8544	9544
60	1060
9364	10364
1222	2222
1704	2704
1574	2574
9071	10071
2964	3964
5527	6527
2933	3933
8987	9987
2950	3950
4850	5850
9632	10632
9610	10610
5882	6882
1569	2569
9834	10834
6782	7782
3920	4920
908	1908
2492	3492
4998	5998
7323	8323
1458	2458
3606	4606
6370	7370
6871	7871
4519	5519
8861	9861
1653	2653
5757	6757
9616	10616
8009	9009
7806	8806
3315	4315
3416	4416
7352	8352
3594	4594
181	1181
535	1535
7473	8473
3922	4922
5594	6594
8433	9433
9639	10639
9698	10698
7682	8682
8747	9747
3127	4127
6718	7718
2941	3941
6688	7688
1814	2814
4243	5243
5141	6141
3656	4656
5179	6179
6610	7610
6477	7477
3662	4662
8994	9994
2711	3711
109	1109
2577	3577
211	1211
8603	9603
9653	10653
4489	5489
3180	4180
9851	10851
2370	3370
2296	3296
9489	10489
3596	4596
7730	8730
1422	2422
1123	2123
2054	3054
832	1832
2189	3189
8460	9460
7215	8215
7582	8582
7160	8160
1539	2539
9812	10812
7168	8168
8603	9603
7008	8008
4811	5811
1420	2420
4614	5614
1095	2095
5520	6520
4609	5609
9881	10881
1366	2366
212	1212
654	1654
8650	9650
5099	6099
5850	6850
8277	9277
5508	6508
7517	8517
1800	2800
8512	9512
6241	7241
6689	7689
7614	8614
5994	6994
684	1684
8534	9534
710	1710
2564	3564
1728	2728
3708	4708
7645	8645
4989	5989
9145	10145
4145	5145
8287	9287
5180	6180
7652	8652
4640	5640
7818	8818
9219	10219
1085	2085
3437	4437
8004	9004
543	1543
7047	8047
5905	6905
9915	10915
1865	2865
2188	3188
3974	4974
7172	8172
2940	3940
6617	7617
4908	5908
7398	8398
5710	6710
343	1343
723	1723
1276	2276
8913	9913
3697	4697
8796	9796
1857	2857
6593	7593
7012	8012
5048	6048
7763	8763
9049	10049
4656	5656
1486	2486
2190	3190
7809	8809
1157	2157
9212	10212
9319	10319
9361	10361
2019	3019
4662	5662
5342	6342
6877	7877
1821	2821
5675	6675
2281	3281
2733	3733
9870	10870
2792	3792
3293	4293
9251	10251
9065	10065
1368	2368
3238	4238
6248	7248
6367	7367
3626	4626
4496	5496
2576	3576
6967	7967
5654	6654
9246	10246
2932	3932
6720	7720
6251	7251
8118	9118
6658	7658
4916	5916
4706	5706
