500	2252014
8315	9315
2015	3015
6675	7675
6787	7787
2658	3658
395	1395
6945	7945
3603	4603
3409	4409
5670	6670
2159	3159
5481	6481
3491	4491
7322	8322
1521	2521
9578	10578
8059	9059
222	1222
6608	7608
8399	9399
3074	4074
3693	4693
9123	10123
8619	9619
7695	8695
3719	4719
4626	5626
3072	4072
4092	5092
3313	4313
546	1546
3960	4960
6184	7184
7618	8618
1542	2542
1249	2249
4578	5578
7810	8810
7386	8386
8016	9016
6762	7762
1407	2407
5979	6979
7215	8215
1315	2315
2981	3981
7273	8273
2332	3332
926	1926
3716	4716
1860	2860
9435	10435
8759	9759
9992	10992
7070	8070
601	1601
1440	2440
7720	8720
4965	5965
9131	10131
7437	8437
7407	8407
2428	3428
4005	5005
5795	6795
8796	9796
827	1827
224	1224
9043	10043
3237	4237
3549	4549
1965	2965
6324	7324
2825	3825
8368	9368
2118	3118
5192	6192
1657	2657
839	1839
6652	7652
2823	3823
5542	6542
6671	7671
9147	10147
7091	8091
2470	3470
581	1581
4983	5983
4811	5811
8627	9627
1313	2313
8287	9287
8165	9165
4034	5034
1314	2314
8759	9759
5804	6804
6504	7504
5088	6088
9080	10080
5797	6797
3116	4116
9172	10172
279	1279
9301	10301
2911	3911
7336	8336
9602	10602
7096	8096
8784	9784
7669	8669
268	1268
9219	10219
5476	6476
8892	9892
918	1918
8962	9962
6876	7876
8134	9134
5015	6015
3607	4607
5960	6960
382	1382
56	1056
5283	6283
586	1586
593	1593
191	1191
224	1224
9971	10971
6554	7554
8809	9809
8941	9941
7283	8283
2292	3292
8933	9933
2152	3152
2509	3509
2031	3031
2033	3033
6400	7400
288	1288
4654	5654
1280	2280
410	1410
4234	5234
8494	9494
8937	9937
2611	3611
5727	6727
9362	10362
3004	4004
8987	9987
4931	5931
9450	10450
8513	9513
9067	10067
5827	6827
7816	8816
5955	6955
1770	2770
1523	2523
2913	3913
1682	2682
5080	6080
7834	8834
8100	9100
6704	7704
9991	10991
1109	2109
419	1419
8270	9270
5209	6209
8448	9448
6407	7407
3299	4299
371	1371
5832	6832
3285	4285
1184	2184
4167	5167
4905	5905
3805	4805
3613	4613
9622	10622
8448	9448
1719	2719
7251	8251
5983	6983
2396	3396
7253	8253
6202	7202
2304	3304
4361	5361
1109	2109
2996	3996
9200	10200
3402	4402
7389	8389
3616	4616
1721	2721
3193	4193
1405	2405
5581	6581
5429	6429
2002	3002
5063	6063
3976	4976
6143	7143
5087	6087
1930	2930
4413	5413
8887	9887
4659	5659
3553	4553
9745	10745
8880	9880
5947	6947
3417	4417
5395	6395
5770	6770
1227	2227
6612	7612
9068	10068
2909	3909
4301	5301
1885	2885
4521	5521
5750	6750
9676	10676
3931	4931
1462	2462
5802	6802
9817	10817
3316	4316
2226	3226
2131	3131
264	1264
4050	5050
4469	5469
1638	2638
2113	3113
7682	8682
1117	2117
5691	6691
910	1910
693	1693
8268	9268
2793	3793
4599	5599
9301	10301
7360	8360
3772	4772
1804	2804
104	1104
7825	8825
3044	4044
8393	9393
933	1933
6710	7710
6183	7183
7145	8145
5816	6816
3194	4194
6186	7186
9421	10421
2891	3891
3783	4783
4068	5068
8685	9685
3361	4361
1461	2461
6029	7029
7874	8874
147	1147
1126	2126
3636	4636
2306	3306
289	1289
4526	5526
7987	8987
2988	3988
2177	3177
7100	8100
9345	10345
9467	10467
9497	10497
3345	4345
3932	4932
9498	10498
39	1039
3518	4518
3362	4362
7483	8483
8703	9703
7439	8439
5096	6096
5600	6600
8309	9309
4335	5335
3720	4720
4154	5154
3221	4221
5574	6574
9302	10302
9693	10693
2882	3882
4661	5661
4201	5201
8114	9114
6749	7749
8644	9644
1610	2610
6201	7201
2855	3855
4216	5216
7833	8833
7960	8960
9734	10734
5924	6924
4712	5712
6400	7400
3784	4784
787	1787
8330	9330
6839	7839
2102	3102
8549	9549
9597	10597
924	1924
9289	10289
8487	9487
7493	8493
702	1702
6342	7342
1712	2712
4839	5839
9404	10404
6005	7005
434	1434
6237	7237
8006	9006
2800	3800
9984	10984
6350	7350
2437	3437
1122	2122
1102	2102
4565	5565
1262	2262
8452	9452
181	1181
9263	10263
417	1417
2216	3216
5995	6995
5339	6339
5405	6405
1129	2129
8457	9457
2134	3134
4252	5252
1047	2047
8153	9153
9860	10860
9918	10918
5353	6353
3595	4595
591	1591
9652	10652
9574	10574
9737	10737
4563	5563
6818	7818
1970	2970
4386	5386
2739	3739
2062	3062
5697	6697
7762	8762
4417	5417
6915	7915
2295	3295
2312	3312
8789	9789
4897	5897
2021	3021
6257	7257
4694	5694
6278	7278
9053	10053
2715	3715
9216	10216
9634	10634
5595	6595
6330	7330
1704	2704
8573	9573
3322	4322
6655	7655
2432	3432
5169	6169
4706	5706
997	1997
2175	3175
6772	7772
790	1790
1136	2136
2418	3418
2610	3610
9724	10724
9119	10119
5476	6476
1706	2706
7463	8463
867	1867
9845	10845
7450	8450
7190	8190
1330	2330
5876	6876
2408	3408
2032	3032
1050	2050
8891	9891
917	1917
7002	8002
4264	5264
5023	6023
2124	3124
4890	5890
3192	4192
6762	7762
4429	5429
4643	5643
8459	9459
5926	6926
7169	8169
1426	2426
9546	10546
1729	2729
466	1466
4770	5770
4412	5412
5846	6846
2086	3086
591	1591
5366	6366
7133	8133
8827	9827
2071	3071
9628	10628
1137	2137
1702	2702
9207	10207
6919	7919
6453	7453
9144	10144
1434	2434
2719	3719
5560	6560
2064	3064
5204	6204
1082	2082
2357	3357
8612	9612
1490	2490
9662	10662
7899	8899
3497	4497
8820	9820
935	1935
6604	7604
5173	6173
393	1393
5324	6324
3674	4674
1309	2309
6832	7832
1457	2457
6091	7091
1719	2719
8761	9761
9653	10653
1433	2433
5682	6682
4190	5190
7719	8719
4112	5112
9716	10716
8240	9240
2569	3569
5837	6837
4300	5300
9738	10738
8527	9527
5262	6262
4507	5507
7392	8392
84	1084
