500	761073
8482	9482
9815	10815
377	1377
8869	9869
4490	5490
8196	9196
8374	9374
8395	9395
8938	9938
7356	8356
3617	4617
9237	10237
5663	6663
5935	6935
5003	6003
9081	10081
898	1898
1532	2532
4876	5876
3270	4270
7179	8179
2216	3216
6693	7693
1839	2839
9854	10854
8887	9887
5425	6425
5042	6042
8665	9665
3116	4116
3878	4878
3802	4802
9370	10370
5384	6384
5081	6081
3939	4939
711	1711
7492	8492
574	1574
8753	9753
8411	9411
5620	6620
5295	6295
1100	2100
8081	9081
7987	8987
4268	5268
2411	3411
2742	3742
2364	3364
839	1839
1996	2996
8048	9048
2846	3846
9853	10853
8847	9847
3392	4392
7552	8552
9453	10453
1918	2918
7587	8587
8729	9729
2368	3368
9807	10807
8509	9509
2030	3030
9224	10224
1729	2729
7348	8348
500	1500
4748	5748
3044	4044
3170	4170
4490	5490
9232	10232
7864	8864
826	1826
3159	4159
7328	8328
3101	4101
1598	2598
5407	6407
4111	5111
2078	3078
7893	8893
4484	5484
4795	5795
2179	3179
6841	7841
6057	7057
770	1770
5939	6939
857	1857
6255	7255
762	1762
6410	7410
2542	3542
8044	9044
22	1022
2376	3376
1805	2805
9066	10066
8375	9375
34	1034
8704	9704
3889	4889
7982	8982
9927	10927
6485	7485
8552	9552
5040	6040
9811	10811
8069	9069
6770	7770
2956	3956
25	1025
4676	5676
765	1765
873	1873
4193	5193
7801	8801
2182	3182
979	1979
4771	5771
3060	4060
2776	3776
6984	7984
4194	5194
6651	7651
8175	9175
6424	7424
7322	8322
225	1225
974	1974
6060	7060
5827	6827
7360	8360
3225	4225
1938	2938
3169	4169
3547	4547
6444	7444
3052	4052
9176	10176
8436	9436
1392	2392
2423	3423
2504	3504
292	1292
5918	6918
8373	9373
4021	5021
2270	3270
1465	2465
55	1055
732	1732
6622	7622
6836	7836
2818	3818
9334	10334
1250	2250
1392	2392
8752	9752
2018	3018
2152	3152
3902	4902
6410	7410
6678	7678
4367	5367
8645	9645
811	1811
936	1936
6064	7064
4012	5012
4327	5327
5500	6500
3964	4964
8539	9539
1343	2343
1952	2952
5009	6009
8160	9160
6115	7115
9051	10051
1630	2630
5836	6836
7052	8052
4656	5656
2109	3109
9201	10201
6849	7849
6630	7630
9030	10030
7627	8627
7411	8411
1554	2554
5740	6740
308	1308
5105	6105
1913	2913
5379	6379
5006	6006
6367	7367
937	1937
5987	6987
8108	9108
8149	9149
2780	3780
1580	2580
3298	4298
3662	4662
531	1531
8605	9605
8237	9237
4659	5659
6775	7775
8647	9647
6373	7373
4000	5000
9947	10947
2444	3444
9554	10554
4544	5544
8771	9771
2622	3622
8855	9855
8422	9422
2370	3370
8950	9950
9678	10678
1258	2258
8064	9064
3345	4345
1812	2812
2127	3127
1471	2471
7724	8724
685	1685
8277	9277
7145	8145
538	1538
6777	7777
9757	10757
1344	2344
6082	7082
8024	9024
1005	2005
6929	7929
8324	9324
1209	2209
9654	10654
7577	8577
2352	3352
3930	4930
3965	4965
1852	2852
208	1208
9908	10908
6445	7445
4513	5513
1684	2684
3674	4674
3285	4285
8383	9383
8095	9095
850	1850
9363	10363
3853	4853
9351	10351
6249	7249
5813	6813
5421	6421
1436	2436
1696	2696
1446	2446
3300	4300
3481	4481
4168	5168
8786	9786
2514	3514
9645	10645
6325	7325
4825	5825
8271	9271
9369	10369
7472	8472
1622	2622
8744	9744
3113	4113
8023	9023
8549	9549
2357	3357
6803	7803
5735	6735
4088	5088
2369	3369
725	1725
6427	7427
5172	6172
3075	4075
4065	5065
8904	9904
2886	3886
7125	8125
8994	9994
6391	7391
4141	5141
4645	5645
7512	8512
1918	2918
4920	5920
8475	9475
9616	10616
8051	9051
1691	2691
6403	7403
8767	9767
3212	4212
7140	8140
7034	8034
3442	4442
1925	2925
5593	6593
285	1285
829	1829
366	1366
5948	6948
5057	6057
2013	3013
2759	3759
5977	6977
8396	9396
7353	8353
3047	4047
1723	2723
7481	8481
592	1592
6536	7536
6875	7875
6471	7471
5105	6105
7760	8760
2099	3099
3342	4342
4912	5912
1098	2098
8216	9216
7607	8607
8391	9391
4586	5586
3340	4340
6983	7983
6691	7691
6078	7078
1470	2470
4883	5883
4182	5182
1354	2354
6549	7549
8738	9738
9327	10327
1537	2537
3963	4963
97	1097
9399	10399
243	1243
1886	2886
8843	9843
4704	5704
1019	2019
2996	3996
1410	2410
4995	5995
5827	6827
5724	6724
4669	5669
8614	9614
8514	9514
3209	4209
6359	7359
7899	8899
6331	7331
7815	8815
2934	3934
1098	2098
6059	7059
9186	10186
2051	3051
7726	8726
6839	7839
640	1640
2029	3029
571	1571
9209	10209
6900	7900
2010	3010
2525	3525
1884	2884
7646	8646
3608	4608
7049	8049
5014	6014
2299	3299
7659	8659
9934	10934
3957	4957
2049	3049
5290	6290
4816	5816
2948	3948
5255	6255
6258	7258
8780	9780
5515	6515
4390	5390
8892	9892
6980	7980
9458	10458
8165	9165
774	1774
5736	6736
1495	2495
3830	4830
8920	9920
4434	5434
9285	10285
3406	4406
6023	7023
2590	3590
9016	10016
9375	10375
801	1801
255	1255
5055	6055
5795	6795
8898	9898
3114	4114
7093	8093
6722	7722
982	1982
1720	2720
1339	2339
7809	8809
8205	9205
4923	5923
2479	3479
8585	9585
6747	7747
5269	6269
9605	10605
5255	6255
3751	4751
3830	4830
2058	3058
4876	5876
4759	5759
985	1985
1246	2246
2750	3750
4595	5595
7112	8112
9871	10871
8518	9518
6473	7473
8548	9548
4962	5962
6681	7681
5659	6659
3611	4611
2135	3135
9767	10767
9204	10204
8379	9379
2551	3551
4986	5986
6591	7591
1969	2969
6937	7937
4003	5003
1508	2508
2122	3122
4391	5391
6610	7610
5590	6590
7888	8888
4476	5476
548	1548
5090	6090
6965	7965
329	1329
8662	9662
4104	5104
237	1237
7690	8690
3404	4404
6796	7796
1140	2140
7795	8795
8255	9255
8966	9966
