500	305526
6696	7696
2399	3399
1288	2288
6248	7248
8497	9497
4742	5742
7903	8903
8475	9475
3763	4763
9900	10900
5543	6543
9599	10599
9853	10853
6125	7125
3729	4729
5009	6009
9085	10085
2503	3503
2530	3530
3996	4996
4712	5712
98	1098
7611	8611
8314	9314
1144	2144
251	1251
995	1995
5020	6020
8740	9740
2827	3827
3392	4392
1416	2416
8899	9899
6812	7812
22	1022
4140	5140
3829	4829
9739	10739
4471	5471
3323	4323
5081	6081
9025	10025
9271	10271
4458	5458
392	1392
4707	5707
935	1935
610	1610
6740	7740
8331	9331
6248	7248
7017	8017
4430	5430
9508	10508
390	1390
5158	6158
2460	3460
4861	5861
9161	10161
5073	6073
6567	7567
9780	10780
6360	7360
474	1474
8735	9735
6248	7248
8408	9408
717	1717
9468	10468
971	1971
5499	6499
9978	10978
4030	5030
2861	3861
4384	5384
1728	2728
8193	9193
4795	5795
4667	5667
1235	2235
9956	10956
569	1569
7758	8758
1913	2913
8420	9420
1889	2889
8953	9953
9604	10604
6207	7207
8708	9708
8638	9638
3139	4139
7311	8311
1083	2083
2734	3734
6790	7790
3284	4284
9848	10848
4529	5529
907	1907
7921	8921
3622	4622
8797	9797
3006	4006
9716	10716
4813	5813
1330	2330
8492	9492
1608	2608
477	1477
130	1130
9534	10534
9755	10755
5771	6771
9260	10260
5321	6321
408	1408
979	1979
6640	7640
9509	10509
997	1997
9406	10406
5201	6201
5196	6196
1512	2512
7787	8787
2473	3473
325	1325
4407	5407
9812	10812
1469	2469
3614	4614
9275	10275
2197	3197
4812	5812
948	1948
9082	10082
5648	6648
5195	6195
9160	10160
3900	4900
9598	10598
2537	3537
6190	7190
1972	2972
1173	2173
7273	8273
7529	8529
1940	2940
5860	6860
8953	9953
460	1460
4760	5760
856	1856
7804	8804
3850	4850
6519	7519
1163	2163
7977	8977
7149	8149
3332	4332
223	1223
3086	4086
5666	6666
3833	4833
7331	8331
4068	5068
2859	3859
8601	9601
5406	6406
6478	7478
4811	5811
2547	3547
3807	4807
1313	2313
8473	9473
9065	10065
7859	8859
5694	6694
2843	3843
8904	9904
2929	3929
4904	5904
4846	5846
9773	10773
9834	10834
8375	9375
4409	5409
3237	4237
9517	10517
5679	6679
5510	6510
4101	5101
4349	5349
2416	3416
2015	3015
175	1175
5593	6593
7180	8180
356	1356
3121	4121
7648	8648
524	1524
161	1161
6971	7971
1629	2629
2080	3080
1835	2835
6938	7938
9160	10160
1604	2604
5640	6640
8911	9911
4954	5954
4902	5902
360	1360
5666	6666
4517	5517
9708	10708
8708	9708
9409	10409
4581	5581
6676	7676
7242	8242
5108	6108
8296	9296
6995	7995
2805	3805
8360	9360
6949	7949
6016	7016
4752	5752
4052	5052
5766	6766
4001	5001
4190	5190
1405	2405
3654	4654
7355	8355
7290	8290
5242	6242
4040	5040
3449	4449
9678	10678
8456	9456
1027	2027
9384	10384
527	1527
5067	6067
1320	2320
955	1955
4551	5551
6448	7448
2876	3876
8603	9603
6727	7727
5250	6250
3820	4820
5950	6950
4961	5961
8086	9086
7049	8049
5102	6102
171	1171
688	1688
7671	8671
9662	10662
3148	4148
5845	6845
5770	6770
1644	2644
3286	4286
6365	7365
474	1474
2522	3522
2209	3209
5028	6028
1785	2785
8954	9954
3668	4668
6261	7261
6089	7089
1839	2839
1905	2905
7591	8591
4998	5998
9655	10655
8148	9148
1051	2051
9475	10475
6928	7928
8303	9303
2185	3185
4541	5541
5932	6932
6287	7287
8501	9501
573	1573
6725	7725
7986	8986
4020	5020
5062	6062
5129	6129
5098	6098
9438	10438
2421	3421
290	1290
9661	10661
2900	3900
374	1374
9918	10918
4735	5735
6682	7682
4446	5446
7305	8305
5902	6902
7023	8023
5208	6208
1760	2760
7181	8181
5183	6183
8095	9095
5255	6255
5311	6311
9919	10919
5385	6385
4669	5669
8356	9356
3758	4758
2947	3947
5345	6345
9275	10275
9824	10824
6205	7205
9142	10142
7316	8316
7497	8497
5013	6013
3274	4274
9674	10674
6555	7555
2391	3391
7031	8031
1768	2768
5001	6001
3094	4094
2786	3786
2637	3637
9811	10811
8473	9473
3060	4060
4351	5351
4298	5298
935	1935
8934	9934
819	1819
717	1717
7086	8086
8506	9506
2307	3307
8341	9341
1757	2757
1509	2509
9616	10616
1565	2565
7652	8652
1836	2836
4713	5713
2159	3159
2258	3258
1103	2103
2613	3613
8071	9071
3136	4136
8194	9194
2941	3941
5202	6202
9729	10729
5286	6286
489	1489
7827	8827
3238	4238
870	1870
9391	10391
6878	7878
6827	7827
1202	2202
2611	3611
6792	7792
8704	9704
2288	3288
8691	9691
9580	10580
8804	9804
4365	5365
4666	5666
5992	6992
9799	10799
613	1613
9828	10828
2159	3159
7701	8701
4326	5326
5340	6340
354	1354
1091	2091
8556	9556
9020	10020
943	1943
3626	4626
5614	6614
1409	2409
7647	8647
2590	3590
5877	6877
1588	2588
2570	3570
8455	9455
6945	7945
5242	6242
189	1189
7041	8041
6932	7932
4657	5657
5278	6278
8299	9299
2123	3123
2854	3854
179	1179
7289	8289
457	1457
2309	3309
6111	7111
6703	7703
7846	8846
7484	8484
9689	10689
6533	7533
7900	8900
5244	6244
1263	2263
8445	9445
4019	5019
8836	9836
9921	10921
1202	2202
879	1879
9396	10396
6235	7235
1140	2140
1883	2883
3178	4178
2405	3405
9328	10328
3641	4641
8349	9349
9563	10563
737	1737
1361	2361
5158	6158
8373	9373
7238	8238
1779	2779
4385	5385
5876	6876
3614	4614
2378	3378
664	1664
6959	7959
9679	10679
3011	4011
2951	3951
7578	8578
4574	5574
5629	6629
1750	2750
9204	10204
883	1883
6528	7528
5071	6071
8530	9530
7171	8171
4482	5482
5523	6523
768	1768
8450	9450
4748	5748
483	1483
8699	9699
2102	3102
993	1993
7238	8238
5115	6115
3786	4786
3350	4350
9583	10583
146	1146
3362	4362
2297	3297
1844	2844
