500	754206
6179	7179
4904	5904
4537	5537
4911	5911
9292	10292
2957	3957
103	1103
5870	6870
402	1402
1225	2225
9432	10432
6314	7314
4711	5711
9044	10044
5530	6530
7496	8496
5684	6684
7065	8065
2640	3640
9439	10439
6077	7077
7949	8949
594	1594
6368	7368
1107	2107
6713	7713
8310	9310
6601	7601
5759	6759
7297	8297
481	1481
6051	7051
8036	9036
3469	4469
6928	7928
8615	9615
4756	5756
1048	2048
4943	5943
5113	6113
2000	3000
268	1268
3287	4287
8381	9381
6750	7750
6199	7199
3362	4362
5315	6315
8779	9779
4573	5573
4935	5935
3817	4817
5682	6682
2370	3370
6647	7647
6838	7838
6108	7108
8828	9828
5476	6476
5032	6032
2922	3922
300	1300
8709	9709
5856	6856
9302	10302
3223	4223
3017	4017
1019	2019
3900	4900
7036	8036
1883	2883
2383	3383
4583	5583
7746	8746
5755	6755
5930	6930
6794	7794
197	1197
4613	5613
5665	6665
5825	6825
1045	2045
5202	6202
217	1217
1957	2957
1907	2907
9282	10282
5927	6927
1836	2836
2015	3015
4143	5143
1475	2475
9482	10482
6635	7635
8579	9579
7777	8777
346	1346
7865	8865
7651	8651
3462	4462
5417	6417
4596	5596
2828	3828
2430	3430
2035	3035
197	1197
1128	2128
2440	3440
1633	2633
1831	2831
3805	4805
8547	9547
4617	5617
9951	10951
5574	6574
9607	10607
1092	2092
7867	8867
143	1143
4317	5317
7292	8292
1528	2528
2052	3052
7385	8385
8866	9866
8379	9379
8980	9980
2211	3211
1270	2270
4366	5366
2046	3046
7188	8188
2282	3282
3494	4494
5336	6336
2457	3457
1235	2235
1208	2208
7573	8573
6463	7463
2186	3186
6526	7526
5658	6658
4498	5498
4714	5714
4434	5434
5891	6891
8640	9640
6163	7163
7931	8931
2003	3003
1950	2950
240	1240
6099	7099
6011	7011
9753	10753
1653	2653
5735	6735
2072	3072
2754	3754
6354	7354
801	1801
6329	7329
1116	2116
9335	10335
7687	8687
7872	8872
4477	5477
5174	6174
9441	10441
7162	8162
8041	9041
3605	4605
554	1554
1216	2216
6077	7077
9302	10302
3456	4456
5360	6360
7246	8246
5220	6220
9563	10563
4522	5522
9976	10976
573	1573
6542	7542
6826	7826
9492	10492
9312	10312
4223	5223
5245	6245
4499	5499
8222	9222
2724	3724
9463	10463
9117	10117
2589	3589
4494	5494
5582	6582
8730	9730
7041	8041
1774	2774
9294	10294
797	1797
2189	3189
5893	6893
7992	8992
3124	4124
7735	8735
4183	5183
4567	5567
7320	8320
2344	3344
4467	5467
4426	5426
3375	4375
1477	2477
4869	5869
4805	5805
3616	4616
2396	3396
666	1666
252	1252
7909	8909
683	1683
251	1251
5396	6396
2078	3078
5870	6870
1150	2150
1469	2469
8430	9430
4757	5757
1715	2715
1797	2797
7946	8946
5893	6893
1508	2508
3241	4241
9696	10696
5512	6512
2225	3225
6745	7745
3177	4177
9777	10777
5998	6998
8994	9994
5730	6730
1707	2707
7856	8856
3620	4620
3061	4061
2418	3418
2465	3465
3368	4368
3038	4038
5349	6349
3571	4571
7709	8709
1304	2304
620	1620
7388	8388
8835	9835
2830	3830
2931	3931
4880	5880
9943	10943
7394	8394
9116	10116
7441	8441
9261	10261
9531	10531
5089	6089
9416	10416
9202	10202
8467	9467
8106	9106
5827	6827
9319	10319
2950	3950
4203	5203
214	1214
8554	9554
4546	5546
6995	7995
9938	10938
7899	8899
2675	3675
6393	7393
699	1699
4707	5707
5641	6641
7095	8095
250	1250
3462	4462
2371	3371
7186	8186
1576	2576
5024	6024
8422	9422
1524	2524
8325	9325
1507	2507
6661	7661
1961	2961
2320	3320
6141	7141
5619	6619
3968	4968
9250	10250
8524	9524
529	1529
3256	4256
8583	9583
2360	3360
8682	9682
9100	10100
1765	2765
8577	9577
2358	3358
3340	4340
8050	9050
7348	8348
4348	5348
8575	9575
2283	3283
3960	4960
482	1482
671	1671
7794	8794
2637	3637
6713	7713
1108	2108
9461	10461
3022	4022
7113	8113
9322	10322
6235	7235
5411	6411
2937	3937
4326	5326
3197	4197
2977	3977
5131	6131
4708	5708
5123	6123
8724	9724
7357	8357
8684	9684
4075	5075
8846	9846
4762	5762
6944	7944
3194	4194
2636	3636
6545	7545
4654	5654
9636	10636
9940	10940
2917	3917
3999	4999
9390	10390
8773	9773
1170	2170
2210	3210
3485	4485
9535	10535
6260	7260
8724	9724
5039	6039
9397	10397
105	1105
6837	7837
8997	9997
6563	7563
1828	2828
3690	4690
9633	10633
687	1687
8580	9580
8256	9256
8257	9257
1636	2636
7752	8752
8812	9812
1408	2408
2676	3676
1989	2989
3610	4610
3266	4266
6194	7194
1962	2962
3902	4902
3416	4416
4245	5245
818	1818
8617	9617
1044	2044
7596	8596
114	1114
7008	8008
2494	3494
3504	4504
7134	8134
7060	8060
1914	2914
4429	5429
2911	3911
3715	4715
5873	6873
6067	7067
6108	7108
6681	7681
9416	10416
868	1868
7753	8753
5178	6178
2703	3703
4750	5750
264	1264
9372	10372
5995	6995
5669	6669
860	1860
1129	2129
4457	5457
9935	10935
1052	2052
684	1684
5062	6062
6498	7498
5928	6928
128	1128
7055	8055
8649	9649
7423	8423
4922	5922
93	1093
5252	6252
9571	10571
5054	6054
7372	8372
622	1622
5230	6230
3164	4164
939	1939
20	1020
7917	8917
5416	6416
9121	10121
1634	2634
2856	3856
3299	4299
4324	5324
6657	7657
1497	2497
2473	3473
8277	9277
6818	7818
2581	3581
2656	3656
2112	3112
7801	8801
9944	10944
6632	7632
4888	5888
1927	2927
9040	10040
97	1097
576	1576
7116	8116
5921	6921
6898	7898
6040	7040
1881	2881
5884	6884
1625	2625
7751	8751
8486	9486
5549	6549
8250	9250
2348	3348
7217	8217
8404	9404
7074	8074
7260	8260
7694	8694
6787	7787
7298	8298
2823	3823
7955	8955
2942	3942
5145	6145
2722	3722
3575	4575
1581	2581
899	1899
7021	8021
9556	10556
9384	10384
