500	301990
3854	4854
5331	6331
6198	7198
7241	8241
6188	7188
2275	3275
8932	9932
5436	6436
7724	8724
3405	4405
6131	7131
7124	8124
1597	2597
4424	5424
9540	10540
2337	3337
1256	2256
7888	8888
6261	7261
2075	3075
6671	7671
3724	4724
7928	8928
9699	10699
9613	10613
2762	3762
7055	8055
755	1755
7320	8320
7007	8007
6295	7295
3898	4898
1790	2790
8860	9860
7073	8073
8559	9559
9186	10186
7634	8634
2573	3573
9165	10165
4782	5782
9306	10306
2833	3833
6926	7926
5888	6888
6538	7538
4335	5335
6694	7694
4181	5181
476	1476
2612	3612
5966	6966
4732	5732
1431	2431
7334	8334
9937	10937
4888	5888
4234	5234
1441	2441
2588	3588
8126	9126
2168	3168
923	1923
9201	10201
4853	5853
510	1510
6551	7551
7683	8683
57	1057
3038	4038
9189	10189
167	1167
3767	4767
8562	9562
1753	2753
3299	4299
3720	4720
6117	7117
4302	5302
6771	7771
8451	9451
8867	9867
3545	4545
1557	2557
4446	5446
9380	10380
2140	3140
967	1967
6638	7638
7795	8795
2607	3607
9777	10777
3563	4563
22	1022
9519	10519
7359	8359
4149	5149
645	1645
7116	8116
5880	6880
6806	7806
6996	7996
5122	6122
6473	7473
3137	4137
6980	7980
566	1566
9150	10150
7706	8706
6308	7308
1569	2569
6772	7772
5335	6335
5404	6404
6790	7790
5560	6560
5433	6433
8021	9021
4420	5420
9453	10453
9599	10599
2922	3922
3028	4028
4487	5487
9080	10080
7394	8394
3901	4901
8773	9773
2466	3466
7048	8048
7939	8939
8839	9839
5303	6303
5815	6815
4007	5007
3886	4886
2890	3890
5269	6269
9611	10611
6313	7313
7266	8266
7687	8687
2404	3404
8957	9957
7579	8579
660	1660
6415	7415
9650	10650
7594	8594
6871	7871
5766	6766
9817	10817
302	1302
148	1148
4501	5501
8690	9690
8917	9917
6658	7658
5158	6158
8261	9261
6997	7997
4121	5121
8412	9412
9004	10004
589	1589
1503	2503
8246	9246
8353	9353
8	1008
2144	3144
6078	7078
894	1894
9908	10908
4484	5484
9079	10079
4616	5616
5923	6923
6834	7834
5849	6849
3357	4357
246	1246
182	1182
6313	7313
8141	9141
8991	9991
3864	4864
7007	8007
6408	7408
5481	6481
8570	9570
5956	6956
7691	8691
5314	6314
2685	3685
5100	6100
7759	8759
2035	3035
7961	8961
4995	5995
214	1214
4512	5512
3677	4677
5769	6769
6435	7435
7867	8867
4988	5988
9587	10587
9582	10582
6374	7374
8814	9814
1095	2095
4558	5558
4338	5338
415	1415
7400	8400
8547	9547
1950	2950
481	1481
8366	9366
7506	8506
2266	3266
7437	8437
2891	3891
3972	4972
7631	8631
4334	5334
9869	10869
5658	6658
8754	9754
6443	7443
599	1599
2019	3019
8365	9365
1842	2842
2224	3224
4869	5869
9033	10033
4919	5919
1266	2266
3856	4856
1540	2540
5099	6099
8683	9683
2343	3343
6770	7770
3680	4680
528	1528
3294	4294
4654	5654
1903	2903
3659	4659
6610	7610
2935	3935
1074	2074
540	1540
3579	4579
6298	7298
9979	10979
4999	5999
251	1251
5220	6220
758	1758
9551	10551
8261	9261
2065	3065
9752	10752
43	1043
2926	3926
864	1864
8530	9530
1464	2464
1011	2011
9290	10290
190	1190
3272	4272
8644	9644
3258	4258
8953	9953
7116	8116
2823	3823
9897	10897
8488	9488
6405	7405
8996	9996
8262	9262
9073	10073
3981	4981
462	1462
5104	6104
520	1520
6450	7450
7469	8469
5086	6086
9971	10971
7917	8917
8054	9054
7614	8614
7852	8852
1480	2480
4305	5305
8829	9829
4262	5262
4252	5252
2169	3169
2360	3360
8551	9551
684	1684
2084	3084
580	1580
5671	6671
8109	9109
1460	2460
9431	10431
6067	7067
654	1654
2432	3432
8815	9815
146	1146
1108	2108
767	1767
6382	7382
4052	5052
5448	6448
5838	6838
4929	5929
7334	8334
7816	8816
5589	6589
4564	5564
5643	6643
4383	5383
9181	10181
415	1415
6220	7220
9183	10183
5401	6401
7734	8734
742	1742
1678	2678
4528	5528
7242	8242
2224	3224
2546	3546
7442	8442
672	1672
8727	9727
3075	4075
5158	6158
8032	9032
3033	4033
1208	2208
706	1706
428	1428
7694	8694
1185	2185
9277	10277
5136	6136
2150	3150
778	1778
1924	2924
9131	10131
3942	4942
2195	3195
8596	9596
9782	10782
4434	5434
1594	2594
8372	9372
7087	8087
1952	2952
5862	6862
9954	10954
1632	2632
4731	5731
4174	5174
3980	4980
6855	7855
1442	2442
3355	4355
2858	3858
1624	2624
6955	7955
4617	5617
7462	8462
3049	4049
9097	10097
8360	9360
1955	2955
460	1460
3038	4038
6876	7876
8584	9584
4717	5717
6031	7031
7158	8158
5444	6444
3647	4647
5034	6034
8759	9759
4409	5409
4552	5552
5651	6651
5663	6663
6957	7957
1654	2654
9700	10700
5159	6159
7790	8790
2556	3556
302	1302
4947	5947
9104	10104
169	1169
6009	7009
7488	8488
4513	5513
4789	5789
5256	6256
1193	2193
4896	5896
2114	3114
8843	9843
5889	6889
5953	6953
3082	4082
989	1989
2089	3089
9646	10646
5746	6746
1142	2142
2255	3255
5432	6432
5098	6098
680	1680
2418	3418
914	1914
6973	7973
9150	10150
2996	3996
3432	4432
2244	3244
4272	5272
9973	10973
8681	9681
6190	7190
6337	7337
813	1813
9651	10651
4375	5375
6972	7972
2578	3578
8018	9018
9118	10118
4397	5397
3746	4746
7332	8332
6693	7693
516	1516
1260	2260
1973	2973
2000	3000
2094	3094
3697	4697
7445	8445
8798	9798
6999	7999
9543	10543
7163	8163
3802	4802
930	1930
3708	4708
2698	3698
2180	3180
3774	4774
7548	8548
3018	4018
77	1077
4434	5434
539	1539
9442	10442
167	1167
253	1253
9662	10662
2234	3234
1070	2070
2191	3191
8945	9945
2306	3306
2580	3580
165	1165
962	1962
1758	2758
514	1514
9610	10610
93	1093
4091	5091
2374	3374
1148	2148
2604	3604
9056	10056
