500	2640186
3992	4992
7721	8721
7260	8260
4120	5120
7437	8437
5002	6002
2595	3595
4144	5144
6949	7949
174	1174
1660	2660
815	1815
3987	4987
747	1747
440	1440
602	1602
1775	2775
5655	6655
6170	7170
3028	4028
5599	6599
2329	3329
548	1548
1402	2402
9351	10351
6821	7821
7844	8844
6564	7564
1880	2880
9590	10590
4997	5997
506	1506
1064	2064
1961	2961
4291	5291
6959	7959
3565	4565
3257	4257
9344	10344
8634	9634
1011	2011
386	1386
4111	5111
2236	3236
5786	6786
1962	2962
7668	8668
3848	4848
698	1698
2530	3530
4988	5988
5221	6221
3632	4632
501	1501
6658	7658
9541	10541
4323	5323
7464	8464
3752	4752
9627	10627
7498	8498
5315	6315
6197	7197
6573	7573
370	1370
1934	2934
2041	3041
2260	3260
9759	10759
9724	10724
9789	10789
5029	6029
6831	7831
7610	8610
9168	10168
2981	3981
1283	2283
8730	9730
139	1139
9769	10769
9343	10343
378	1378
8225	9225
8464	9464
7810	8810
7984	8984
3031	4031
3962	4962
9595	10595
6458	7458
4952	5952
1012	2012
2422	3422
9111	10111
3167	4167
2188	3188
9627	10627
6182	7182
1049	2049
1593	2593
2018	3018
8694	9694
4511	5511
7180	8180
7722	8722
4925	5925
5376	6376
40	1040
3852	4852
8877	9877
7337	8337
1999	2999
3458	4458
7171	8171
1570	2570
7762	8762
383	1383
5572	6572
3332	4332
7016	8016
343	1343
1317	2317
3395	4395
1892	2892
8085	9085
8845	9845
3420	4420
438	1438
6360	7360
8582	9582
9762	10762
5399	6399
9680	10680
1164	2164
181	1181
6389	7389
8066	9066
4206	5206
7568	8568
6084	7084
9789	10789
1752	2752
1089	2089
7436	8436
6231	7231
2723	3723
9347	10347
9479	10479
7435	8435
4038	5038
6632	7632
7154	8154
1480	2480
9023	10023
325	1325
4144	5144
4937	5937
764	1764
1904	2904
9587	10587
6344	7344
6112	7112
9195	10195
6479	7479
8471	9471
4863	5863
3107	4107
1978	2978
2408	3408
5212	6212
9979	10979
2289	3289
2881	3881
1474	2474
6413	7413
7846	8846
1794	2794
2578	3578
4440	5440
2459	3459
669	1669
2557	3557
6486	7486
1459	2459
5709	6709
6400	7400
9230	10230
39	1039
2975	3975
3219	4219
9904	10904
9591	10591
1869	2869
4222	5222
9325	10325
8506	9506
290	1290
8796	9796
9034	10034
7333	8333
3842	4842
5928	6928
6409	7409
8927	9927
3267	4267
9392	10392
6859	7859
8557	9557
1347	2347
2644	3644
6581	7581
4115	5115
6730	7730
4774	5774
349	1349
1752	2752
8561	9561
2289	3289
1782	2782
5992	6992
828	1828
249	1249
9185	10185
2981	3981
9549	10549
2659	3659
8280	9280
8945	9945
5482	6482
8809	9809
5983	6983
7489	8489
8797	9797
8508	9508
6840	7840
4730	5730
211	1211
3233	4233
6509	7509
8201	9201
628	1628
2965	3965
1805	2805
5144	6144
8832	9832
8494	9494
4161	5161
7410	8410
4280	5280
4796	5796
9270	10270
5120	6120
1998	2998
5778	6778
5295	6295
6469	7469
2845	3845
3777	4777
9824	10824
6106	7106
5468	6468
122	1122
917	1917
5874	6874
1533	2533
9097	10097
4893	5893
3294	4294
4176	5176
7619	8619
3050	4050
7583	8583
8797	9797
4460	5460
7236	8236
1267	2267
938	1938
3442	4442
3526	4526
5950	6950
4072	5072
5611	6611
7459	8459
2409	3409
8169	9169
7242	8242
6216	7216
8368	9368
9630	10630
4875	5875
2154	3154
597	1597
7632	8632
9079	10079
9015	10015
8046	9046
4228	5228
6808	7808
8892	9892
3762	4762
5526	6526
106	1106
4970	5970
4821	5821
9801	10801
1184	2184
3352	4352
5767	6767
6698	7698
5495	6495
2829	3829
794	1794
473	1473
4678	5678
452	1452
1931	2931
5113	6113
9250	10250
1130	2130
6245	7245
767	1767
4678	5678
1788	2788
38	1038
4451	5451
9341	10341
2995	3995
6432	7432
332	1332
8002	9002
5446	6446
5832	6832
2830	3830
1228	2228
3878	4878
6479	7479
2462	3462
5871	6871
4642	5642
4367	5367
2753	3753
6159	7159
6180	7180
2092	3092
9815	10815
4703	5703
1921	2921
539	1539
9779	10779
6021	7021
3765	4765
8277	9277
7475	8475
4953	5953
5964	6964
7069	8069
2836	3836
2378	3378
9294	10294
8046	9046
749	1749
1404	2404
4541	5541
5719	6719
750	1750
3759	4759
1592	2592
3798	4798
325	1325
3021	4021
9537	10537
8264	9264
4518	5518
2598	3598
1079	2079
1103	2103
5611	6611
242	1242
1984	2984
9967	10967
2613	3613
5955	6955
4312	5312
5966	6966
5017	6017
4235	5235
1428	2428
2302	3302
3372	4372
1916	2916
2867	3867
9173	10173
856	1856
477	1477
9099	10099
2152	3152
4072	5072
253	1253
4450	5450
9886	10886
3584	4584
980	1980
997	1997
2860	3860
7973	8973
7720	8720
2236	3236
5534	6534
7907	8907
6703	7703
7939	8939
2685	3685
9432	10432
8365	9365
632	1632
3450	4450
4729	5729
3795	4795
6093	7093
2182	3182
184	1184
3819	4819
409	1409
1954	2954
1821	2821
4363	5363
7557	8557
8877	9877
1117	2117
7517	8517
81	1081
2645	3645
5333	6333
6018	7018
7889	8889
2540	3540
6979	7979
9685	10685
8434	9434
6058	7058
2429	3429
4194	5194
3571	4571
9666	10666
5093	6093
8596	9596
2429	3429
8691	9691
1068	2068
878	1878
9855	10855
1081	2081
9133	10133
4609	5609
7435	8435
2816	3816
1347	2347
8313	9313
2874	3874
487	1487
6251	7251
7065	8065
1269	2269
8220	9220
9016	10016
8050	9050
5116	6116
7701	8701
4666	5666
1901	2901
2206	3206
6306	7306
4052	5052
9069	10069
4861	5861
215	1215
8257	9257
1109	2109
5929	6929
8535	9535
555	1555
9018	10018
3575	4575
679	1679
4581	5581
8836	9836
9972	10972
2562	3562
9601	10601
1908	2908
5078	6078
2636	3636
8486	9486
133	1133
6809	7809
5720	6720
5376	6376
689	1689
1371	2371
7548	8548
