500	2809186
5142	6142
861	1861
8546	9546
1018	2018
4024	5024
3096	4096
2279	3279
3097	4097
4291	5291
8009	9009
3976	4976
9365	10365
9786	10786
3903	4903
2074	3074
9465	10465
4105	5105
4798	5798
6245	7245
5133	6133
2830	3830
1329	2329
966	1966
6626	7626
2255	3255
5540	6540
2545	3545
9444	10444
8629	9629
7705	8705
2117	3117
262	1262
4012	5012
9889	10889
1334	2334
9524	10524
4180	5180
8366	9366
9653	10653
7579	8579
2968	3968
5466	6466
8853	9853
661	1661
435	1435
7232	8232
4043	5043
9912	10912
7890	8890
572	1572
3824	4824
9614	10614
9061	10061
5768	6768
4790	5790
7840	8840
9322	10322
3661	4661
8224	9224
1555	2555
7116	8116
8493	9493
2518	3518
9259	10259
3191	4191
6394	7394
856	1856
6748	7748
6127	7127
8446	9446
2314	3314
1579	2579
562	1562
8874	9874
9373	10373
8869	9869
1804	2804
2794	3794
3755	4755
7006	8006
2147	3147
9040	10040
8015	9015
8972	9972
2687	3687
5518	6518
772	1772
3260	4260
2104	3104
8037	9037
5670	6670
2743	3743
1743	2743
2300	3300
2705	3705
1693	2693
8338	9338
4538	5538
5729	6729
446	1446
341	1341
3229	4229
3476	4476
5183	6183
9604	10604
9845	10845
2160	3160
4013	5013
4759	5759
807	1807
9310	10310
8004	9004
6701	7701
3884	4884
2283	3283
8067	9067
4652	5652
9266	10266
2043	3043
4452	5452
5170	6170
5036	6036
3350	4350
735	1735
5209	6209
4610	5610
7132	8132
9778	10778
9208	10208
7122	8122
850	1850
1824	2824
5225	6225
1520	2520
2547	3547
1254	2254
6688	7688
6479	7479
9908	10908
2738	3738
3159	4159
639	1639
4502	5502
8929	9929
2642	3642
1846	2846
2556	3556
6683	7683
8967	9967
495	1495
7122	8122
4727	5727
416	1416
4293	5293
1161	2161
1200	2200
2350	3350
9465	10465
456	1456
6528	7528
8887	9887
7413	8413
7738	8738
7283	8283
3936	4936
8076	9076
8951	9951
5221	6221
9956	10956
8252	9252
212	1212
7858	8858
6235	7235
3806	4806
4227	5227
3050	4050
6082	7082
351	1351
5033	6033
8428	9428
3022	4022
4637	5637
8107	9107
6280	7280
8173	9173
1319	2319
7066	8066
5026	6026
297	1297
3706	4706
2534	3534
5934	6934
2447	3447
6448	7448
5918	6918
6829	7829
880	1880
3594	4594
2513	3513
7202	8202
8467	9467
5805	6805
8328	9328
4087	5087
8478	9478
2840	3840
9150	10150
5762	6762
6538	7538
2246	3246
2237	3237
7553	8553
9973	10973
7314	8314
7520	8520
3122	4122
8342	9342
9222	10222
9606	10606
371	1371
2559	3559
3407	4407
1204	2204
8070	9070
1494	2494
9787	10787
23	1023
174	1174
5662	6662
9541	10541
1948	2948
9014	10014
775	1775
2268	3268
9754	10754
6101	7101
2285	3285
9808	10808
8592	9592
4212	5212
9542	10542
2952	3952
1736	2736
7551	8551
9364	10364
1081	2081
9764	10764
1821	2821
7874	8874
1453	2453
9699	10699
7376	8376
6348	7348
7496	8496
8869	9869
1450	2450
4689	5689
7110	8110
5625	6625
1282	2282
564	1564
2079	3079
9643	10643
1418	2418
4219	5219
3810	4810
7464	8464
9287	10287
1718	2718
8405	9405
7161	8161
9632	10632
3936	4936
1358	2358
8788	9788
82	1082
5609	6609
6900	7900
2106	3106
8337	9337
3746	4746
1628	2628
2757	3757
7325	8325
7301	8301
7078	8078
1679	2679
9120	10120
7274	8274
1324	2324
7025	8025
5020	6020
1555	2555
5467	6467
3653	4653
3329	4329
4368	5368
6123	7123
8578	9578
2679	3679
310	1310
5192	6192
7286	8286
9226	10226
2284	3284
8672	9672
8564	9564
4276	5276
3556	4556
4365	5365
6069	7069
5988	6988
6692	7692
6469	7469
2999	3999
3405	4405
2035	3035
150	1150
6477	7477
8813	9813
8582	9582
2626	3626
2397	3397
1469	2469
1720	2720
1683	2683
6748	7748
9560	10560
4031	5031
5391	6391
9233	10233
3616	4616
3415	4415
9414	10414
350	1350
9978	10978
8160	9160
3373	4373
6502	7502
7126	8126
5160	6160
6003	7003
6397	7397
8543	9543
584	1584
7017	8017
5545	6545
1900	2900
1023	2023
6317	7317
4243	5243
4608	5608
3260	4260
7161	8161
4760	5760
5082	6082
6768	7768
4001	5001
6124	7124
3780	4780
9289	10289
513	1513
9297	10297
8982	9982
3172	4172
4513	5513
4116	5116
4204	5204
3513	4513
22	1022
6061	7061
9733	10733
8533	9533
9874	10874
9028	10028
7164	8164
817	1817
3839	4839
4313	5313
384	1384
5216	6216
7904	8904
2107	3107
4665	5665
9921	10921
2396	3396
3304	4304
6328	7328
6503	7503
2375	3375
7946	8946
4737	5737
4403	5403
7100	8100
8622	9622
6221	7221
1759	2759
2405	3405
583	1583
949	1949
4857	5857
5751	6751
3761	4761
8995	9995
7401	8401
4453	5453
7104	8104
6169	7169
3552	4552
9891	10891
7619	8619
9995	10995
7915	8915
813	1813
3312	4312
8831	9831
8144	9144
5750	6750
275	1275
5382	6382
8981	9981
6726	7726
6539	7539
9226	10226
4760	5760
9463	10463
8247	9247
3057	4057
2435	3435
2440	3440
3266	4266
7586	8586
6980	7980
1290	2290
3009	4009
725	1725
7103	8103
9234	10234
3821	4821
2158	3158
3769	4769
7195	8195
7428	8428
5947	6947
1193	2193
3159	4159
1331	2331
4566	5566
9546	10546
4619	5619
6660	7660
9382	10382
7323	8323
9871	10871
5067	6067
7987	8987
8645	9645
2567	3567
317	1317
2800	3800
2082	3082
9278	10278
3425	4425
5200	6200
5684	6684
5411	6411
8461	9461
6383	7383
6186	7186
7032	8032
8095	9095
9093	10093
5976	6976
3382	4382
2218	3218
383	1383
7346	8346
6563	7563
8306	9306
6979	7979
8959	9959
2039	3039
9955	10955
4544	5544
8149	9149
5704	6704
9027	10027
4953	5953
9280	10280
2774	3774
6526	7526
7299	8299
5786	6786
736	1736
9306	10306
1481	2481
7189	8189
7819	8819
7076	8076
5541	6541
