500	2197093
4242	5242
2990	3990
5064	6064
3650	4650
812	1812
4782	5782
9113	10113
9780	10780
4656	5656
6608	7608
1278	2278
2608	3608
4987	5987
5467	6467
6429	7429
8957	9957
2935	3935
8563	9563
8455	9455
8703	9703
382	1382
6247	7247
6514	7514
6509	7509
5368	6368
1652	2652
5677	6677
8856	9856
7594	8594
2399	3399
1515	2515
9793	10793
8853	9853
2274	3274
4539	5539
3295	4295
4523	5523
1319	2319
5203	6203
5953	6953
3991	4991
4696	5696
6283	7283
6802	7802
6749	7749
4302	5302
956	1956
7590	8590
5945	6945
1611	2611
9338	10338
7535	8535
7773	8773
7946	8946
1847	2847
4829	5829
1398	2398
2942	3942
9130	10130
1504	2504
6616	7616
4630	5630
7831	8831
7269	8269
7941	8941
7030	8030
9625	10625
3938	4938
3372	4372
5574	6574
6313	7313
3939	4939
5564	6564
5476	6476
6527	7527
6350	7350
2792	3792
4575	5575
4086	5086
601	1601
9282	10282
6251	7251
8087	9087
1358	2358
4535	5535
9530	10530
7668	8668
8382	9382
4907	5907
1989	2989
6074	7074
1844	2844
3887	4887
844	1844
4384	5384
3798	4798
9765	10765
2176	3176
9910	10910
1200	2200
2583	3583
577	1577
7982	8982
3937	4937
7009	8009
4473	5473
1627	2627
4499	5499
9962	10962
2583	3583
1603	2603
9501	10501
4735	5735
6400	7400
1771	2771
824	1824
4224	5224
3636	4636
9853	10853
2418	3418
854	1854
5233	6233
9021	10021
335	1335
7405	8405
1577	2577
1537	2537
3456	4456
4488	5488
2734	3734
9275	10275
3728	4728
2499	3499
4158	5158
814	1814
581	1581
980	1980
5707	6707
6092	7092
4172	5172
1191	2191
8006	9006
8024	9024
2556	3556
4931	5931
101	1101
8566	9566
3709	4709
2213	3213
8172	9172
1888	2888
94	1094
427	1427
1672	2672
6336	7336
3049	4049
7136	8136
3329	4329
455	1455
2682	3682
1542	2542
530	1530
4090	5090
885	1885
131	1131
4005	5005
651	1651
6266	7266
8217	9217
7795	8795
466	1466
2514	3514
3496	4496
9660	10660
4157	5157
7167	8167
6222	7222
5997	6997
6720	7720
6506	7506
2058	3058
2584	3584
4518	5518
774	1774
538	1538
3499	4499
9819	10819
4155	5155
7225	8225
6856	7856
7889	8889
8604	9604
4430	5430
9859	10859
7870	8870
5118	6118
2322	3322
7334	8334
2639	3639
4632	5632
4575	5575
2621	3621
8626	9626
4666	5666
8755	9755
8525	9525
5293	6293
8434	9434
795	1795
6245	7245
4873	5873
6821	7821
7132	8132
2105	3105
2315	3315
4251	5251
4593	5593
9365	10365
8681	9681
2235	3235
2993	3993
7647	8647
1902	2902
9012	10012
4009	5009
5280	6280
9838	10838
3888	4888
9952	10952
4776	5776
6236	7236
8599	9599
1554	2554
16	1016
3202	4202
6910	7910
8559	9559
3528	4528
6971	7971
5052	6052
5410	6410
1789	2789
3110	4110
714	1714
4887	5887
6652	7652
6901	7901
7624	8624
3147	4147
7544	8544
5895	6895
4172	5172
7957	8957
2956	3956
4023	5023
8913	9913
8070	9070
6457	7457
9081	10081
2976	3976
4257	5257
988	1988
9419	10419
1532	2532
1232	2232
9999	10999
9943	10943
5154	6154
6833	7833
8454	9454
3395	4395
234	1234
1114	2114
8430	9430
1064	2064
588	1588
5830	6830
6811	7811
7932	8932
2935	3935
9861	10861
4086	5086
3296	4296
4947	5947
8886	9886
3426	4426
6910	7910
2927	3927
5807	6807
4046	5046
2034	3034
9172	10172
992	1992
1114	2114
3910	4910
6952	7952
6907	7907
8598	9598
2092	3092
8913	9913
1523	2523
730	1730
89	1089
4399	5399
1123	2123
8177	9177
5659	6659
2578	3578
3852	4852
4067	5067
5565	6565
8460	9460
6908	7908
5881	6881
3453	4453
4472	5472
645	1645
194	1194
5989	6989
3941	4941
6728	7728
3001	4001
7600	8600
3948	4948
2700	3700
320	1320
9966	10966
8213	9213
9063	10063
1505	2505
5844	6844
3641	4641
3245	4245
7661	8661
9013	10013
2284	3284
3755	4755
7293	8293
4820	5820
1552	2552
1409	2409
5463	6463
582	1582
7494	8494
3533	4533
201	1201
1673	2673
6584	7584
9815	10815
3695	4695
7287	8287
4570	5570
3981	4981
5095	6095
5345	6345
9948	10948
9891	10891
5418	6418
3815	4815
7750	8750
5397	6397
2374	3374
3366	4366
602	1602
7919	8919
5159	6159
3295	4295
6439	7439
479	1479
9476	10476
198	1198
7122	8122
9301	10301
9138	10138
1914	2914
4600	5600
1128	2128
9507	10507
5611	6611
8603	9603
5071	6071
7026	8026
1982	2982
4786	5786
3280	4280
5257	6257
852	1852
6808	7808
6648	7648
9009	10009
3140	4140
3293	4293
6497	7497
6909	7909
6628	7628
7973	8973
6526	7526
5105	6105
2793	3793
6083	7083
2389	3389
5428	6428
2637	3637
6178	7178
2405	3405
5278	6278
8071	9071
4062	5062
6052	7052
4630	5630
4761	5761
369	1369
6222	7222
6289	7289
8962	9962
594	1594
7082	8082
2679	3679
2614	3614
8426	9426
3747	4747
9268	10268
1549	2549
3985	4985
999	1999
4802	5802
4202	5202
4624	5624
3359	4359
4181	5181
6796	7796
7019	8019
3641	4641
1702	2702
1980	2980
2710	3710
4634	5634
7594	8594
664	1664
7239	8239
3116	4116
27	1027
3215	4215
6542	7542
328	1328
1466	2466
9883	10883
4430	5430
2530	3530
997	1997
9878	10878
8023	9023
7241	8241
920	1920
6806	7806
3869	4869
1716	2716
5205	6205
3449	4449
2761	3761
1646	2646
7256	8256
2323	3323
1157	2157
3595	4595
8090	9090
9789	10789
5113	6113
5937	6937
1463	2463
6518	7518
2992	3992
6205	7205
7960	8960
3531	4531
2251	3251
8858	9858
1447	2447
9685	10685
3123	4123
197	1197
2654	3654
7017	8017
7211	8211
7016	8016
5692	6692
4113	5113
3058	4058
9776	10776
1239	2239
2051	3051
4110	5110
2773	3773
315	1315
8516	9516
322	1322
3208	4208
8669	9669
6735	7735
6043	7043
