500	757701
1165	2165
2570	3570
9242	10242
2692	3692
5900	6900
780	1780
6580	7580
3300	4300
9990	10990
6816	7816
8155	9155
4978	5978
3039	4039
375	1375
4890	5890
6726	7726
6983	7983
6910	7910
5194	6194
2177	3177
6946	7946
7257	8257
6236	7236
6424	7424
8292	9292
7893	8893
4705	5705
749	1749
4930	5930
3970	4970
7636	8636
476	1476
1660	2660
3185	4185
2549	3549
2815	3815
7079	8079
6472	7472
6708	7708
7984	8984
3995	4995
7310	8310
1729	2729
4890	5890
6635	7635
3759	4759
8834	9834
1705	2705
8247	9247
566	1566
5816	6816
8637	9637
5964	6964
5599	6599
8165	9165
4093	5093
9710	10710
5484	6484
2137	3137
3534	4534
4904	5904
3131	4131
1389	2389
3660	4660
549	1549
9582	10582
953	1953
2959	3959
8812	9812
6932	7932
1123	2123
6112	7112
9874	10874
2580	3580
9676	10676
3322	4322
8994	9994
4781	5781
1159	2159
4301	5301
2154	3154
3508	4508
3092	4092
8445	9445
5995	6995
8567	9567
449	1449
4345	5345
6791	7791
9146	10146
2470	3470
5310	6310
6473	7473
2849	3849
9124	10124
5635	6635
5887	6887
6229	7229
1655	2655
795	1795
9030	10030
7797	8797
1397	2397
761	1761
4063	5063
7184	8184
5011	6011
1937	2937
8675	9675
8362	9362
8031	9031
6181	7181
4719	5719
3653	4653
791	1791
4053	5053
3736	4736
9436	10436
8470	9470
5417	6417
957	1957
1437	2437
6459	7459
3736	4736
9031	10031
1346	2346
4990	5990
673	1673
6665	7665
1776	2776
4864	5864
583	1583
8305	9305
377	1377
3994	4994
7491	8491
7920	8920
6781	7781
4038	5038
9517	10517
4388	5388
9917	10917
2522	3522
9485	10485
1151	2151
3608	4608
8776	9776
1070	2070
8881	9881
3536	4536
1120	2120
6783	7783
859	1859
7731	8731
3058	4058
830	1830
9612	10612
6916	7916
349	1349
8636	9636
2441	3441
1174	2174
5357	6357
5196	6196
3497	4497
2547	3547
1891	2891
2325	3325
3689	4689
1584	2584
2225	3225
7798	8798
3544	4544
8975	9975
8180	9180
7710	8710
2241	3241
5004	6004
37	1037
3705	4705
4951	5951
5203	6203
9964	10964
2137	3137
9685	10685
7667	8667
6841	7841
3912	4912
5526	6526
5454	6454
6207	7207
8336	9336
9318	10318
3674	4674
7382	8382
2493	3493
2571	3571
919	1919
864	1864
1262	2262
9550	10550
9699	10699
9045	10045
9182	10182
2791	3791
3109	4109
9898	10898
8900	9900
8505	9505
6870	7870
2690	3690
7783	8783
7865	8865
3136	4136
8486	9486
394	1394
5922	6922
658	1658
8859	9859
2550	3550
2620	3620
7597	8597
9474	10474
5471	6471
1786	2786
9925	10925
3646	4646
6797	7797
420	1420
9551	10551
1968	2968
1638	2638
8362	9362
4928	5928
2847	3847
9269	10269
9774	10774
4283	5283
9580	10580
7896	8896
8336	9336
21	1021
884	1884
85	1085
1874	2874
4356	5356
4187	5187
5464	6464
3417	4417
3935	4935
3187	4187
3267	4267
4985	5985
8701	9701
1110	2110
5275	6275
7735	8735
1787	2787
9937	10937
7333	8333
2136	3136
3057	4057
7660	8660
390	1390
7771	8771
3337	4337
6560	7560
5052	6052
89	1089
6957	7957
3022	4022
469	1469
5615	6615
4712	5712
6558	7558
9344	10344
2071	3071
915	1915
6632	7632
6671	7671
1477	2477
8566	9566
3044	4044
8956	9956
5113	6113
685	1685
7780	8780
9774	10774
2373	3373
7585	8585
3797	4797
384	1384
6724	7724
2575	3575
2779	3779
7056	8056
2730	3730
4771	5771
495	1495
9607	10607
2559	3559
9166	10166
8516	9516
4806	5806
6745	7745
2636	3636
8364	9364
6068	7068
1370	2370
2609	3609
553	1553
6539	7539
808	1808
1045	2045
9649	10649
9608	10608
9453	10453
4265	5265
6074	7074
2995	3995
7277	8277
5344	6344
8709	9709
6997	7997
8940	9940
7579	8579
487	1487
2910	3910
279	1279
5361	6361
3550	4550
3382	4382
2274	3274
136	1136
2499	3499
6679	7679
9448	10448
9437	10437
37	1037
1310	2310
3813	4813
4351	5351
8470	9470
4335	5335
5530	6530
2800	3800
3140	4140
1350	2350
4947	5947
3874	4874
2504	3504
4271	5271
9799	10799
2966	3966
4620	5620
8848	9848
9744	10744
9444	10444
1825	2825
8928	9928
621	1621
9408	10408
672	1672
6177	7177
4784	5784
831	1831
4557	5557
7631	8631
6730	7730
6736	7736
9681	10681
96	1096
4719	5719
4655	5655
8793	9793
6126	7126
3940	4940
7819	8819
8709	9709
9025	10025
4975	5975
7512	8512
1412	2412
7658	8658
5663	6663
4383	5383
9307	10307
7360	8360
6565	7565
9583	10583
5674	6674
1010	2010
8214	9214
2949	3949
8833	9833
7928	8928
843	1843
7760	8760
6896	7896
340	1340
1464	2464
6723	7723
9289	10289
2048	3048
2022	3022
3157	4157
6113	7113
7707	8707
7902	8902
4873	5873
5726	6726
48	1048
2985	3985
6392	7392
159	1159
9569	10569
8323	9323
3305	4305
8784	9784
2259	3259
4392	5392
4737	5737
1443	2443
4646	5646
3105	4105
5521	6521
6954	7954
1660	2660
2392	3392
1813	2813
9900	10900
146	1146
3195	4195
8375	9375
1532	2532
7887	8887
6411	7411
7715	8715
3649	4649
8131	9131
6247	7247
5320	6320
4375	5375
4947	5947
8025	9025
6660	7660
8685	9685
107	1107
4048	5048
329	1329
8980	9980
8626	9626
6265	7265
6643	7643
8700	9700
5322	6322
6221	7221
6654	7654
7746	8746
935	1935
5540	6540
4102	5102
1247	2247
1575	2575
145	1145
5141	6141
9425	10425
3461	4461
151	1151
761	1761
897	1897
9361	10361
6685	7685
5834	6834
9176	10176
1803	2803
9243	10243
5256	6256
4943	5943
9250	10250
9676	10676
288	1288
3276	4276
5812	6812
3651	4651
5084	6084
1411	2411
2915	3915
2416	3416
737	1737
5900	6900
7086	8086
6606	7606
9821	10821
5005	6005
3412	4412
2800	3800
6043	7043
9969	10969
8821	9821
