500	1490115
3261	4261
6580	7580
9055	10055
4453	5453
7449	8449
8302	9302
9597	10597
7501	8501
981	1981
5811	6811
1420	2420
2502	3502
5827	6827
1046	2046
1988	2988
8066	9066
8013	9013
4268	5268
3160	4160
9295	10295
9957	10957
1959	2959
1281	2281
2373	3373
8992	9992
1118	2118
6631	7631
7281	8281
4808	5808
1644	2644
7291	8291
3121	4121
7914	8914
4618	5618
2210	3210
7453	8453
6417	7417
3301	4301
292	1292
6770	7770
7198	8198
5814	6814
2138	3138
7519	8519
7367	8367
1413	2413
1401	2401
4550	5550
5423	6423
8135	9135
1410	2410
8968	9968
1042	2042
4402	5402
3327	4327
8663	9663
355	1355
2141	3141
4055	5055
5371	6371
985	1985
1093	2093
4277	5277
4406	5406
5825	6825
919	1919
3328	4328
4610	5610
5362	6362
3412	4412
4647	5647
8331	9331
7408	8408
5494	6494
614	1614
5556	6556
6188	7188
7491	8491
8100	9100
5113	6113
7442	8442
8215	9215
3644	4644
4898	5898
8155	9155
1912	2912
4443	5443
6873	7873
5192	6192
8686	9686
67	1067
3899	4899
1170	2170
6031	7031
5239	6239
868	1868
4976	5976
8504	9504
9514	10514
8188	9188
7869	8869
457	1457
3977	4977
2754	3754
9480	10480
8485	9485
6703	7703
2175	3175
9526	10526
2774	3774
6175	7175
5798	6798
4968	5968
6136	7136
4937	5937
7720	8720
734	1734
2399	3399
8949	9949
1924	2924
7824	8824
5537	6537
5099	6099
3903	4903
9749	10749
1133	2133
6511	7511
9923	10923
1203	2203
2850	3850
9253	10253
8703	9703
6500	7500
6940	7940
5054	6054
9379	10379
1972	2972
3225	4225
3332	4332
4489	5489
3971	4971
1180	2180
6965	7965
4980	5980
3330	4330
4070	5070
5006	6006
4830	5830
7448	8448
3157	4157
7020	8020
3123	4123
2913	3913
328	1328
439	1439
6076	7076
5729	6729
7375	8375
6833	7833
8951	9951
6401	7401
6675	7675
6064	7064
2089	3089
525	1525
6648	7648
9434	10434
6864	7864
8014	9014
552	1552
7191	8191
8015	9015
3720	4720
9104	10104
3965	4965
8589	9589
1314	2314
9417	10417
8491	9491
6625	7625
9001	10001
2541	3541
9592	10592
1499	2499
6726	7726
5249	6249
1984	2984
5852	6852
2171	3171
8586	9586
1742	2742
274	1274
4364	5364
9622	10622
2827	3827
5153	6153
2430	3430
6839	7839
93	1093
8899	9899
6333	7333
2692	3692
673	1673
6899	7899
8413	9413
9569	10569
904	1904
6575	7575
4255	5255
4650	5650
2269	3269
2900	3900
5024	6024
4303	5303
1326	2326
9616	10616
4295	5295
898	1898
9576	10576
437	1437
7625	8625
6590	7590
3106	4106
8065	9065
8723	9723
7047	8047
5456	6456
3436	4436
5362	6362
4083	5083
5655	6655
6272	7272
1789	2789
195	1195
3839	4839
6540	7540
9048	10048
6689	7689
9078	10078
4295	5295
2654	3654
4800	5800
707	1707
7642	8642
5394	6394
6472	7472
3650	4650
5099	6099
1316	2316
4368	5368
6312	7312
8854	9854
154	1154
3663	4663
2777	3777
3796	4796
8712	9712
8420	9420
6089	7089
8447	9447
9563	10563
4999	5999
3514	4514
1763	2763
242	1242
5725	6725
5627	6627
6306	7306
6265	7265
3714	4714
1172	2172
5180	6180
6191	7191
1515	2515
900	1900
8673	9673
7155	8155
9354	10354
4069	5069
7917	8917
5882	6882
288	1288
8911	9911
5801	6801
4802	5802
7298	8298
1573	2573
65	1065
3237	4237
4935	5935
1971	2971
9692	10692
954	1954
1521	2521
1316	2316
3874	4874
9988	10988
4157	5157
9271	10271
9352	10352
6986	7986
8502	9502
5775	6775
2018	3018
9579	10579
3491	4491
6445	7445
6397	7397
2756	3756
2442	3442
561	1561
9557	10557
229	1229
3988	4988
6069	7069
3081	4081
1151	2151
6499	7499
3580	4580
3364	4364
5411	6411
5635	6635
4885	5885
9257	10257
8535	9535
7207	8207
4398	5398
4357	5357
8063	9063
7153	8153
776	1776
9428	10428
2666	3666
5747	6747
7236	8236
75	1075
4271	5271
9442	10442
8160	9160
8458	9458
3468	4468
5247	6247
9650	10650
740	1740
1158	2158
1784	2784
4236	5236
3884	4884
128	1128
9377	10377
5370	6370
1439	2439
1687	2687
5236	6236
5014	6014
2133	3133
2684	3684
8209	9209
4625	5625
2448	3448
8265	9265
6126	7126
3391	4391
7228	8228
1349	2349
8370	9370
8368	9368
2089	3089
7304	8304
6920	7920
4225	5225
4653	5653
5763	6763
7181	8181
6363	7363
5836	6836
5870	6870
3996	4996
7633	8633
392	1392
2936	3936
4039	5039
9539	10539
9458	10458
2340	3340
272	1272
1964	2964
9071	10071
8724	9724
6553	7553
3558	4558
8395	9395
1884	2884
1936	2936
4129	5129
2268	3268
4857	5857
4522	5522
8766	9766
7450	8450
9006	10006
5905	6905
4630	5630
6648	7648
3613	4613
6783	7783
5396	6396
418	1418
4313	5313
7489	8489
6917	7917
793	1793
5021	6021
2320	3320
5270	6270
5070	6070
7008	8008
4497	5497
6776	7776
2762	3762
5283	6283
5691	6691
7788	8788
1025	2025
737	1737
9231	10231
3438	4438
4604	5604
3050	4050
2524	3524
5170	6170
902	1902
8501	9501
3223	4223
3207	4207
5768	6768
6187	7187
8071	9071
4892	5892
1789	2789
1784	2784
2418	3418
6728	7728
1347	2347
1847	2847
48	1048
6427	7427
8523	9523
2732	3732
7108	8108
3242	4242
3787	4787
7567	8567
3364	4364
2031	3031
416	1416
9500	10500
8135	9135
8329	9329
1190	2190
2458	3458
9901	10901
8937	9937
6825	7825
1286	2286
1633	2633
9188	10188
4265	5265
436	1436
3342	4342
1183	2183
2206	3206
4760	5760
2471	3471
3605	4605
6825	7825
6321	7321
571	1571
9437	10437
3645	4645
5138	6138
8527	9527
4326	5326
3171	4171
339	1339
3022	4022
4532	5532
8902	9902
657	1657
3799	4799
5541	6541
2582	3582
5636	6636
9327	10327
4762	5762
8780	9780
294	1294
741	1741
6024	7024
751	1751
