500	2714697
2561	3561
6864	7864
6579	7579
1407	2407
9847	10847
771	1771
3024	4024
5455	6455
4834	5834
65	1065
1681	2681
319	1319
7679	8679
537	1537
3378	4378
2559	3559
9242	10242
5687	6687
9923	10923
1028	2028
2936	3936
7377	8377
5300	6300
1937	2937
4626	5626
2907	3907
7727	8727
1120	2120
3111	4111
1320	2320
1108	2108
6935	7935
2700	3700
392	1392
9169	10169
9008	10008
2382	3382
799	1799
3649	4649
5493	6493
9343	10343
4256	5256
7358	8358
6643	7643
8642	9642
4122	5122
6877	7877
9868	10868
392	1392
1714	2714
4373	5373
3852	4852
9867	10867
5610	6610
152	1152
4947	5947
1474	2474
9414	10414
3121	4121
4695	5695
3233	4233
1682	2682
7727	8727
5228	6228
5123	6123
2988	3988
5566	6566
9766	10766
9214	10214
3194	4194
6439	7439
4648	5648
6085	7085
5313	6313
9592	10592
76	1076
4709	5709
4123	5123
9743	10743
5674	6674
8240	9240
4955	5955
9638	10638
9876	10876
2251	3251
6598	7598
9248	10248
6963	7963
2850	3850
2255	3255
6363	7363
1523	2523
4070	5070
9008	10008
1160	2160
200	1200
1834	2834
6826	7826
3189	4189
2879	3879
5433	6433
7879	8879
3853	4853
4542	5542
5837	6837
6285	7285
744	1744
9395	10395
248	1248
8218	9218
622	1622
293	1293
281	1281
4639	5639
4515	5515
2843	3843
6946	7946
6765	7765
9741	10741
5743	6743
9859	10859
4577	5577
6601	7601
1786	2786
82	1082
5106	6106
7808	8808
7618	8618
5518	6518
5200	6200
1962	2962
5189	6189
6616	7616
9219	10219
3892	4892
7541	8541
2938	3938
9678	10678
9046	10046
8683	9683
5045	6045
2415	3415
2942	3942
6595	7595
1924	2924
8677	9677
8425	9425
3441	4441
5009	6009
3582	4582
203	1203
2728	3728
7503	8503
2745	3745
4164	5164
7218	8218
8047	9047
4556	5556
1200	2200
1159	2159
4735	5735
3263	4263
1546	2546
9317	10317
3519	4519
1956	2956
846	1846
638	1638
8052	9052
8862	9862
3761	4761
3847	4847
7950	8950
2947	3947
615	1615
2333	3333
7510	8510
9400	10400
6100	7100
1513	2513
9364	10364
6577	7577
9981	10981
7330	8330
4900	5900
3164	4164
6230	7230
1739	2739
9348	10348
7947	8947
9801	10801
2693	3693
5873	6873
8902	9902
4522	5522
3715	4715
6495	7495
5734	6734
7319	8319
9192	10192
4157	5157
2078	3078
7490	8490
7816	8816
3166	4166
8561	9561
6094	7094
8607	9607
9	1009
7825	8825
959	1959
5903	6903
9854	10854
4119	5119
3770	4770
3704	4704
4034	5034
9698	10698
1461	2461
7151	8151
5180	6180
2619	3619
3843	4843
4023	5023
6547	7547
6558	7558
1961	2961
2625	3625
4404	5404
5320	6320
4415	5415
3265	4265
8751	9751
3330	4330
2197	3197
6788	7788
7150	8150
3304	4304
6763	7763
6911	7911
9188	10188
4369	5369
1347	2347
9151	10151
6105	7105
9374	10374
7617	8617
2916	3916
7341	8341
3787	4787
4697	5697
5903	6903
387	1387
1650	2650
596	1596
4075	5075
6999	7999
2367	3367
1938	2938
7890	8890
1596	2596
6533	7533
4020	5020
5273	6273
8603	9603
5114	6114
1061	2061
9796	10796
4751	5751
1791	2791
344	1344
8664	9664
3034	4034
6725	7725
1988	2988
6363	7363
7153	8153
2501	3501
4276	5276
3961	4961
2301	3301
6567	7567
4369	5369
9379	10379
5222	6222
1663	2663
9317	10317
6956	7956
6296	7296
53	1053
9972	10972
1810	2810
9557	10557
3399	4399
5966	6966
5346	6346
4972	5972
8536	9536
3499	4499
3958	4958
6150	7150
1175	2175
5258	6258
9884	10884
5760	6760
2850	3850
9072	10072
7367	8367
3273	4273
5020	6020
7271	8271
4461	5461
2252	3252
6843	7843
8000	9000
6747	7747
8814	9814
6880	7880
6421	7421
8578	9578
714	1714
9198	10198
8386	9386
8211	9211
3136	4136
1372	2372
472	1472
1625	2625
9132	10132
501	1501
1518	2518
1987	2987
5296	6296
626	1626
4277	5277
8319	9319
6548	7548
4920	5920
463	1463
8267	9267
5713	6713
6238	7238
490	1490
1823	2823
2135	3135
9832	10832
1298	2298
7938	8938
4781	5781
6678	7678
3584	4584
8159	9159
2939	3939
5122	6122
576	1576
9408	10408
8643	9643
4941	5941
3214	4214
1537	2537
6990	7990
8070	9070
7608	8608
6175	7175
2908	3908
6463	7463
1325	2325
3460	4460
8926	9926
5085	6085
7771	8771
7185	8185
6771	7771
6303	7303
8076	9076
1356	2356
4277	5277
4342	5342
4049	5049
5845	6845
9726	10726
3701	4701
3391	4391
8083	9083
2932	3932
1112	2112
4341	5341
5883	6883
9410	10410
885	1885
223	1223
9359	10359
7739	8739
8906	9906
8206	9206
4343	5343
3041	4041
6759	7759
5245	6245
9933	10933
4370	5370
1585	2585
5923	6923
35	1035
8251	9251
8814	9814
5273	6273
7585	8585
3049	4049
5568	6568
5590	6590
8374	9374
9072	10072
6154	7154
9329	10329
101	1101
4673	5673
2792	3792
3337	4337
9433	10433
5041	6041
8167	9167
8619	9619
5453	6453
3743	4743
8271	9271
3779	4779
1965	2965
202	1202
5134	6134
665	1665
4113	5113
2666	3666
9438	10438
9289	10289
7981	8981
3647	4647
1246	2246
6127	7127
2993	3993
885	1885
5214	6214
5153	6153
6693	7693
3102	4102
1756	2756
4489	5489
538	1538
9859	10859
5879	6879
6882	7882
4198	5198
214	1214
4807	5807
115	1115
6024	7024
4710	5710
1720	2720
8616	9616
1456	2456
2922	3922
5435	6435
7314	8314
8971	9971
9912	10912
5753	6753
9194	10194
6179	7179
3733	4733
946	1946
7608	8608
9432	10432
899	1899
7278	8278
3868	4868
7036	8036
1015	2015
3924	4924
3475	4475
3347	4347
2404	3404
9140	10140
1773	2773
9982	10982
7532	8532
2968	3968
342	1342
7173	8173
1720	2720
2490	3490
6929	7929
970	1970
3853	4853
5657	6657
3752	4752
1532	2532
7750	8750
5266	6266
234	1234
4318	5318
