500	2287051
8479	9479
8960	9960
4738	5738
8114	9114
8263	9263
7899	8899
1331	2331
6836	7836
9536	10536
7086	8086
4620	5620
1175	2175
3683	4683
4192	5192
6255	7255
6518	7518
7905	8905
6427	7427
983	1983
5593	6593
8978	9978
4951	5951
2409	3409
7489	8489
3517	4517
1933	2933
1131	2131
6699	7699
6745	7745
6826	7826
3240	4240
5156	6156
8980	9980
7279	8279
2313	3313
3720	4720
495	1495
6027	7027
2908	3908
7140	8140
1225	2225
3843	4843
3437	4437
2208	3208
5503	6503
2947	3947
7957	8957
2048	3048
6758	7758
4222	5222
818	1818
2332	3332
2629	3629
3302	4302
5426	6426
7185	8185
8943	9943
5232	6232
5128	6128
2406	3406
9306	10306
848	1848
5670	6670
3945	4945
2329	3329
3741	4741
2581	3581
4474	5474
7063	8063
7290	8290
8614	9614
5498	6498
2392	3392
8991	9991
8056	9056
8393	9393
5857	6857
1210	2210
3922	4922
9679	10679
5090	6090
885	1885
5842	6842
3734	4734
2921	3921
1851	2851
6232	7232
6210	7210
7282	8282
6308	7308
9131	10131
7506	8506
4577	5577
9664	10664
3225	4225
3454	4454
4579	5579
8746	9746
8535	9535
4871	5871
3225	4225
114	1114
7711	8711
8914	9914
5649	6649
6657	7657
6502	7502
7548	8548
1554	2554
4540	5540
5564	6564
2873	3873
8714	9714
5077	6077
7997	8997
2309	3309
2065	3065
9919	10919
7859	8859
3146	4146
5633	6633
9657	10657
9279	10279
9216	10216
5906	6906
3160	4160
1436	2436
910	1910
1973	2973
1926	2926
9910	10910
6207	7207
638	1638
1854	2854
6187	7187
8531	9531
8900	9900
1250	2250
9387	10387
2561	3561
1449	2449
330	1330
114	1114
2969	3969
8971	9971
4149	5149
9818	10818
7120	8120
5619	6619
3949	4949
520	1520
4288	5288
4979	5979
8254	9254
564	1564
3890	4890
4826	5826
2776	3776
1330	2330
9380	10380
7084	8084
3709	4709
9982	10982
2848	3848
5472	6472
7847	8847
5387	6387
8634	9634
2475	3475
1626	2626
1050	2050
3928	4928
1884	2884
1178	2178
5373	6373
8118	9118
9563	10563
7899	8899
1990	2990
7594	8594
3878	4878
9822	10822
7462	8462
8099	9099
7045	8045
7698	8698
7278	8278
4361	5361
1156	2156
2906	3906
8134	9134
4700	5700
7110	8110
2732	3732
8343	9343
4895	5895
5103	6103
8978	9978
1214	2214
7014	8014
343	1343
2001	3001
4318	5318
9571	10571
1580	2580
5883	6883
8866	9866
6844	7844
4849	5849
6895	7895
7097	8097
8002	9002
381	1381
8695	9695
8800	9800
5024	6024
6817	7817
1639	2639
4627	5627
7564	8564
4093	5093
1983	2983
355	1355
3820	4820
7208	8208
6126	7126
6313	7313
3551	4551
271	1271
7408	8408
3213	4213
6624	7624
6630	7630
4021	5021
2004	3004
218	1218
804	1804
5063	6063
6864	7864
7813	8813
9540	10540
8235	9235
8303	9303
763	1763
9634	10634
5025	6025
9647	10647
1909	2909
7939	8939
427	1427
1380	2380
422	1422
9072	10072
5246	6246
5490	6490
8524	9524
6351	7351
4160	5160
4406	5406
8403	9403
7624	8624
5762	6762
5482	6482
5164	6164
5820	6820
1519	2519
4460	5460
5197	6197
9133	10133
7450	8450
8581	9581
5540	6540
833	1833
4201	5201
9793	10793
85	1085
1366	2366
9781	10781
767	1767
9347	10347
1211	2211
6278	7278
3372	4372
4891	5891
1033	2033
7175	8175
5084	6084
7607	8607
759	1759
3254	4254
6485	7485
4878	5878
4426	5426
6851	7851
577	1577
6030	7030
4868	5868
2174	3174
153	1153
8497	9497
339	1339
1957	2957
4365	5365
3892	4892
3815	4815
663	1663
8328	9328
2747	3747
7314	8314
9335	10335
5799	6799
8616	9616
2071	3071
9035	10035
7765	8765
313	1313
8103	9103
2159	3159
1892	2892
4132	5132
681	1681
5185	6185
3236	4236
45	1045
9266	10266
8208	9208
8560	9560
4926	5926
6162	7162
2684	3684
9173	10173
7216	8216
6966	7966
3926	4926
1523	2523
4078	5078
9839	10839
6906	7906
1049	2049
3480	4480
951	1951
4511	5511
3792	4792
2063	3063
8982	9982
2854	3854
4673	5673
9417	10417
8254	9254
3188	4188
3197	4197
2566	3566
9200	10200
1761	2761
3502	4502
9880	10880
9750	10750
1080	2080
5097	6097
9895	10895
7840	8840
2970	3970
9907	10907
2631	3631
7148	8148
6459	7459
7835	8835
6448	7448
5401	6401
7410	8410
8135	9135
3492	4492
6420	7420
9871	10871
3511	4511
2189	3189
1482	2482
2154	3154
6955	7955
9434	10434
9347	10347
4298	5298
9721	10721
6953	7953
9409	10409
2002	3002
1706	2706
6654	7654
1802	2802
6305	7305
9964	10964
9918	10918
391	1391
352	1352
2101	3101
4418	5418
4052	5052
2479	3479
1485	2485
5564	6564
9285	10285
5032	6032
8045	9045
9638	10638
9847	10847
5459	6459
4272	5272
4724	5724
1161	2161
3505	4505
1981	2981
1398	2398
227	1227
175	1175
4606	5606
5531	6531
9826	10826
9139	10139
2868	3868
9541	10541
1649	2649
8534	9534
84	1084
1233	2233
4452	5452
2454	3454
9939	10939
7394	8394
2398	3398
7046	8046
7414	8414
3696	4696
1418	2418
2908	3908
3380	4380
8406	9406
7200	8200
9433	10433
9965	10965
1139	2139
7618	8618
1341	2341
6377	7377
7097	8097
688	1688
6949	7949
8658	9658
2958	3958
4967	5967
8200	9200
236	1236
9804	10804
2670	3670
2040	3040
5233	6233
391	1391
9770	10770
4069	5069
7779	8779
2517	3517
8785	9785
925	1925
3916	4916
198	1198
4393	5393
6357	7357
754	1754
6239	7239
1508	2508
2249	3249
1520	2520
9382	10382
3414	4414
3896	4896
6132	7132
6878	7878
4731	5731
8109	9109
1945	2945
5495	6495
5332	6332
1025	2025
9797	10797
8068	9068
3644	4644
3167	4167
8629	9629
3542	4542
6953	7953
5798	6798
1849	2849
352	1352
815	1815
5686	6686
8910	9910
7139	8139
4873	5873
241	1241
6491	7491
5062	6062
