500	303580
4146	5146
6789	7789
7935	8935
4693	5693
9441	10441
6506	7506
3267	4267
6314	7314
8799	9799
3944	4944
271	1271
3864	4864
8512	9512
8069	9069
5044	6044
4484	5484
6431	7431
2465	3465
9752	10752
5612	6612
6537	7537
2272	3272
8560	9560
9961	10961
6755	7755
5916	6916
2499	3499
4522	5522
7568	8568
4815	5815
9564	10564
4495	5495
3445	4445
7183	8183
239	1239
2148	3148
3635	4635
6993	7993
958	1958
2152	3152
4289	5289
21	1021
3139	4139
9318	10318
5185	6185
7535	8535
494	1494
78	1078
7367	8367
3706	4706
6325	7325
7823	8823
255	1255
2015	3015
6762	7762
5990	6990
2024	3024
877	1877
2130	3130
2384	3384
4804	5804
2063	3063
6050	7050
8209	9209
4588	5588
5415	6415
3802	4802
9541	10541
1688	2688
9444	10444
3804	4804
6756	7756
4770	5770
1593	2593
1707	2707
705	1705
6068	7068
741	1741
3111	4111
5684	6684
8709	9709
5048	6048
2253	3253
2914	3914
6950	7950
5164	6164
9664	10664
2485	3485
9644	10644
2674	3674
1380	2380
3052	4052
7430	8430
6030	7030
8861	9861
1916	2916
1962	2962
5401	6401
3706	4706
1268	2268
6221	7221
3465	4465
8590	9590
8709	9709
2394	3394
3004	4004
8752	9752
4328	5328
8554	9554
4889	5889
6141	7141
2242	3242
5532	6532
743	1743
14	1014
4615	5615
4921	5921
3332	4332
9507	10507
7999	8999
8107	9107
3265	4265
8982	9982
3193	4193
6905	7905
4281	5281
9269	10269
6288	7288
4571	5571
6132	7132
5550	6550
1476	2476
2888	3888
2799	3799
7633	8633
8287	9287
6502	7502
7010	8010
7654	8654
8713	9713
8074	9074
9033	10033
9654	10654
9556	10556
514	1514
1434	2434
7579	8579
9920	10920
732	1732
3641	4641
8911	9911
7858	8858
9466	10466
9360	10360
7897	8897
7743	8743
6663	7663
2194	3194
1764	2764
370	1370
2678	3678
734	1734
6074	7074
2178	3178
7333	8333
594	1594
9944	10944
9600	10600
4369	5369
7352	8352
6714	7714
6901	7901
6969	7969
3720	4720
7009	8009
9085	10085
5093	6093
6263	7263
2736	3736
1170	2170
1463	2463
7477	8477
928	1928
1481	2481
2080	3080
5235	6235
8272	9272
9386	10386
8095	9095
6433	7433
8833	9833
1778	2778
1743	2743
9559	10559
5800	6800
1243	2243
4262	5262
7618	8618
6184	7184
234	1234
2354	3354
4662	5662
7181	8181
1207	2207
832	1832
4522	5522
695	1695
9388	10388
8155	9155
4068	5068
1465	2465
9571	10571
1009	2009
6534	7534
3847	4847
4078	5078
7652	8652
3481	4481
3285	4285
3628	4628
3989	4989
6689	7689
5751	6751
8418	9418
1071	2071
1231	2231
4993	5993
4882	5882
8154	9154
4589	5589
68	1068
5388	6388
242	1242
1435	2435
6813	7813
7124	8124
3303	4303
2139	3139
1408	2408
3445	4445
8806	9806
9422	10422
2231	3231
5828	6828
1644	2644
4947	5947
8042	9042
6355	7355
501	1501
213	1213
2521	3521
8345	9345
4898	5898
6299	7299
7111	8111
8562	9562
421	1421
7554	8554
1201	2201
8764	9764
7452	8452
7306	8306
7760	8760
6096	7096
1363	2363
172	1172
5937	6937
3229	4229
8860	9860
7864	8864
6348	7348
7372	8372
6743	7743
6772	7772
58	1058
3251	4251
6336	7336
9920	10920
7077	8077
8515	9515
3802	4802
8443	9443
9453	10453
1824	2824
3236	4236
3970	4970
357	1357
6652	7652
4932	5932
4807	5807
9445	10445
8187	9187
4388	5388
2029	3029
231	1231
3481	4481
7956	8956
9646	10646
640	1640
5559	6559
3990	4990
8820	9820
1091	2091
8294	9294
4265	5265
228	1228
4816	5816
5247	6247
8531	9531
6086	7086
7638	8638
5359	6359
7401	8401
6769	7769
7340	8340
8485	9485
3451	4451
3536	4536
2674	3674
4020	5020
6968	7968
2043	3043
9280	10280
8750	9750
9822	10822
5047	6047
9347	10347
6605	7605
1046	2046
639	1639
4520	5520
9738	10738
9329	10329
916	1916
5872	6872
5245	6245
7712	8712
1571	2571
3337	4337
7299	8299
6802	7802
2583	3583
7548	8548
2543	3543
9036	10036
4533	5533
2924	3924
849	1849
4045	5045
4062	5062
6364	7364
2157	3157
8715	9715
4994	5994
3920	4920
6738	7738
734	1734
6990	7990
3391	4391
3329	4329
1858	2858
1232	2232
2134	3134
7747	8747
9625	10625
9692	10692
5830	6830
7050	8050
5696	6696
5972	6972
1710	2710
7494	8494
1454	2454
3685	4685
4885	5885
2547	3547
1675	2675
831	1831
6223	7223
7499	8499
6397	7397
8432	9432
5056	6056
1715	2715
3580	4580
7340	8340
6690	7690
1590	2590
7755	8755
3905	4905
510	1510
2130	3130
3922	4922
1746	2746
8930	9930
8788	9788
1929	2929
9959	10959
2378	3378
9149	10149
2502	3502
8928	9928
2634	3634
4127	5127
8234	9234
4244	5244
9426	10426
8035	9035
135	1135
2632	3632
3864	4864
4429	5429
5709	6709
6499	7499
360	1360
3161	4161
9401	10401
82	1082
2398	3398
7880	8880
3774	4774
4335	5335
4414	5414
2487	3487
8058	9058
8846	9846
917	1917
3279	4279
3499	4499
3216	4216
9180	10180
6604	7604
6782	7782
4293	5293
2410	3410
198	1198
4053	5053
8664	9664
4482	5482
2189	3189
1529	2529
3437	4437
9137	10137
2248	3248
4659	5659
1240	2240
5145	6145
3510	4510
3821	4821
5202	6202
6890	7890
5073	6073
4714	5714
5767	6767
9718	10718
6066	7066
5370	6370
7631	8631
8094	9094
8063	9063
8717	9717
3041	4041
4716	5716
1889	2889
1519	2519
2285	3285
6537	7537
6678	7678
6098	7098
5640	6640
7677	8677
9918	10918
6132	7132
5467	6467
5635	6635
7681	8681
3140	4140
9425	10425
3918	4918
7287	8287
819	1819
2121	3121
2967	3967
3245	4245
8088	9088
6946	7946
5113	6113
9945	10945
729	1729
7946	8946
9194	10194
3400	4400
4434	5434
4067	5067
8492	9492
3652	4652
6925	7925
1260	2260
2919	3919
2699	3699
