500	1483779
5436	6436
8692	9692
8552	9552
4520	5520
4796	5796
5561	6561
4573	5573
785	1785
2444	3444
5952	6952
3930	4930
5028	6028
5374	6374
4336	5336
5990	6990
4799	5799
6038	7038
9375	10375
7947	8947
8808	9808
7336	8336
40	1040
3491	4491
4525	5525
1788	2788
8339	9339
7649	8649
9199	10199
3249	4249
9311	10311
3653	4653
7471	8471
6293	7293
5226	6226
5072	6072
5209	6209
5021	6021
25	1025
6955	7955
8790	9790
6803	7803
7454	8454
172	1172
3457	4457
2989	3989
6633	7633
3957	4957
5615	6615
2674	3674
7496	8496
176	1176
8619	9619
6869	7869
8410	9410
4967	5967
4246	5246
1655	2655
6393	7393
7164	8164
6857	7857
6403	7403
4943	5943
6628	7628
5271	6271
5936	6936
6032	7032
4691	5691
2107	3107
8001	9001
5437	6437
4150	5150
1158	2158
1994	2994
2639	3639
6029	7029
978	1978
9631	10631
5129	6129
7626	8626
7198	8198
2033	3033
4761	5761
8200	9200
5225	6225
5234	6234
9078	10078
7223	8223
5442	6442
1617	2617
7235	8235
4834	5834
2210	3210
8586	9586
3179	4179
9684	10684
5134	6134
1266	2266
4356	5356
2158	3158
4014	5014
696	1696
2381	3381
277	1277
1624	2624
3706	4706
6924	7924
4634	5634
8848	9848
9813	10813
437	1437
732	1732
8064	9064
3425	4425
7534	8534
4199	5199
6338	7338
2327	3327
1651	2651
7413	8413
754	1754
8927	9927
526	1526
7951	8951
3386	4386
1666	2666
2864	3864
6285	7285
5523	6523
1890	2890
3346	4346
5416	6416
2814	3814
8077	9077
7064	8064
9231	10231
5385	6385
1353	2353
9350	10350
4980	5980
690	1690
8918	9918
5552	6552
3758	4758
3581	4581
3298	4298
729	1729
5231	6231
9988	10988
2882	3882
740	1740
1378	2378
1954	2954
2982	3982
7796	8796
2973	3973
1094	2094
6635	7635
4270	5270
2176	3176
674	1674
1556	2556
7455	8455
1559	2559
1380	2380
7713	8713
4925	5925
8050	9050
748	1748
7868	8868
4124	5124
3305	4305
8932	9932
1360	2360
8433	9433
4134	5134
7478	8478
8746	9746
1570	2570
5943	6943
3798	4798
7185	8185
970	1970
3731	4731
9963	10963
8232	9232
2272	3272
948	1948
7105	8105
6795	7795
6998	7998
2814	3814
6600	7600
8465	9465
516	1516
723	1723
8042	9042
8749	9749
9376	10376
8119	9119
4366	5366
3242	4242
1354	2354
7874	8874
4388	5388
860	1860
2779	3779
7458	8458
3628	4628
6738	7738
2689	3689
7525	8525
5413	6413
8866	9866
5831	6831
3108	4108
4318	5318
9509	10509
4755	5755
5202	6202
7477	8477
6382	7382
6204	7204
8707	9707
6626	7626
9252	10252
943	1943
5116	6116
1842	2842
4765	5765
9009	10009
8211	9211
1725	2725
7655	8655
5313	6313
2099	3099
306	1306
9503	10503
5616	6616
7384	8384
5677	6677
1979	2979
4448	5448
8904	9904
9271	10271
5819	6819
3620	4620
2866	3866
3448	4448
3178	4178
4145	5145
3486	4486
1709	2709
7496	8496
2578	3578
3327	4327
8446	9446
1892	2892
4220	5220
7546	8546
9555	10555
6321	7321
2032	3032
5303	6303
9546	10546
6697	7697
6259	7259
3516	4516
6483	7483
1488	2488
3202	4202
27	1027
8880	9880
8922	9922
3124	4124
9931	10931
8971	9971
4001	5001
9983	10983
9588	10588
2874	3874
7303	8303
2908	3908
6075	7075
8647	9647
9879	10879
725	1725
5085	6085
1478	2478
1719	2719
23	1023
8375	9375
7555	8555
7487	8487
8885	9885
9430	10430
2643	3643
1395	2395
3361	4361
2969	3969
8233	9233
9679	10679
2924	3924
6806	7806
6001	7001
7738	8738
9098	10098
5333	6333
9475	10475
4212	5212
4585	5585
7002	8002
4523	5523
5367	6367
3052	4052
3477	4477
8018	9018
1650	2650
1882	2882
4607	5607
1173	2173
8502	9502
9456	10456
2336	3336
5230	6230
4443	5443
2869	3869
9345	10345
3319	4319
8512	9512
4156	5156
8937	9937
3005	4005
7247	8247
6931	7931
4367	5367
1375	2375
3600	4600
93	1093
5921	6921
1839	2839
6711	7711
1679	2679
654	1654
6904	7904
3847	4847
23	1023
8268	9268
9779	10779
2587	3587
143	1143
8887	9887
5550	6550
126	1126
7647	8647
8345	9345
7408	8408
1066	2066
4579	5579
5394	6394
6956	7956
2211	3211
1927	2927
3366	4366
4532	5532
3871	4871
334	1334
4989	5989
3170	4170
8547	9547
710	1710
6044	7044
7039	8039
8561	9561
1004	2004
4373	5373
75	1075
4606	5606
2027	3027
1190	2190
1475	2475
556	1556
7506	8506
1313	2313
824	1824
1887	2887
745	1745
4094	5094
6791	7791
460	1460
5490	6490
383	1383
3153	4153
3520	4520
5256	6256
3605	4605
9552	10552
1146	2146
5401	6401
3198	4198
8949	9949
4964	5964
3557	4557
2321	3321
5	1005
8124	9124
4663	5663
4249	5249
7341	8341
181	1181
2953	3953
7623	8623
937	1937
7108	8108
4324	5324
981	1981
9642	10642
8997	9997
6526	7526
6043	7043
3639	4639
5511	6511
6896	7896
5863	6863
1946	2946
2325	3325
2512	3512
3310	4310
2506	3506
152	1152
7879	8879
1414	2414
3977	4977
7175	8175
7514	8514
8345	9345
3075	4075
8051	9051
7882	8882
8119	9119
4750	5750
5790	6790
4257	5257
9187	10187
952	1952
5064	6064
4501	5501
5626	6626
1752	2752
7948	8948
1888	2888
4274	5274
7897	8897
1977	2977
4268	5268
274	1274
6781	7781
70	1070
6642	7642
4392	5392
1285	2285
4803	5803
9372	10372
4040	5040
3596	4596
2102	3102
5504	6504
606	1606
4566	5566
8862	9862
7377	8377
6842	7842
7193	8193
7476	8476
5044	6044
3737	4737
7368	8368
2491	3491
5890	6890
8566	9566
596	1596
5925	6925
9687	10687
2983	3983
1283	2283
1031	2031
2483	3483
5980	6980
1743	2743
219	1219
8247	9247
3500	4500
8104	9104
6170	7170
9033	10033
9281	10281
3438	4438
9914	10914
4709	5709
8095	9095
4584	5584
