500	739656
2227	3227
6282	7282
3494	4494
5799	6799
4175	5175
5810	6810
3393	4393
2658	3658
8882	9882
3340	4340
2392	3392
3901	4901
8007	9007
8450	9450
1756	2756
6455	7455
582	1582
1578	2578
8072	9072
7496	8496
1246	2246
1158	2158
8841	9841
8091	9091
7392	8392
2640	3640
3407	4407
6012	7012
194	1194
779	1779
7318	8318
4667	5667
4435	5435
5633	6633
607	1607
871	1871
2882	3882
5959	6959
5062	6062
8029	9029
8111	9111
1661	2661
2123	3123
6928	7928
6164	7164
1342	2342
4351	5351
6502	7502
4929	5929
2007	3007
138	1138
4558	5558
924	1924
758	1758
3840	4840
3965	4965
6644	7644
8856	9856
4252	5252
2283	3283
4152	5152
3470	4470
2583	3583
7379	8379
7779	8779
2539	3539
6984	7984
5505	6505
1417	2417
4828	5828
3678	4678
5751	6751
230	1230
1153	2153
1437	2437
8579	9579
8083	9083
8217	9217
596	1596
5428	6428
2394	3394
7989	8989
1304	2304
7686	8686
6250	7250
740	1740
3000	4000
5608	6608
2514	3514
7970	8970
9370	10370
1132	2132
8263	9263
9668	10668
5083	6083
7769	8769
5879	6879
112	1112
5969	6969
7843	8843
6840	7840
9366	10366
5131	6131
1862	2862
7848	8848
3677	4677
5225	6225
8060	9060
5823	6823
2218	3218
7093	8093
5227	6227
1910	2910
7201	8201
178	1178
4633	5633
6204	7204
2143	3143
413	1413
7443	8443
8290	9290
9499	10499
28	1028
9331	10331
8604	9604
3417	4417
68	1068
1952	2952
9617	10617
3050	4050
2598	3598
4621	5621
5237	6237
7932	8932
1387	2387
9227	10227
9456	10456
8869	9869
4726	5726
4432	5432
2899	3899
5667	6667
664	1664
7659	8659
633	1633
6278	7278
1816	2816
2264	3264
1734	2734
3142	4142
5596	6596
7764	8764
8284	9284
1092	2092
511	1511
8664	9664
7156	8156
6069	7069
1171	2171
2940	3940
2965	3965
6451	7451
5889	6889
8616	9616
1685	2685
1260	2260
1582	2582
8994	9994
4072	5072
312	1312
6743	7743
4132	5132
8828	9828
345	1345
6843	7843
1207	2207
5846	6846
2185	3185
9459	10459
2425	3425
9205	10205
8961	9961
5256	6256
9562	10562
2609	3609
5633	6633
7017	8017
4877	5877
6212	7212
9225	10225
6124	7124
396	1396
7494	8494
8779	9779
5031	6031
8228	9228
8012	9012
7356	8356
8792	9792
3959	4959
2007	3007
1218	2218
51	1051
6247	7247
8971	9971
7162	8162
1188	2188
307	1307
653	1653
4596	5596
2073	3073
9222	10222
8941	9941
1146	2146
3671	4671
6061	7061
2934	3934
2924	3924
4878	5878
9357	10357
5614	6614
8832	9832
2337	3337
2995	3995
2018	3018
1410	2410
7872	8872
8422	9422
3925	4925
492	1492
1127	2127
3933	4933
7389	8389
774	1774
3172	4172
7605	8605
1170	2170
8285	9285
8801	9801
4315	5315
8136	9136
4255	5255
7306	8306
8840	9840
5513	6513
7295	8295
7102	8102
2001	3001
7725	8725
7958	8958
2454	3454
5077	6077
9078	10078
9067	10067
8624	9624
7289	8289
2112	3112
7570	8570
2533	3533
8565	9565
941	1941
1175	2175
2287	3287
4167	5167
217	1217
103	1103
8380	9380
827	1827
1131	2131
6788	7788
4459	5459
3191	4191
9342	10342
3082	4082
2931	3931
5328	6328
2840	3840
3276	4276
5283	6283
2766	3766
8974	9974
4536	5536
2227	3227
8344	9344
1471	2471
673	1673
6498	7498
9355	10355
5615	6615
933	1933
531	1531
3213	4213
7130	8130
5161	6161
2678	3678
9629	10629
5287	6287
8634	9634
8130	9130
1337	2337
6401	7401
2054	3054
295	1295
8704	9704
1508	2508
4753	5753
1145	2145
8205	9205
3688	4688
2132	3132
541	1541
6514	7514
4791	5791
1845	2845
7120	8120
8151	9151
5590	6590
4930	5930
282	1282
8311	9311
4636	5636
8185	9185
6437	7437
1292	2292
8787	9787
9949	10949
4961	5961
390	1390
2206	3206
3904	4904
1553	2553
9200	10200
9083	10083
4080	5080
7766	8766
605	1605
689	1689
8352	9352
8232	9232
7855	8855
3394	4394
3505	4505
8866	9866
3955	4955
6055	7055
7291	8291
5917	6917
2954	3954
1108	2108
1645	2645
6334	7334
1892	2892
1948	2948
3557	4557
6785	7785
5738	6738
4288	5288
2004	3004
1696	2696
5048	6048
5302	6302
2608	3608
6801	7801
2083	3083
1246	2246
8738	9738
4974	5974
3411	4411
205	1205
7445	8445
5075	6075
8075	9075
8801	9801
4898	5898
4348	5348
9066	10066
1895	2895
382	1382
6019	7019
7506	8506
5572	6572
3853	4853
9162	10162
8375	9375
4909	5909
6128	7128
3502	4502
8428	9428
8853	9853
3134	4134
8408	9408
5991	6991
1872	2872
3297	4297
548	1548
4431	5431
2423	3423
5392	6392
5634	6634
867	1867
9355	10355
8119	9119
3787	4787
453	1453
8983	9983
299	1299
5978	6978
6993	7993
7449	8449
2412	3412
2378	3378
4322	5322
9812	10812
7980	8980
9491	10491
1795	2795
5703	6703
6030	7030
8544	9544
2568	3568
7077	8077
7716	8716
3068	4068
7578	8578
1461	2461
6752	7752
8084	9084
8669	9669
704	1704
4870	5870
7322	8322
3751	4751
1963	2963
6429	7429
6135	7135
7476	8476
766	1766
2375	3375
8630	9630
4198	5198
5491	6491
9787	10787
9987	10987
2202	3202
1434	2434
8875	9875
1469	2469
1524	2524
4465	5465
8556	9556
5656	6656
3123	4123
6921	7921
7811	8811
7172	8172
7038	8038
5179	6179
3818	4818
2164	3164
4935	5935
1997	2997
8582	9582
9032	10032
3535	4535
7154	8154
9789	10789
3726	4726
9675	10675
6809	7809
9962	10962
106	1106
816	1816
193	1193
8271	9271
1101	2101
1173	2173
7076	8076
2766	3766
8830	9830
4708	5708
9921	10921
3725	4725
630	1630
4328	5328
8768	9768
8664	9664
4242	5242
2033	3033
8993	9993
3625	4625
9455	10455
2124	3124
796	1796
3931	4931
4686	5686
9642	10642
3409	4409
6273	7273
4311	5311
6416	7416
