500	2201427
6577	7577
4594	5594
4055	5055
5982	6982
6454	7454
2450	3450
5935	6935
2468	3468
1549	2549
8013	9013
8732	9732
1852	2852
7092	8092
2847	3847
7648	8648
7599	8599
9760	10760
6798	7798
912	1912
1325	2325
901	1901
204	1204
1584	2584
5589	6589
1938	2938
3746	4746
7371	8371
4445	5445
1450	2450
92	1092
8798	9798
425	1425
2241	3241
334	1334
4691	5691
8972	9972
5614	6614
261	1261
8797	9797
568	1568
1386	2386
6515	7515
1111	2111
2933	3933
6875	7875
1773	2773
6428	7428
3549	4549
5105	6105
8167	9167
3142	4142
4177	5177
6086	7086
8652	9652
7059	8059
450	1450
1893	2893
4844	5844
9327	10327
4666	5666
2148	3148
8624	9624
5848	6848
4408	5408
4794	5794
4216	5216
1665	2665
4272	5272
3847	4847
1249	2249
7808	8808
186	1186
3101	4101
7730	8730
1214	2214
6144	7144
2290	3290
5021	6021
7702	8702
3360	4360
1507	2507
1210	2210
5632	6632
1687	2687
4124	5124
9508	10508
1804	2804
4307	5307
4896	5896
8573	9573
8035	9035
6984	7984
6205	7205
7643	8643
9224	10224
7004	8004
1875	2875
6010	7010
7686	8686
8739	9739
3963	4963
4750	5750
2887	3887
2491	3491
3818	4818
9017	10017
6232	7232
8263	9263
6071	7071
3915	4915
315	1315
1412	2412
5368	6368
79	1079
5962	6962
2610	3610
1402	2402
6217	7217
7107	8107
8935	9935
1650	2650
2464	3464
9613	10613
9862	10862
7625	8625
3533	4533
314	1314
8070	9070
1093	2093
844	1844
7299	8299
1838	2838
6964	7964
2303	3303
6110	7110
5245	6245
4768	5768
5929	6929
9988	10988
4916	5916
7403	8403
4892	5892
6679	7679
7353	8353
1160	2160
4290	5290
3444	4444
5005	6005
3264	4264
7587	8587
420	1420
4412	5412
3346	4346
732	1732
3243	4243
2971	3971
9694	10694
8760	9760
9081	10081
5764	6764
3956	4956
1626	2626
9206	10206
4887	5887
8845	9845
6418	7418
4011	5011
4988	5988
3409	4409
9239	10239
3143	4143
7847	8847
4046	5046
605	1605
7944	8944
2958	3958
451	1451
244	1244
3125	4125
9395	10395
2196	3196
4802	5802
5829	6829
6533	7533
969	1969
4134	5134
5636	6636
1943	2943
8893	9893
5799	6799
5290	6290
2803	3803
7174	8174
987	1987
5111	6111
3456	4456
7420	8420
8773	9773
8413	9413
1840	2840
2883	3883
1776	2776
9964	10964
5280	6280
9035	10035
8379	9379
3156	4156
993	1993
5315	6315
8259	9259
2547	3547
2987	3987
575	1575
1054	2054
5049	6049
7771	8771
2824	3824
2821	3821
4683	5683
4074	5074
6281	7281
8204	9204
9903	10903
2395	3395
577	1577
3522	4522
8685	9685
9684	10684
9209	10209
1321	2321
4570	5570
4174	5174
1903	2903
1678	2678
1476	2476
7554	8554
3514	4514
5947	6947
2115	3115
2086	3086
1847	2847
1712	2712
1516	2516
2242	3242
1937	2937
9101	10101
809	1809
3320	4320
2532	3532
8694	9694
7524	8524
6100	7100
2748	3748
7863	8863
2052	3052
4623	5623
4552	5552
7931	8931
5989	6989
2423	3423
7401	8401
409	1409
607	1607
4204	5204
6187	7187
2112	3112
9530	10530
2719	3719
9388	10388
3259	4259
4899	5899
4080	5080
8209	9209
6713	7713
1693	2693
9293	10293
1531	2531
4084	5084
656	1656
4382	5382
9151	10151
691	1691
1907	2907
9581	10581
9578	10578
83	1083
8713	9713
5960	6960
8697	9697
4789	5789
4631	5631
9345	10345
6307	7307
8252	9252
6362	7362
8608	9608
566	1566
6121	7121
815	1815
840	1840
8768	9768
3442	4442
3874	4874
5654	6654
5067	6067
1830	2830
4646	5646
2485	3485
7117	8117
5063	6063
1597	2597
5490	6490
3459	4459
531	1531
2776	3776
1923	2923
1115	2115
7566	8566
5629	6629
3195	4195
9044	10044
6964	7964
8411	9411
7663	8663
4152	5152
6011	7011
2275	3275
5909	6909
2722	3722
1285	2285
7443	8443
9841	10841
3027	4027
6971	7971
3070	4070
4538	5538
2552	3552
8175	9175
950	1950
2684	3684
8799	9799
1789	2789
2031	3031
4165	5165
816	1816
9962	10962
7289	8289
9395	10395
2141	3141
93	1093
5899	6899
2708	3708
6433	7433
4843	5843
2518	3518
625	1625
9015	10015
3889	4889
9474	10474
5899	6899
3020	4020
3777	4777
6015	7015
4158	5158
9213	10213
6458	7458
3466	4466
1253	2253
4473	5473
5983	6983
2334	3334
6513	7513
9894	10894
2559	3559
6648	7648
5884	6884
7033	8033
6374	7374
3013	4013
9345	10345
7256	8256
2725	3725
9657	10657
7999	8999
7043	8043
2278	3278
1830	2830
2051	3051
3983	4983
499	1499
4742	5742
5075	6075
4287	5287
3336	4336
7148	8148
7077	8077
9611	10611
9148	10148
8174	9174
1475	2475
1655	2655
5651	6651
3738	4738
7998	8998
8279	9279
9730	10730
6336	7336
1619	2619
9967	10967
819	1819
6869	7869
8985	9985
6417	7417
6464	7464
2621	3621
6119	7119
2379	3379
2406	3406
1475	2475
1708	2708
3860	4860
6383	7383
5308	6308
3545	4545
7010	8010
9603	10603
9913	10913
4990	5990
6389	7389
3721	4721
1253	2253
807	1807
1628	2628
2137	3137
6013	7013
3522	4522
3485	4485
5752	6752
7455	8455
3104	4104
2200	3200
4227	5227
4136	5136
8419	9419
9917	10917
4542	5542
2752	3752
6956	7956
5220	6220
192	1192
1330	2330
9116	10116
2251	3251
3415	4415
5767	6767
3982	4982
5022	6022
5233	6233
9042	10042
4818	5818
9778	10778
2921	3921
5333	6333
41	1041
6726	7726
4141	5141
8256	9256
5892	6892
5998	6998
4848	5848
5283	6283
9030	10030
1605	2605
8365	9365
9101	10101
8486	9486
3638	4638
1757	2757
7101	8101
3359	4359
3099	4099
9704	10704
8040	9040
5539	6539
1747	2747
6065	7065
9451	10451
9021	10021
5961	6961
7280	8280
3628	4628
6145	7145
6845	7845
6571	7571
3074	4074
1205	2205
524	1524
6212	7212
5117	6117
6937	7937
