500	735402
2956	3956
2036	3036
7484	8484
735	1735
875	1875
6131	7131
3805	4805
4082	5082
246	1246
2109	3109
2342	3342
1084	2084
8259	9259
9068	10068
3691	4691
1493	2493
8371	9371
9695	10695
397	1397
6266	7266
2647	3647
2652	3652
5898	6898
4696	5696
2754	3754
362	1362
9012	10012
5114	6114
6577	7577
1243	2243
9671	10671
4641	5641
8008	9008
5133	6133
4358	5358
5009	6009
7537	8537
9584	10584
2403	3403
6317	7317
9669	10669
1053	2053
7486	8486
6271	7271
6359	7359
4400	5400
3692	4692
4538	5538
6648	7648
5439	6439
2378	3378
680	1680
9604	10604
2436	3436
3323	4323
686	1686
4447	5447
5547	6547
7429	8429
2544	3544
5931	6931
1656	2656
2109	3109
3965	4965
605	1605
1985	2985
1050	2050
736	1736
2818	3818
250	1250
7591	8591
7426	8426
6747	7747
8255	9255
5065	6065
7122	8122
7287	8287
2921	3921
1	1001
4010	5010
5676	6676
3583	4583
9199	10199
6985	7985
4142	5142
9354	10354
5129	6129
1050	2050
4387	5387
3727	4727
5197	6197
7579	8579
6045	7045
4919	5919
4517	5517
7188	8188
3363	4363
2206	3206
3606	4606
4868	5868
6244	7244
2216	3216
7111	8111
3082	4082
1101	2101
6943	7943
117	1117
132	1132
5813	6813
7632	8632
8588	9588
561	1561
136	1136
3548	4548
1507	2507
3863	4863
8283	9283
7501	8501
7657	8657
146	1146
2656	3656
9691	10691
7925	8925
7606	8606
5133	6133
6576	7576
3553	4553
8913	9913
7455	8455
9734	10734
8817	9817
9063	10063
9843	10843
3793	4793
8364	9364
8603	9603
6680	7680
3669	4669
8407	9407
577	1577
3174	4174
6349	7349
6860	7860
556	1556
6705	7705
9491	10491
4695	5695
3461	4461
5234	6234
9300	10300
6099	7099
3132	4132
3854	4854
1989	2989
2973	3973
2717	3717
2014	3014
2992	3992
5489	6489
4641	5641
7266	8266
2549	3549
7571	8571
1018	2018
5667	6667
6524	7524
2954	3954
3739	4739
2081	3081
5327	6327
2098	3098
66	1066
7494	8494
379	1379
527	1527
3666	4666
2554	3554
6878	7878
9822	10822
8523	9523
9320	10320
7573	8573
6712	7712
995	1995
9598	10598
8171	9171
9197	10197
1889	2889
4475	5475
9041	10041
4197	5197
5629	6629
981	1981
9887	10887
9852	10852
1265	2265
1473	2473
6650	7650
8293	9293
3989	4989
9221	10221
8731	9731
6340	7340
7387	8387
8954	9954
304	1304
1867	2867
3467	4467
3840	4840
115	1115
8454	9454
9984	10984
931	1931
4681	5681
3340	4340
1222	2222
7958	8958
8028	9028
7873	8873
4127	5127
2692	3692
1931	2931
5763	6763
8535	9535
6768	7768
3918	4918
2287	3287
3602	4602
8494	9494
9519	10519
9775	10775
2167	3167
8704	9704
6055	7055
6391	7391
9620	10620
5923	6923
3501	4501
8339	9339
6903	7903
861	1861
5359	6359
7081	8081
2970	3970
1518	2518
9346	10346
5118	6118
8607	9607
8284	9284
4285	5285
7523	8523
8288	9288
804	1804
3551	4551
193	1193
7808	8808
9723	10723
5794	6794
1192	2192
9749	10749
8132	9132
8766	9766
972	1972
545	1545
2781	3781
1834	2834
6988	7988
1580	2580
1444	2444
2792	3792
456	1456
7782	8782
4940	5940
5173	6173
6130	7130
2429	3429
9788	10788
932	1932
4200	5200
8803	9803
9367	10367
6405	7405
4116	5116
2307	3307
9478	10478
3764	4764
3746	4746
30	1030
2712	3712
3130	4130
39	1039
7410	8410
6357	7357
45	1045
8036	9036
2903	3903
7075	8075
7825	8825
5857	6857
3945	4945
4486	5486
5652	6652
8380	9380
4574	5574
1288	2288
977	1977
7388	8388
6509	7509
3486	4486
7130	8130
688	1688
7806	8806
489	1489
3374	4374
3584	4584
613	1613
7659	8659
4221	5221
522	1522
919	1919
9976	10976
9647	10647
1599	2599
627	1627
6345	7345
9872	10872
152	1152
534	1534
405	1405
562	1562
3599	4599
5306	6306
9727	10727
5989	6989
1117	2117
6001	7001
1643	2643
489	1489
5056	6056
2534	3534
335	1335
9827	10827
4488	5488
320	1320
5784	6784
4168	5168
2369	3369
2672	3672
8002	9002
7537	8537
7717	8717
2089	3089
2212	3212
6825	7825
9515	10515
4737	5737
5018	6018
9819	10819
5941	6941
4664	5664
6788	7788
593	1593
2139	3139
8089	9089
5223	6223
4215	5215
5428	6428
6196	7196
4964	5964
1329	2329
2489	3489
2303	3303
7166	8166
5472	6472
9709	10709
5710	6710
690	1690
9975	10975
7927	8927
8102	9102
5912	6912
690	1690
5966	6966
9917	10917
565	1565
3104	4104
8924	9924
3044	4044
8613	9613
1543	2543
4161	5161
3790	4790
9669	10669
2542	3542
1724	2724
2289	3289
6812	7812
3424	4424
9455	10455
5043	6043
3735	4735
6969	7969
8745	9745
426	1426
1164	2164
367	1367
8798	9798
8619	9619
221	1221
3630	4630
9710	10710
4255	5255
2308	3308
1339	2339
4767	5767
7639	8639
8403	9403
4914	5914
5361	6361
655	1655
2748	3748
1907	2907
941	1941
2202	3202
7608	8608
5899	6899
3234	4234
9084	10084
7709	8709
7281	8281
7039	8039
1735	2735
9969	10969
2330	3330
4938	5938
7907	8907
3815	4815
1467	2467
6869	7869
5959	6959
3307	4307
3431	4431
9419	10419
9641	10641
3545	4545
3173	4173
3103	4103
188	1188
8752	9752
8889	9889
4662	5662
3288	4288
3493	4493
3567	4567
2751	3751
7989	8989
24	1024
9843	10843
8445	9445
1038	2038
3933	4933
4805	5805
1967	2967
8448	9448
424	1424
4266	5266
9663	10663
3831	4831
2184	3184
378	1378
389	1389
9537	10537
8434	9434
8248	9248
3665	4665
2559	3559
9880	10880
208	1208
1875	2875
1861	2861
6070	7070
2673	3673
9211	10211
1229	2229
8513	9513
4960	5960
8126	9126
9449	10449
5332	6332
2417	3417
4380	5380
1989	2989
7452	8452
318	1318
5763	6763
1652	2652
6863	7863
1546	2546
8979	9979
7006	8006
