500	737747
3339	4339
1236	2236
1610	2610
2130	3130
4149	5149
6385	7385
5245	6245
9910	10910
2821	3821
5712	6712
2338	3338
7699	8699
2502	3502
6360	7360
5766	6766
2319	3319
2721	3721
6565	7565
3096	4096
4423	5423
6655	7655
2301	3301
2273	3273
2012	3012
7603	8603
7660	8660
2777	3777
6737	7737
3921	4921
6453	7453
2782	3782
5699	6699
5112	6112
9733	10733
8700	9700
8724	9724
2274	3274
9266	10266
1646	2646
3323	4323
9139	10139
1005	2005
5352	6352
8510	9510
150	1150
459	1459
4268	5268
195	1195
6515	7515
1356	2356
374	1374
9220	10220
6983	7983
7682	8682
1703	2703
9413	10413
2950	3950
4114	5114
2150	3150
2286	3286
4681	5681
7474	8474
8945	9945
4697	5697
9268	10268
2960	3960
3763	4763
8763	9763
6883	7883
1022	2022
1344	2344
1102	2102
9369	10369
6733	7733
1402	2402
1886	2886
3110	4110
2947	3947
1421	2421
1260	2260
8100	9100
3087	4087
3407	4407
7006	8006
8679	9679
1246	2246
985	1985
6449	7449
8877	9877
893	1893
7373	8373
319	1319
8647	9647
7444	8444
6255	7255
1847	2847
5501	6501
135	1135
7785	8785
2390	3390
6880	7880
168	1168
6285	7285
2320	3320
2833	3833
5586	6586
1933	2933
4262	5262
8077	9077
8784	9784
6300	7300
803	1803
954	1954
207	1207
6096	7096
1348	2348
6322	7322
5535	6535
8956	9956
5626	6626
7078	8078
6143	7143
8227	9227
2236	3236
2338	3338
9187	10187
9492	10492
5946	6946
7916	8916
1815	2815
5841	6841
1427	2427
9841	10841
6701	7701
1229	2229
4872	5872
9355	10355
3150	4150
8879	9879
1334	2334
1109	2109
8091	9091
7354	8354
7652	8652
4006	5006
150	1150
5672	6672
3225	4225
7639	8639
6051	7051
3700	4700
2073	3073
8387	9387
4121	5121
6854	7854
2022	3022
8611	9611
1597	2597
3310	4310
8223	9223
3371	4371
5895	6895
3012	4012
5897	6897
5590	6590
1299	2299
6057	7057
5104	6104
372	1372
7031	8031
8021	9021
8039	9039
5220	6220
5234	6234
6672	7672
1156	2156
2104	3104
6270	7270
5243	6243
7659	8659
3016	4016
6615	7615
2319	3319
8174	9174
3677	4677
9172	10172
6364	7364
7390	8390
3966	4966
7872	8872
91	1091
379	1379
6574	7574
9137	10137
5829	6829
6375	7375
7352	8352
1691	2691
543	1543
7057	8057
514	1514
8295	9295
6315	7315
9160	10160
944	1944
4412	5412
2681	3681
1277	2277
6264	7264
1441	2441
7190	8190
5697	6697
9607	10607
4822	5822
8123	9123
8793	9793
3155	4155
7030	8030
6428	7428
9224	10224
6239	7239
5285	6285
2973	3973
1129	2129
2843	3843
2991	3991
7536	8536
1479	2479
2989	3989
3732	4732
9615	10615
5043	6043
7227	8227
9938	10938
9599	10599
8355	9355
7135	8135
7992	8992
5157	6157
7669	8669
3866	4866
5255	6255
8229	9229
739	1739
5686	6686
5753	6753
7117	8117
7481	8481
7622	8622
8588	9588
9369	10369
9571	10571
2819	3819
346	1346
1877	2877
7956	8956
8950	9950
6092	7092
1006	2006
5760	6760
6011	7011
4837	5837
686	1686
9464	10464
7512	8512
4929	5929
4956	5956
8794	9794
6819	7819
5327	6327
740	1740
3181	4181
1085	2085
2979	3979
4389	5389
2679	3679
5383	6383
4034	5034
7462	8462
4542	5542
9899	10899
9098	10098
9621	10621
7294	8294
7842	8842
8430	9430
4808	5808
4538	5538
5395	6395
2467	3467
2136	3136
430	1430
8686	9686
1469	2469
5396	6396
3756	4756
8996	9996
1425	2425
6641	7641
7034	8034
765	1765
6075	7075
4413	5413
1028	2028
4154	5154
991	1991
321	1321
7364	8364
60	1060
8884	9884
6359	7359
6548	7548
7582	8582
5586	6586
4101	5101
9269	10269
2671	3671
2710	3710
1027	2027
8447	9447
2533	3533
7008	8008
2503	3503
3938	4938
8764	9764
8713	9713
7716	8716
545	1545
9521	10521
5996	6996
1426	2426
7383	8383
130	1130
8614	9614
5051	6051
3650	4650
6180	7180
8466	9466
9263	10263
9915	10915
3286	4286
7413	8413
1484	2484
7230	8230
7987	8987
1260	2260
1466	2466
5572	6572
6757	7757
6160	7160
9603	10603
2493	3493
3514	4514
1145	2145
3527	4527
6746	7746
8406	9406
7848	8848
1197	2197
5189	6189
4814	5814
1688	2688
7057	8057
6306	7306
930	1930
4702	5702
5655	6655
8616	9616
1459	2459
5560	6560
8484	9484
1017	2017
275	1275
7942	8942
3160	4160
5459	6459
66	1066
1135	2135
7502	8502
869	1869
9627	10627
248	1248
141	1141
4138	5138
7042	8042
9775	10775
1406	2406
4852	5852
9096	10096
3730	4730
9624	10624
630	1630
4768	5768
6526	7526
4488	5488
5541	6541
1645	2645
6779	7779
587	1587
2818	3818
8526	9526
348	1348
8357	9357
6586	7586
5218	6218
58	1058
9354	10354
7564	8564
472	1472
3122	4122
998	1998
1717	2717
8856	9856
980	1980
7126	8126
4481	5481
8909	9909
2389	3389
2728	3728
1489	2489
5875	6875
8503	9503
2539	3539
9003	10003
7745	8745
3372	4372
1434	2434
9685	10685
8597	9597
6784	7784
1413	2413
6144	7144
188	1188
7076	8076
4	1004
2734	3734
7428	8428
7376	8376
6690	7690
6099	7099
1305	2305
7773	8773
6408	7408
5837	6837
1172	2172
7264	8264
9500	10500
6280	7280
2802	3802
762	1762
2890	3890
9706	10706
8624	9624
4052	5052
613	1613
7695	8695
7159	8159
3436	4436
5720	6720
4825	5825
6478	7478
3669	4669
2631	3631
8656	9656
4683	5683
2729	3729
1734	2734
1796	2796
1042	2042
4631	5631
8357	9357
2484	3484
1126	2126
7684	8684
2336	3336
4712	5712
1557	2557
3259	4259
4678	5678
5766	6766
1915	2915
3249	4249
950	1950
4665	5665
2087	3087
3655	4655
1121	2121
172	1172
1250	2250
70	1070
2742	3742
4898	5898
1602	2602
5142	6142
1292	2292
5658	6658
9598	10598
9561	10561
5381	6381
6299	7299
