500	758308
5091	6091
2904	3904
6741	7741
1001	2001
4430	5430
7124	8124
7206	8206
8866	9866
5957	6957
9307	10307
831	1831
4004	5004
1734	2734
2958	3958
4918	5918
9985	10985
549	1549
5618	6618
7962	8962
1809	2809
8639	9639
5617	6617
196	1196
5628	6628
8857	9857
7262	8262
5218	6218
873	1873
2816	3816
5635	6635
9677	10677
1700	2700
889	1889
2984	3984
8933	9933
4629	5629
8704	9704
6384	7384
886	1886
5551	6551
3891	4891
4024	5024
2392	3392
4331	5331
4832	5832
3705	4705
4012	5012
1398	2398
5438	6438
5504	6504
6525	7525
3560	4560
5673	6673
5146	6146
7172	8172
9923	10923
3002	4002
2801	3801
7703	8703
3025	4025
9428	10428
3267	4267
2750	3750
7050	8050
4689	5689
1305	2305
2297	3297
829	1829
5778	6778
4203	5203
9914	10914
8294	9294
4879	5879
6702	7702
8508	9508
1563	2563
6576	7576
5667	6667
7998	8998
8238	9238
4943	5943
3884	4884
3793	4793
5013	6013
8146	9146
5536	6536
5273	6273
5538	6538
2106	3106
6870	7870
7497	8497
4659	5659
4262	5262
1115	2115
6104	7104
2644	3644
6967	7967
6560	7560
796	1796
3897	4897
9258	10258
5658	6658
1570	2570
88	1088
9105	10105
2508	3508
1204	2204
5828	6828
3948	4948
9158	10158
6946	7946
8682	9682
8824	9824
1930	2930
5962	6962
6584	7584
7736	8736
1658	2658
3976	4976
9295	10295
8778	9778
1143	2143
8786	9786
1559	2559
2794	3794
3063	4063
1120	2120
4602	5602
8060	9060
9086	10086
9866	10866
468	1468
7098	8098
7153	8153
9334	10334
3069	4069
2655	3655
4999	5999
9967	10967
4438	5438
6038	7038
9414	10414
8088	9088
4276	5276
6492	7492
334	1334
4990	5990
3386	4386
7923	8923
8688	9688
1066	2066
2925	3925
1784	2784
6027	7027
6003	7003
5958	6958
1326	2326
2604	3604
4826	5826
5687	6687
121	1121
2570	3570
9489	10489
8432	9432
1274	2274
3182	4182
2814	3814
4352	5352
6920	7920
6194	7194
3042	4042
8751	9751
9106	10106
4797	5797
5166	6166
4854	5854
6978	7978
4377	5377
782	1782
8270	9270
8660	9660
6566	7566
8496	9496
5117	6117
335	1335
3525	4525
1695	2695
3158	4158
5633	6633
1962	2962
4956	5956
1276	2276
207	1207
7288	8288
5274	6274
720	1720
3251	4251
917	1917
3878	4878
3622	4622
9976	10976
3551	4551
6142	7142
2500	3500
1100	2100
9177	10177
9244	10244
6305	7305
8817	9817
875	1875
5183	6183
6858	7858
4164	5164
9536	10536
7553	8553
9791	10791
7363	8363
7197	8197
1879	2879
47	1047
2139	3139
6882	7882
9503	10503
7373	8373
2475	3475
354	1354
9585	10585
7356	8356
162	1162
4504	5504
4260	5260
8393	9393
8617	9617
2130	3130
1436	2436
3360	4360
5204	6204
9263	10263
809	1809
9226	10226
6703	7703
9866	10866
2921	3921
7629	8629
2131	3131
8813	9813
3507	4507
9068	10068
2174	3174
8928	9928
5645	6645
4958	5958
2427	3427
3084	4084
9337	10337
3477	4477
2996	3996
5408	6408
9078	10078
8495	9495
8128	9128
5297	6297
4680	5680
4857	5857
8021	9021
6569	7569
499	1499
5948	6948
8513	9513
4931	5931
1094	2094
8506	9506
8786	9786
2287	3287
159	1159
9356	10356
4032	5032
2818	3818
6624	7624
7704	8704
2122	3122
1868	2868
4575	5575
3272	4272
4085	5085
399	1399
3111	4111
1454	2454
9056	10056
4143	5143
662	1662
7576	8576
9541	10541
7842	8842
6469	7469
7617	8617
1758	2758
650	1650
6046	7046
9347	10347
5885	6885
4797	5797
2337	3337
8613	9613
3260	4260
3216	4216
4323	5323
1611	2611
4929	5929
8798	9798
6537	7537
7816	8816
3971	4971
8073	9073
6482	7482
7322	8322
2429	3429
7746	8746
7085	8085
2520	3520
388	1388
7525	8525
5143	6143
8837	9837
5930	6930
5501	6501
2226	3226
6560	7560
1905	2905
3544	4544
8332	9332
9273	10273
9547	10547
8868	9868
3001	4001
2522	3522
2090	3090
8125	9125
9844	10844
9226	10226
8350	9350
6453	7453
954	1954
7980	8980
2243	3243
9125	10125
4284	5284
6915	7915
8226	9226
5708	6708
2785	3785
719	1719
8097	9097
3061	4061
2148	3148
6313	7313
1551	2551
7355	8355
7979	8979
2976	3976
1585	2585
885	1885
4669	5669
8380	9380
1233	2233
8741	9741
4704	5704
676	1676
7361	8361
9422	10422
5978	6978
8724	9724
5884	6884
9930	10930
6553	7553
2331	3331
2747	3747
3454	4454
6129	7129
4583	5583
9759	10759
737	1737
7033	8033
5603	6603
2562	3562
1644	2644
9671	10671
8831	9831
7744	8744
8630	9630
224	1224
6235	7235
6601	7601
1113	2113
5067	6067
7774	8774
7333	8333
7756	8756
5460	6460
4826	5826
2962	3962
454	1454
2206	3206
6947	7947
7598	8598
301	1301
753	1753
340	1340
243	1243
6863	7863
618	1618
1815	2815
1661	2661
5513	6513
2361	3361
8342	9342
462	1462
8914	9914
4497	5497
6297	7297
1282	2282
5481	6481
7180	8180
8679	9679
2581	3581
2548	3548
813	1813
8313	9313
5059	6059
4991	5991
1210	2210
9607	10607
8431	9431
4675	5675
8079	9079
4633	5633
4247	5247
5682	6682
1278	2278
931	1931
1200	2200
3585	4585
4017	5017
1186	2186
2791	3791
4042	5042
3186	4186
728	1728
1670	2670
6964	7964
8702	9702
3883	4883
4752	5752
8599	9599
7444	8444
972	1972
5612	6612
8564	9564
358	1358
5482	6482
9099	10099
2764	3764
2752	3752
4273	5273
4709	5709
8420	9420
9808	10808
4058	5058
8375	9375
1701	2701
8004	9004
7489	8489
1270	2270
1792	2792
3555	4555
303	1303
9978	10978
8102	9102
2233	3233
2241	3241
6406	7406
9884	10884
5481	6481
2976	3976
4466	5466
9733	10733
3069	4069
974	1974
4823	5823
6312	7312
8959	9959
6450	7450
3717	4717
5972	6972
6166	7166
722	1722
6914	7914
6167	7167
3603	4603
2197	3197
