500	2189978
3116	4116
6285	7285
3580	4580
4634	5634
2610	3610
985	1985
5392	6392
193	1193
4825	5825
4181	5181
4298	5298
5976	6976
4697	5697
1895	2895
6367	7367
1385	2385
7739	8739
7374	8374
2733	3733
9125	10125
6157	7157
7194	8194
8745	9745
5155	6155
9784	10784
5431	6431
832	1832
2418	3418
4293	5293
7183	8183
6546	7546
4348	5348
1773	2773
5272	6272
8584	9584
1196	2196
3272	4272
4650	5650
5765	6765
9714	10714
8952	9952
4891	5891
2432	3432
7095	8095
9376	10376
602	1602
3795	4795
2880	3880
2238	3238
3819	4819
6908	7908
6932	7932
4168	5168
4549	5549
7622	8622
9864	10864
238	1238
390	1390
2800	3800
5338	6338
1496	2496
6193	7193
4138	5138
4892	5892
13	1013
1533	2533
5675	6675
511	1511
2864	3864
8084	9084
2769	3769
2953	3953
782	1782
1399	2399
3167	4167
7176	8176
218	1218
2173	3173
8694	9694
4789	5789
1251	2251
2141	3141
6857	7857
53	1053
4982	5982
3409	4409
3932	4932
5917	6917
5056	6056
5153	6153
115	1115
9217	10217
2738	3738
880	1880
9779	10779
192	1192
2932	3932
6861	7861
4736	5736
4027	5027
7447	8447
8539	9539
3384	4384
2308	3308
7140	8140
2442	3442
4997	5997
1173	2173
9690	10690
7738	8738
3146	4146
873	1873
9469	10469
1679	2679
9762	10762
8320	9320
5775	6775
8157	9157
1650	2650
887	1887
310	1310
6261	7261
1048	2048
6395	7395
999	1999
6268	7268
7455	8455
2049	3049
9982	10982
8689	9689
8774	9774
5800	6800
4119	5119
9151	10151
3380	4380
5282	6282
8008	9008
712	1712
7426	8426
9452	10452
9404	10404
5334	6334
3051	4051
6260	7260
8538	9538
8306	9306
2457	3457
1156	2156
9070	10070
6737	7737
4147	5147
4318	5318
2906	3906
1018	2018
4198	5198
3122	4122
9798	10798
4205	5205
4145	5145
2936	3936
3613	4613
6437	7437
3024	4024
1970	2970
2737	3737
941	1941
2088	3088
6810	7810
7583	8583
8939	9939
1681	2681
9159	10159
4320	5320
126	1126
4298	5298
5726	6726
5088	6088
5229	6229
1367	2367
396	1396
3335	4335
3271	4271
885	1885
192	1192
7667	8667
6632	7632
8996	9996
4787	5787
9158	10158
6900	7900
6361	7361
856	1856
1451	2451
7742	8742
5132	6132
8904	9904
4935	5935
6020	7020
2421	3421
2659	3659
8229	9229
3142	4142
5127	6127
7371	8371
5609	6609
9264	10264
4597	5597
6594	7594
9942	10942
5111	6111
4654	5654
594	1594
7373	8373
1150	2150
9804	10804
2882	3882
1731	2731
2623	3623
1545	2545
8986	9986
5364	6364
8714	9714
6158	7158
2040	3040
555	1555
299	1299
388	1388
5388	6388
1160	2160
4205	5205
5834	6834
3810	4810
3536	4536
4200	5200
817	1817
6368	7368
2522	3522
8655	9655
4873	5873
9206	10206
9284	10284
2224	3224
7769	8769
5524	6524
3839	4839
5110	6110
6753	7753
3496	4496
6936	7936
9841	10841
6803	7803
8280	9280
5302	6302
7112	8112
1572	2572
3611	4611
3525	4525
4811	5811
654	1654
8734	9734
7827	8827
2803	3803
8220	9220
9665	10665
9496	10496
1906	2906
8955	9955
8899	9899
1558	2558
3104	4104
3326	4326
244	1244
2833	3833
7117	8117
4379	5379
608	1608
9693	10693
2980	3980
4908	5908
407	1407
2690	3690
7895	8895
9442	10442
3228	4228
2639	3639
8094	9094
2399	3399
8498	9498
8683	9683
5908	6908
1062	2062
8559	9559
2594	3594
1157	2157
9544	10544
4385	5385
7715	8715
5105	6105
545	1545
3545	4545
2943	3943
9052	10052
3636	4636
1018	2018
8034	9034
1121	2121
9341	10341
4234	5234
5960	6960
2171	3171
6391	7391
3901	4901
1865	2865
1244	2244
2733	3733
8477	9477
9720	10720
7408	8408
5878	6878
8344	9344
6334	7334
9657	10657
2838	3838
3644	4644
2797	3797
1529	2529
1354	2354
4803	5803
5544	6544
2278	3278
3310	4310
1361	2361
6751	7751
1191	2191
5788	6788
7446	8446
8486	9486
4896	5896
2283	3283
5191	6191
902	1902
7537	8537
7020	8020
1670	2670
8799	9799
5187	6187
907	1907
6818	7818
2394	3394
375	1375
5297	6297
4866	5866
3609	4609
6468	7468
805	1805
5783	6783
1606	2606
213	1213
3378	4378
8584	9584
3577	4577
2193	3193
7128	8128
6053	7053
9208	10208
9464	10464
4157	5157
4676	5676
3219	4219
7156	8156
7894	8894
361	1361
1509	2509
8359	9359
5061	6061
2226	3226
9399	10399
2496	3496
8331	9331
5335	6335
5678	6678
6846	7846
2921	3921
604	1604
1164	2164
8833	9833
1390	2390
2762	3762
2762	3762
1689	2689
2816	3816
1345	2345
2340	3340
1341	2341
8187	9187
7310	8310
7949	8949
4852	5852
9661	10661
9261	10261
1190	2190
6357	7357
6889	7889
7738	8738
15	1015
22	1022
2241	3241
6190	7190
9740	10740
9907	10907
9906	10906
2589	3589
8546	9546
8568	9568
6378	7378
9679	10679
1091	2091
349	1349
6744	7744
7861	8861
6224	7224
3012	4012
5402	6402
5003	6003
3611	4611
1121	2121
4998	5998
7657	8657
9286	10286
6301	7301
4285	5285
8688	9688
2318	3318
4042	5042
5942	6942
3623	4623
2696	3696
8574	9574
5507	6507
3357	4357
8638	9638
5095	6095
4796	5796
9282	10282
4095	5095
1353	2353
8023	9023
5709	6709
3739	4739
4329	5329
936	1936
3189	4189
8621	9621
494	1494
1378	2378
2604	3604
1771	2771
8488	9488
2560	3560
440	1440
2699	3699
3452	4452
1514	2514
8407	9407
583	1583
1177	2177
9277	10277
6873	7873
5784	6784
5897	6897
6760	7760
1796	2796
6723	7723
9654	10654
5394	6394
4613	5613
6766	7766
4438	5438
9282	10282
9656	10656
326	1326
5198	6198
708	1708
816	1816
1207	2207
3901	4901
6585	7585
2777	3777
9480	10480
1504	2504
7501	8501
7846	8846
6712	7712
7126	8126
6862	7862
3329	4329
2512	3512
9738	10738
4304	5304
9293	10293
