500	301193
9859	10859
7970	8970
9085	10085
7342	8342
9222	10222
1610	2610
8590	9590
7937	8937
3403	4403
3139	4139
4348	5348
6857	7857
549	1549
7589	8589
2977	3977
3001	4001
7167	8167
8393	9393
8820	9820
1415	2415
378	1378
8260	9260
112	1112
1496	2496
1823	2823
7153	8153
7654	8654
6073	7073
9083	10083
5237	6237
302	1302
7435	8435
9765	10765
1046	2046
264	1264
3171	4171
9621	10621
8077	9077
6411	7411
8292	9292
1449	2449
8149	9149
2295	3295
820	1820
27	1027
5707	6707
3160	4160
4761	5761
9445	10445
5907	6907
9805	10805
4192	5192
5697	6697
7246	8246
5455	6455
1028	2028
5684	6684
776	1776
109	1109
521	1521
6076	7076
3712	4712
9747	10747
7402	8402
5979	6979
1194	2194
9833	10833
4692	5692
3506	4506
5179	6179
1484	2484
2984	3984
8469	9469
6955	7955
7041	8041
3353	4353
7237	8237
3377	4377
2358	3358
2981	3981
8279	9279
2180	3180
6676	7676
7415	8415
4200	5200
2551	3551
7907	8907
7997	8997
6520	7520
4332	5332
6419	7419
9455	10455
8449	9449
9935	10935
9505	10505
8170	9170
2996	3996
1687	2687
4995	5995
524	1524
5565	6565
9748	10748
35	1035
4982	5982
4878	5878
707	1707
4419	5419
750	1750
71	1071
408	1408
9096	10096
3552	4552
6257	7257
5868	6868
2551	3551
4663	5663
6998	7998
713	1713
9871	10871
1531	2531
9282	10282
9376	10376
9964	10964
4139	5139
2787	3787
6402	7402
4522	5522
7958	8958
8089	9089
6893	7893
2621	3621
3198	4198
7508	8508
6022	7022
4538	5538
1424	2424
8287	9287
2768	3768
1542	2542
8480	9480
9971	10971
2404	3404
9116	10116
4811	5811
340	1340
4232	5232
2388	3388
9002	10002
5171	6171
2381	3381
6361	7361
6102	7102
5551	6551
7228	8228
3798	4798
5823	6823
4443	5443
7280	8280
9690	10690
9018	10018
7148	8148
5881	6881
3597	4597
187	1187
2174	3174
5828	6828
2954	3954
594	1594
9400	10400
4111	5111
8473	9473
2545	3545
3053	4053
1245	2245
8788	9788
4087	5087
5268	6268
8545	9545
2567	3567
7977	8977
7067	8067
3707	4707
5821	6821
8811	9811
5023	6023
7205	8205
9854	10854
5801	6801
4075	5075
1175	2175
2959	3959
2052	3052
8858	9858
8612	9612
3093	4093
6670	7670
5583	6583
5038	6038
4359	5359
2267	3267
1036	2036
6143	7143
3276	4276
567	1567
4197	5197
1791	2791
7835	8835
9510	10510
7052	8052
9970	10970
9145	10145
8232	9232
5386	6386
4162	5162
8173	9173
6170	7170
9051	10051
2476	3476
1060	2060
4056	5056
3072	4072
2467	3467
2429	3429
8046	9046
7876	8876
4227	5227
4425	5425
8060	9060
9790	10790
9202	10202
1335	2335
3079	4079
6868	7868
4488	5488
4445	5445
1777	2777
605	1605
7028	8028
4167	5167
5392	6392
5669	6669
1911	2911
8702	9702
9419	10419
9322	10322
8876	9876
1903	2903
928	1928
9477	10477
2837	3837
3587	4587
4045	5045
9513	10513
2041	3041
1634	2634
8590	9590
1239	2239
9242	10242
977	1977
9113	10113
1075	2075
3128	4128
5639	6639
6550	7550
7919	8919
1050	2050
3529	4529
4456	5456
6645	7645
2989	3989
1062	2062
3719	4719
9764	10764
4571	5571
9162	10162
680	1680
218	1218
3616	4616
36	1036
1113	2113
8685	9685
5534	6534
5136	6136
355	1355
8026	9026
3681	4681
654	1654
8383	9383
7568	8568
9638	10638
9223	10223
1497	2497
2323	3323
3265	4265
8771	9771
6109	7109
5608	6608
5216	6216
5833	6833
401	1401
8432	9432
1935	2935
6940	7940
3990	4990
7347	8347
1320	2320
9522	10522
6637	7637
8278	9278
8233	9233
6499	7499
9250	10250
2575	3575
9429	10429
6159	7159
6838	7838
6493	7493
2421	3421
537	1537
6027	7027
7778	8778
1204	2204
4466	5466
6193	7193
5711	6711
601	1601
9883	10883
9216	10216
1420	2420
987	1987
2697	3697
7534	8534
6903	7903
765	1765
6292	7292
9257	10257
5258	6258
8160	9160
4447	5447
2913	3913
8343	9343
7089	8089
2416	3416
8258	9258
9366	10366
4523	5523
313	1313
2057	3057
5650	6650
1518	2518
7825	8825
550	1550
3984	4984
998	1998
3834	4834
8887	9887
1831	2831
388	1388
5508	6508
3882	4882
4941	5941
623	1623
1810	2810
2049	3049
2679	3679
7872	8872
8105	9105
4239	5239
8511	9511
4796	5796
4266	5266
1456	2456
3553	4553
3617	4617
7818	8818
806	1806
8955	9955
5903	6903
8640	9640
4844	5844
6952	7952
760	1760
5948	6948
202	1202
5098	6098
3250	4250
6861	7861
4997	5997
9660	10660
3843	4843
3446	4446
8552	9552
6308	7308
8394	9394
6838	7838
5308	6308
3129	4129
3704	4704
2564	3564
1512	2512
1937	2937
933	1933
1436	2436
5548	6548
3341	4341
275	1275
2128	3128
6568	7568
6930	7930
9270	10270
3228	4228
4748	5748
3698	4698
4753	5753
8483	9483
1055	2055
9987	10987
7943	8943
7390	8390
9983	10983
3579	4579
37	1037
3794	4794
6101	7101
3046	4046
6004	7004
1273	2273
2269	3269
1049	2049
7777	8777
2497	3497
4815	5815
1326	2326
7992	8992
3208	4208
5954	6954
9204	10204
120	1120
2569	3569
5072	6072
712	1712
9329	10329
3692	4692
1843	2843
6072	7072
5937	6937
3714	4714
5370	6370
5622	6622
6229	7229
3321	4321
2501	3501
4839	5839
2454	3454
382	1382
9755	10755
6028	7028
1539	2539
234	1234
2913	3913
3152	4152
9864	10864
7826	8826
4319	5319
5219	6219
1483	2483
2620	3620
6596	7596
9008	10008
7631	8631
3655	4655
991	1991
2665	3665
8457	9457
6060	7060
6768	7768
5239	6239
5978	6978
2073	3073
3860	4860
3421	4421
5783	6783
3599	4599
3326	4326
9839	10839
7731	8731
2493	3493
9106	10106
3783	4783
8790	9790
8081	9081
2010	3010
5600	6600
1681	2681
2832	3832
1678	2678
9525	10525
3306	4306
8094	9094
4558	5558
