500	295984
4417	5417
5172	6172
2024	3024
6339	7339
4448	5448
4812	5812
5574	6574
7214	8214
6617	7617
6760	7760
9135	10135
1775	2775
1332	2332
106	1106
8488	9488
7301	8301
8375	9375
9343	10343
9110	10110
2698	3698
6632	7632
265	1265
9433	10433
5454	6454
1271	2271
7036	8036
1059	2059
8949	9949
7977	8977
7144	8144
3605	4605
8753	9753
5944	6944
8602	9602
2840	3840
1008	2008
4179	5179
1226	2226
2250	3250
7742	8742
4180	5180
4065	5065
5712	6712
7701	8701
6710	7710
7936	8936
3901	4901
4577	5577
5808	6808
7933	8933
3399	4399
5742	6742
8939	9939
3803	4803
9763	10763
8685	9685
2121	3121
2588	3588
7252	8252
8246	9246
5010	6010
6546	7546
4378	5378
1870	2870
487	1487
4963	5963
8393	9393
7689	8689
6434	7434
554	1554
2212	3212
6949	7949
7310	8310
7619	8619
5010	6010
3387	4387
5225	6225
68	1068
2045	3045
4092	5092
7042	8042
5534	6534
5809	6809
4641	5641
6133	7133
6100	7100
9401	10401
6874	7874
930	1930
4154	5154
4053	5053
535	1535
1206	2206
8498	9498
2274	3274
3548	4548
4225	5225
7382	8382
9571	10571
1813	2813
4339	5339
5914	6914
4964	5964
1456	2456
5219	6219
5055	6055
5980	6980
8357	9357
4857	5857
1780	2780
9794	10794
3805	4805
7638	8638
8643	9643
279	1279
2877	3877
6122	7122
816	1816
4663	5663
8527	9527
8645	9645
5560	6560
5401	6401
4667	5667
4038	5038
2072	3072
630	1630
2864	3864
1527	2527
9396	10396
1145	2145
7123	8123
301	1301
603	1603
4935	5935
4096	5096
9345	10345
3757	4757
4217	5217
4843	5843
6266	7266
5754	6754
6336	7336
4740	5740
5411	6411
635	1635
2009	3009
8329	9329
4913	5913
3121	4121
2087	3087
8260	9260
7389	8389
3831	4831
3755	4755
5353	6353
8860	9860
494	1494
4757	5757
5042	6042
9229	10229
6959	7959
9414	10414
1260	2260
9270	10270
6985	7985
4553	5553
5457	6457
3790	4790
7342	8342
6784	7784
6862	7862
6152	7152
163	1163
1419	2419
3162	4162
2968	3968
6089	7089
4820	5820
6827	7827
4751	5751
337	1337
4562	5562
9679	10679
2525	3525
7013	8013
1387	2387
7563	8563
5174	6174
195	1195
6271	7271
5379	6379
472	1472
9792	10792
6433	7433
1428	2428
5169	6169
1415	2415
7061	8061
3151	4151
5694	6694
8887	9887
3229	4229
3800	4800
9364	10364
519	1519
6955	7955
7	1007
2446	3446
7475	8475
3270	4270
3780	4780
4956	5956
593	1593
9392	10392
3205	4205
181	1181
2988	3988
2281	3281
180	1180
7680	8680
1099	2099
5595	6595
2402	3402
5099	6099
8914	9914
1070	2070
2827	3827
8693	9693
7865	8865
5695	6695
6396	7396
9789	10789
6208	7208
2067	3067
7253	8253
6838	7838
8686	9686
3446	4446
2284	3284
1840	2840
2853	3853
211	1211
9921	10921
1798	2798
4638	5638
5467	6467
7559	8559
2842	3842
1851	2851
6960	7960
323	1323
9351	10351
1489	2489
9653	10653
2090	3090
4584	5584
5819	6819
5186	6186
7016	8016
9833	10833
1340	2340
425	1425
1441	2441
6384	7384
4392	5392
5960	6960
599	1599
9809	10809
7929	8929
5464	6464
2226	3226
4744	5744
2224	3224
3390	4390
8523	9523
5932	6932
638	1638
4960	5960
5777	6777
779	1779
4896	5896
5456	6456
9944	10944
2403	3403
9323	10323
5438	6438
322	1322
7214	8214
174	1174
7045	8045
5574	6574
7506	8506
8873	9873
218	1218
309	1309
7510	8510
2485	3485
6722	7722
4478	5478
5512	6512
8778	9778
469	1469
5800	6800
5906	6906
1164	2164
613	1613
6772	7772
5002	6002
7393	8393
7249	8249
4342	5342
1103	2103
6224	7224
4913	5913
3208	4208
5822	6822
8965	9965
3041	4041
7546	8546
7561	8561
1069	2069
9076	10076
91	1091
8330	9330
96	1096
1065	2065
884	1884
1279	2279
3078	4078
68	1068
6469	7469
2919	3919
5510	6510
7141	8141
645	1645
3319	4319
9775	10775
3631	4631
641	1641
5156	6156
8313	9313
7199	8199
9920	10920
9606	10606
7621	8621
3413	4413
5320	6320
8992	9992
716	1716
3197	4197
3999	4999
4722	5722
8551	9551
3144	4144
8841	9841
4417	5417
4422	5422
2789	3789
4136	5136
4338	5338
7567	8567
7744	8744
5813	6813
4145	5145
9923	10923
673	1673
1029	2029
1535	2535
3428	4428
4598	5598
1100	2100
2086	3086
706	1706
6445	7445
3918	4918
8307	9307
917	1917
5365	6365
5403	6403
3087	4087
9651	10651
4321	5321
1798	2798
1887	2887
2953	3953
2476	3476
7242	8242
5350	6350
7367	8367
1981	2981
6969	7969
4105	5105
8946	9946
7583	8583
6921	7921
9681	10681
2751	3751
2396	3396
5344	6344
9205	10205
6148	7148
1380	2380
1121	2121
676	1676
4047	5047
2425	3425
1079	2079
4752	5752
7499	8499
5893	6893
9833	10833
7857	8857
9262	10262
9017	10017
9364	10364
4980	5980
4287	5287
5114	6114
6706	7706
1496	2496
784	1784
3979	4979
1557	2557
2846	3846
8916	9916
2387	3387
4535	5535
7717	8717
9984	10984
5983	6983
8640	9640
9523	10523
9552	10552
790	1790
679	1679
6450	7450
1760	2760
5533	6533
1583	2583
2393	3393
2712	3712
9346	10346
120	1120
4619	5619
7384	8384
5246	6246
6014	7014
8533	9533
3934	4934
6478	7478
3323	4323
8489	9489
4958	5958
2669	3669
7986	8986
3596	4596
100	1100
8041	9041
1346	2346
7545	8545
6644	7644
6186	7186
2033	3033
5033	6033
9242	10242
1172	2172
7703	8703
4133	5133
8317	9317
6586	7586
4768	5768
5531	6531
4116	5116
5851	6851
8841	9841
6431	7431
8055	9055
7536	8536
776	1776
6996	7996
6761	7761
5811	6811
8971	9971
4759	5759
8495	9495
4699	5699
4967	5967
1455	2455
2063	3063
2491	3491
2845	3845
6721	7721
7924	8924
2739	3739
361	1361
6399	7399
2900	3900
1090	2090
3976	4976
