500	1529976
980	1980
2806	3806
8738	9738
6364	7364
8750	9750
8741	9741
3111	4111
5077	6077
3952	4952
7010	8010
3452	4452
4866	5866
8959	9959
1331	2331
4610	5610
9310	10310
811	1811
9521	10521
6701	7701
2310	3310
9944	10944
6663	7663
4612	5612
2749	3749
5309	6309
2215	3215
4054	5054
2929	3929
2201	3201
9652	10652
5344	6344
8547	9547
3623	4623
6002	7002
4692	5692
6421	7421
6886	7886
2887	3887
6499	7499
4638	5638
7330	8330
8310	9310
8433	9433
3534	4534
8586	9586
7344	8344
5809	6809
8703	9703
2364	3364
8336	9336
2698	3698
2510	3510
5140	6140
7762	8762
9355	10355
403	1403
1580	2580
5996	6996
8307	9307
4846	5846
1563	2563
8865	9865
1407	2407
2821	3821
9637	10637
1398	2398
9729	10729
4830	5830
5577	6577
686	1686
1715	2715
7341	8341
7155	8155
3065	4065
5195	6195
1871	2871
3453	4453
3828	4828
9795	10795
1115	2115
508	1508
9492	10492
5068	6068
7003	8003
2461	3461
9234	10234
7774	8774
9614	10614
7542	8542
6037	7037
3071	4071
6455	7455
2196	3196
8785	9785
872	1872
5842	6842
4511	5511
1111	2111
318	1318
7661	8661
5990	6990
5716	6716
3902	4902
4009	5009
8182	9182
2080	3080
7961	8961
2232	3232
1295	2295
9378	10378
6160	7160
4023	5023
9706	10706
4874	5874
1517	2517
1171	2171
8483	9483
3979	4979
6441	7441
246	1246
3018	4018
2665	3665
6796	7796
4935	5935
3285	4285
3580	4580
7085	8085
6997	7997
8866	9866
8667	9667
7226	8226
2418	3418
3713	4713
1370	2370
7919	8919
7319	8319
4620	5620
8755	9755
8697	9697
3171	4171
2643	3643
6155	7155
9751	10751
1334	2334
4148	5148
3988	4988
1235	2235
2840	3840
376	1376
8790	9790
1046	2046
5645	6645
1678	2678
8997	9997
3852	4852
5181	6181
6849	7849
1997	2997
4424	5424
5227	6227
149	1149
2793	3793
1048	2048
6364	7364
8367	9367
9050	10050
9898	10898
5341	6341
7722	8722
9368	10368
9100	10100
8004	9004
7974	8974
5525	6525
9446	10446
5379	6379
9075	10075
2539	3539
5325	6325
8270	9270
3648	4648
6866	7866
1073	2073
6838	7838
226	1226
5322	6322
1297	2297
1979	2979
5692	6692
3808	4808
4055	5055
3195	4195
2965	3965
986	1986
2883	3883
5857	6857
5723	6723
9455	10455
5608	6608
2537	3537
6166	7166
9807	10807
5711	6711
4747	5747
5909	6909
3346	4346
359	1359
7714	8714
561	1561
2241	3241
8974	9974
4684	5684
6355	7355
2459	3459
7050	8050
9408	10408
1123	2123
3205	4205
3045	4045
5949	6949
2215	3215
7667	8667
9678	10678
5424	6424
6503	7503
2220	3220
2454	3454
9253	10253
2136	3136
814	1814
1382	2382
3321	4321
284	1284
4086	5086
7976	8976
4046	5046
1814	2814
742	1742
5163	6163
8261	9261
6811	7811
5544	6544
4049	5049
1286	2286
8067	9067
1588	2588
7448	8448
9990	10990
474	1474
9594	10594
8569	9569
7887	8887
7184	8184
8043	9043
8497	9497
2951	3951
3244	4244
7325	8325
7895	8895
1127	2127
2140	3140
8345	9345
6931	7931
8924	9924
2496	3496
6050	7050
5553	6553
7228	8228
3537	4537
1124	2124
3635	4635
5292	6292
8140	9140
3507	4507
8703	9703
4263	5263
3288	4288
8704	9704
3744	4744
6982	7982
7387	8387
8517	9517
7463	8463
9309	10309
3291	4291
7864	8864
8351	9351
8933	9933
7302	8302
9453	10453
992	1992
1386	2386
6872	7872
3617	4617
897	1897
9580	10580
3247	4247
9054	10054
7900	8900
3824	4824
3211	4211
6483	7483
9824	10824
8974	9974
5441	6441
3762	4762
446	1446
5571	6571
380	1380
4640	5640
357	1357
956	1956
5418	6418
2607	3607
8091	9091
3397	4397
4931	5931
1283	2283
8856	9856
4666	5666
8910	9910
523	1523
2434	3434
1704	2704
3721	4721
5717	6717
3906	4906
4466	5466
4993	5993
6133	7133
6691	7691
4232	5232
6433	7433
5555	6555
2227	3227
7988	8988
8986	9986
7954	8954
161	1161
520	1520
9398	10398
6196	7196
3877	4877
226	1226
227	1227
8812	9812
9462	10462
7373	8373
6594	7594
3830	4830
4863	5863
7132	8132
6373	7373
251	1251
9748	10748
6846	7846
8181	9181
9400	10400
3027	4027
2832	3832
5224	6224
2486	3486
2469	3469
3417	4417
3728	4728
5807	6807
2039	3039
1147	2147
8693	9693
8718	9718
4099	5099
6881	7881
3289	4289
2610	3610
7209	8209
8345	9345
3672	4672
7014	8014
4245	5245
7047	8047
3366	4366
1039	2039
4242	5242
6436	7436
8570	9570
2268	3268
609	1609
6164	7164
3070	4070
5791	6791
4447	5447
2377	3377
4567	5567
1783	2783
2325	3325
1862	2862
6108	7108
5224	6224
3747	4747
1513	2513
3823	4823
5523	6523
7606	8606
9457	10457
1399	2399
5922	6922
1910	2910
921	1921
4621	5621
7021	8021
8143	9143
1461	2461
4072	5072
631	1631
4909	5909
6509	7509
1289	2289
1393	2393
8786	9786
7715	8715
670	1670
8874	9874
7422	8422
2205	3205
1834	2834
7989	8989
7508	8508
5885	6885
9859	10859
2420	3420
1465	2465
1642	2642
9596	10596
6999	7999
3510	4510
4308	5308
8075	9075
9865	10865
1739	2739
5181	6181
6352	7352
983	1983
3607	4607
6795	7795
8522	9522
3285	4285
6048	7048
3261	4261
2948	3948
3608	4608
2913	3913
7423	8423
5478	6478
9382	10382
1461	2461
201	1201
8982	9982
6933	7933
7657	8657
6548	7548
3895	4895
9590	10590
7882	8882
2098	3098
9700	10700
8195	9195
9365	10365
2334	3334
5482	6482
8234	9234
1545	2545
8775	9775
8195	9195
5351	6351
6271	7271
7931	8931
3262	4262
7791	8791
468	1468
1257	2257
6252	7252
8861	9861
4144	5144
5492	6492
3072	4072
3738	4738
433	1433
5154	6154
3009	4009
301	1301
6569	7569
9256	10256
5951	6951
4920	5920
9664	10664
834	1834
7313	8313
4443	5443
3197	4197
8124	9124
