500	2722271
4070	5070
2950	3950
4678	5678
5252	6252
3252	4252
890	1890
3809	4809
1219	2219
9657	10657
3610	4610
7729	8729
8821	9821
7618	8618
4064	5064
6770	7770
9397	10397
3218	4218
8153	9153
8310	9310
8216	9216
1899	2899
6568	7568
8724	9724
4478	5478
1043	2043
2228	3228
9880	10880
8119	9119
3787	4787
7838	8838
3053	4053
5965	6965
2104	3104
6507	7507
9356	10356
9148	10148
1305	2305
999	1999
359	1359
5186	6186
5339	6339
4924	5924
9814	10814
4697	5697
3184	4184
1942	2942
6165	7165
1322	2322
4946	5946
7345	8345
7065	8065
5722	6722
3428	4428
5308	6308
3798	4798
8723	9723
1705	2705
9451	10451
842	1842
2279	3279
5018	6018
3169	4169
2520	3520
4964	5964
4736	5736
9578	10578
1305	2305
9949	10949
5475	6475
9705	10705
7524	8524
2937	3937
2524	3524
3816	4816
2375	3375
5414	6414
5181	6181
3767	4767
7190	8190
5458	6458
8873	9873
1049	2049
3763	4763
341	1341
3781	4781
4426	5426
9529	10529
3339	4339
9650	10650
8843	9843
9837	10837
8292	9292
7272	8272
3331	4331
9061	10061
2339	3339
1580	2580
347	1347
7868	8868
6891	7891
3420	4420
2537	3537
150	1150
434	1434
5414	6414
2002	3002
1560	2560
637	1637
6975	7975
2374	3374
1983	2983
1585	2585
2106	3106
1859	2859
7830	8830
1374	2374
4770	5770
5787	6787
7313	8313
5595	6595
6880	7880
9674	10674
450	1450
3311	4311
6289	7289
9380	10380
5275	6275
1971	2971
1709	2709
2259	3259
300	1300
8802	9802
9449	10449
5224	6224
5216	6216
586	1586
1015	2015
3092	4092
3036	4036
3261	4261
8769	9769
8021	9021
206	1206
3219	4219
8605	9605
1340	2340
9569	10569
9965	10965
6696	7696
6386	7386
8907	9907
6791	7791
7232	8232
644	1644
147	1147
3375	4375
2389	3389
7449	8449
4748	5748
8284	9284
5966	6966
9897	10897
8105	9105
4604	5604
1428	2428
3393	4393
5880	6880
2266	3266
1238	2238
9218	10218
3226	4226
4873	5873
9397	10397
2144	3144
4421	5421
4001	5001
6585	7585
2067	3067
3836	4836
3122	4122
7606	8606
2277	3277
6675	7675
5666	6666
8218	9218
4757	5757
8910	9910
9884	10884
3121	4121
7718	8718
7668	8668
3571	4571
814	1814
9591	10591
2429	3429
8684	9684
9016	10016
6763	7763
7988	8988
9202	10202
1731	2731
7958	8958
5474	6474
5471	6471
9741	10741
5931	6931
5770	6770
3973	4973
4857	5857
1368	2368
2232	3232
4269	5269
5860	6860
1283	2283
2662	3662
8436	9436
8775	9775
6806	7806
8423	9423
4005	5005
8237	9237
8275	9275
8742	9742
4029	5029
9833	10833
5105	6105
6319	7319
7748	8748
6623	7623
8068	9068
7154	8154
3750	4750
5689	6689
8250	9250
2790	3790
8123	9123
1373	2373
2641	3641
1789	2789
9322	10322
5173	6173
2850	3850
7829	8829
4196	5196
7485	8485
1735	2735
1811	2811
2801	3801
4646	5646
2284	3284
1090	2090
7942	8942
1993	2993
2961	3961
4315	5315
2106	3106
3943	4943
8491	9491
5877	6877
1809	2809
3214	4214
1016	2016
6998	7998
5254	6254
463	1463
4873	5873
3641	4641
3079	4079
9915	10915
8908	9908
5786	6786
7585	8585
4671	5671
2232	3232
8798	9798
8400	9400
6968	7968
2351	3351
996	1996
2139	3139
8283	9283
6216	7216
1991	2991
6290	7290
1928	2928
5175	6175
5347	6347
8914	9914
3458	4458
8121	9121
2876	3876
6131	7131
2701	3701
8180	9180
4271	5271
8161	9161
4058	5058
9414	10414
407	1407
1147	2147
7928	8928
1424	2424
8921	9921
5635	6635
870	1870
882	1882
8398	9398
5814	6814
7357	8357
9969	10969
3562	4562
1440	2440
6323	7323
6507	7507
3057	4057
9823	10823
5219	6219
1261	2261
2497	3497
2983	3983
4993	5993
1674	2674
1998	2998
6436	7436
1349	2349
1550	2550
8868	9868
8328	9328
9049	10049
4992	5992
2684	3684
7038	8038
3170	4170
6341	7341
679	1679
2895	3895
1575	2575
4356	5356
519	1519
6562	7562
4139	5139
2322	3322
1307	2307
9131	10131
818	1818
7786	8786
5102	6102
9189	10189
9485	10485
2324	3324
6164	7164
7695	8695
1472	2472
1589	2589
9846	10846
9017	10017
5985	6985
6587	7587
5990	6990
317	1317
6014	7014
8135	9135
5539	6539
5373	6373
7028	8028
3071	4071
9967	10967
1792	2792
458	1458
8798	9798
552	1552
5427	6427
1059	2059
9979	10979
8326	9326
9801	10801
2062	3062
8229	9229
5698	6698
3449	4449
4197	5197
6742	7742
5297	6297
3497	4497
4223	5223
2780	3780
8782	9782
8411	9411
5809	6809
1441	2441
8727	9727
2352	3352
6336	7336
6606	7606
3680	4680
2968	3968
8864	9864
7636	8636
2456	3456
7158	8158
661	1661
7063	8063
5125	6125
4595	5595
8791	9791
7837	8837
6470	7470
8625	9625
3267	4267
5094	6094
5363	6363
4085	5085
5619	6619
4053	5053
4510	5510
9053	10053
8115	9115
301	1301
333	1333
386	1386
6294	7294
4420	5420
7144	8144
4995	5995
1481	2481
2142	3142
6822	7822
58	1058
5507	6507
5640	6640
9355	10355
5340	6340
1616	2616
7111	8111
6903	7903
1308	2308
9595	10595
3177	4177
2296	3296
2404	3404
2327	3327
1435	2435
2948	3948
6781	7781
3792	4792
6635	7635
3305	4305
8433	9433
2174	3174
4325	5325
1756	2756
5554	6554
3770	4770
1923	2923
9624	10624
4624	5624
2680	3680
4491	5491
2888	3888
8015	9015
3929	4929
4569	5569
4968	5968
1781	2781
4328	5328
9674	10674
5230	6230
4111	5111
2187	3187
4155	5155
5458	6458
3470	4470
2918	3918
5124	6124
5661	6661
557	1557
4194	5194
1133	2133
3142	4142
7007	8007
8338	9338
9491	10491
8161	9161
7195	8195
5573	6573
6188	7188
1556	2556
4696	5696
6150	7150
8315	9315
6153	7153
9732	10732
8188	9188
8210	9210
4179	5179
4279	5279
222	1222
4833	5833
8112	9112
7561	8561
