500	2234718
4343	3335
1641	626
4921	3903
9973	8992
4555	3544
10727	9715
3317	2333
2632	1617
4027	3036
10147	9143
3003	2021
5700	4705
10280	9285
7462	6450
7257	6262
6171	5163
8672	7690
8384	7383
10198	9179
3880	2865
9527	8541
1240	238
10635	9629
10406	9399
3018	2017
5145	4135
10113	9109
8641	7628
6423	5435
1366	358
7911	6900
10025	9031
10882	9876
9126	8129
8117	7134
6193	5200
1497	517
4637	3634
1762	756
7695	6701
1933	940
5768	4773
9102	8115
4144	3160
1172	160
4642	3635
7418	6415
10533	9536
8599	7580
5874	4868
6505	5489
7498	6493
6886	5869
7896	6912
4180	3175
9172	8167
8357	7377
7159	6164
1934	935
8024	7015
4710	3695
2936	1952
5131	4126
6597	5608
2966	1949
10545	9539
5675	4655
5106	4092
2726	1719
2967	1974
3076	2065
9718	8709
7241	6221
5444	4442
6282	5283
1245	242
8900	7892
4675	3689
10947	9962
9170	8169
9189	8200
2970	1963
1828	835
1363	374
2159	1178
7075	6072
3627	2611
4739	3719
10678	9680
3060	2075
1241	228
4760	3743
2172	1153
9045	8029
9796	8776
10119	9128
3931	2922
4977	3995
9295	8304
4225	3233
1433	427
9709	8728
6119	5113
10305	9289
2573	1572
3985	2987
10083	9090
9729	8729
1093	106
1620	618
2754	1766
6329	5341
7899	6882
10687	9681
2501	1508
6782	5789
3928	2926
7917	6914
2900	1889
3232	2216
5732	4749
4820	3838
5817	4832
1894	900
8162	7142
2455	1438
1202	216
6889	5876
7422	6407
1449	451
5797	4792
3189	2185
4432	3414
5066	4078
9846	8861
10081	9086
4860	3859
10850	9840
1161	147
8958	7973
7633	6649
8232	7239
1434	429
10129	9115
4892	3893
6162	5170
9628	8646
10496	9488
10017	9001
7335	6336
7407	6398
3683	2671
1883	876
1366	377
4413	3399
9864	8857
5823	4807
1536	537
8936	7918
2208	1208
7500	6483
4496	3491
2694	1677
2758	1755
1527	518
6200	5196
3567	2578
5573	4564
2066	1070
7636	6642
9220	8215
1761	772
5173	4162
3568	2563
9694	8694
3106	2125
6224	5241
5368	4362
8060	7057
8040	7042
1151	152
10595	9601
6953	5966
10204	9205
5935	4938
1575	575
9483	8486
1654	637
2536	1536
1862	852
10912	9916
8778	7776
5673	4683
8506	7524
2112	1107
3419	2410
8064	7050
7468	6459
6967	5963
7965	6985
8909	7892
6054	5062
6964	5974
1275	270
9709	8704
3613	2628
5626	4637
9088	8069
7216	6229
2630	1628
6682	5690
7209	6203
5218	4234
9530	8537
8977	7995
1422	438
2341	1326
4782	3790
3323	2317
9414	8414
7795	6805
9823	8833
4166	3156
5179	4168
3568	2580
9067	8086
10151	9158
7701	6714
10205	9190
1475	495
8209	7200
3072	2057
2440	1434
5888	4869
7609	6606
1490	475
9431	8431
4260	3272
5326	4326
4302	3306
6987	5975
4561	3543
6000	5001
10042	9029
2449	1465
8104	7090
5336	4333
10271	9269
10396	9392
9322	8335
4913	3910
4895	3912
8954	7962
7808	6810
8058	7062
3848	2836
2881	1863
10537	9534
4979	3976
6426	5415
1896	905
6412	5400
6921	5906
1517	524
7337	6348
6979	5961
3738	2726
9313	8320
988	4
4005	3017
6569	5564
2126	1110
4200	3216
4918	3918
2950	1936
2258	1265
7184	6193
5612	4621
7892	6894
9549	8563
1206	212
8670	7668
3164	2163
2615	1624
4473	3479
8248	7242
1602	607
2517	1536
2028	1041
6372	5389
6063	5069
5287	4288
8351	7349
9307	8288
1437	455
8374	7356
4609	3613
5596	4579
1751	750
1703	717
4055	3053
10622	9609
10994	9986
2358	1355
10291	9301
5738	4754
9165	8154
5474	4460
4873	3877
9669	8665
8673	7662
10883	9880
9935	8924
6140	5125
2775	1794
8834	7847
5183	4166
2768	1779
4229	3239
8117	7131
3872	2856
8211	7221
10317	9324
8802	7820
8583	7596
5855	4870
4245	3251
7290	6274
7396	6407
6159	5161
7918	6922
3805	2785
5828	4826
5794	4774
1289	298
3520	2522
8312	7307
7325	6340
7132	6136
5816	4801
7473	6476
2273	1255
4926	3944
9572	8586
6057	5061
6784	5773
3008	1993
8808	7788
3032	2022
4024	3033
8280	7293
2644	1630
5574	4590
10721	9732
3786	2780
8977	7968
9108	8110
4652	3665
10535	9532
8604	7588
1685	673
8592	7593
4946	3935
4277	3285
10356	9366
9033	8016
7743	6762
8892	7878
2565	1579
6137	5128
6882	5866
2867	1853
6212	5218
5458	4456
7720	6726
6538	5533
2491	1490
1227	226
3256	2275
6520	5535
10476	9492
4313	3306
7190	6199
7466	6476
9366	8350
4569	3574
5155	4162
2817	1829
4844	3844
8396	7408
6805	5794
2518	1535
9102	8104
2780	1785
10618	9636
10537	9545
2571	1588
1461	475
9115	8116
9273	8267
5627	4618
4456	3437
4796	3809
4354	3368
8510	7513
7043	6047
1395	388
10953	9959
1387	405
2024	1020
1590	581
2004	984
8517	7500
2492	1487
9081	8101
3762	2774
7198	6205
1286	270
9385	8397
6573	5558
3011	2010
3431	2442
9904	8896
6614	5620
6865	5873
1020	26
2166	1180
4165	3170
10114	9123
4976	3958
2833	1833
3872	2864
9683	8680
3054	2074
9199	8217
7083	6096
10122	9135
10040	9057
10453	9446
4961	3949
2113	1118
2881	1866
7651	6633
4159	3159
1058	39
8830	7821
2341	1333
10179	9199
8199	7201
3598	2580
10539	9538
4793	3785
4765	3757
5617	4616
5769	4785
1551	564
2271	1256
4492	3480
3583	2588
6111	5127
1666	653
2154	1173
10244	9243
9388	8390
5376	4357
6699	5683
5115	4100
6872	5863
4979	3963
10593	9577
1664	679
10556	9555
8601	7620
10202	9207
1597	598
1101	118
8947	7949
7921	6914
1889	881
9892	8877
10348	9347
5052	4044
8294	7281
9072	8052
1107	111
7943	6927
10406	9402
10959	9944
6376	5392
9144	8134
9194	8208
4330	3339
5215	4198
9898	8912
6137	5122
10760	9743
1479	467
4874	3891
2916	1926
2689	1700
