500	248592
6110	5119
7928	6935
1435	428
10413	9412
5947	4956
3851	2835
7930	6927
4951	3946
9035	8017
3439	2450
7382	6381
8557	7564
2240	1234
2423	1404
4712	3732
6625	5610
10843	9823
8936	7930
1958	942
8622	7608
2936	1943
6072	5087
5510	4493
9750	8765
10731	9722
2724	1727
6968	5968
2758	1768
6824	5837
4964	3979
2916	1932
9677	8697
8844	7862
9723	8708
5769	4754
5227	4235
10125	9118
7903	6884
7394	6402
5915	4914
4203	3217
7840	6827
1125	131
4654	3643
1279	292
4889	3874
3361	2353
10872	9891
2348	1365
10077	9090
6644	5641
6921	5941
10135	9129
6599	5591
6458	5449
1699	700
3904	2914
5782	4781
6951	5936
8000	7020
5469	4471
7439	6426
8956	7953
1563	565
7597	6590
2229	1244
2752	1742
1983	988
10687	9694
1714	719
9776	8776
2069	1059
7584	6590
5393	4401
8491	7481
2522	1516
5169	4155
7708	6720
3740	2726
2130	1116
7875	6885
7730	6737
10574	9581
8293	7295
8339	7330
3859	2854
7088	6084
1631	644
6716	5697
10118	9135
3580	2584
7346	6352
7400	6390
3748	2734
8712	7703
8201	7205
5674	4669
4952	3945
6637	5640
4005	2986
1758	748
6062	5072
5862	4875
7068	6075
10375	9388
6135	5131
7721	6705
10742	9723
5256	4256
10662	9667
3154	2138
3232	2228
3083	2065
2273	1264
10360	9353
8955	7954
4391	3394
8621	7632
3883	2869
7337	6339
6574	5592
7998	6979
5915	4934
3592	2585
9143	8155
3069	2074
9840	8839
10596	9600
7627	6614
7117	6121
9621	8610
3565	2567
4550	3556
2810	1812
6226	5210
3109	2124
6625	5635
10716	9724
2155	1160
5165	4162
7347	6347
1164	169
6819	5821
8324	7318
6467	5475
7324	6321
1003	15
7835	6840
4239	3240
6488	5484
6635	5628
8764	7761
3426	2441
6721	5733
4822	3806
2848	1864
9298	8301
4388	3379
6217	5214
6685	5703
1072	58
1299	291
1028	31
8217	7230
6432	5438
3145	2135
6245	5259
8135	7143
3114	2123
4818	3811
3349	2360
1768	756
10332	9329
7174	6156
3811	2823
10287	9270
2128	1124
3187	2188
2909	1921
4328	3344
3950	2949
5766	4779
6164	5179
5675	4682
2007	993
1691	709
3087	2099
9613	8603
4506	3512
6760	5747
6785	5796
10194	9202
8417	7413
7445	6454
7113	6100
1431	433
5198	4207
1240	258
4369	3370
6824	5844
10760	9760
3989	2999
6923	5913
9575	8578
7612	6627
9820	8819
2848	1836
8494	7491
9156	8166
6615	5608
3721	2703
9325	8333
5866	4884
10697	9700
6098	5110
7497	6490
6783	5784
4860	3846
8016	7029
8857	7842
1074	86
1304	294
2996	2003
2121	1138
9216	8216
3885	2894
3960	2973
7215	6206
2457	1459
1068	66
5960	4954
7443	6456
5927	4933
3010	2028
10395	9406
4482	3465
4697	3682
10324	9324
2181	1200
5105	4086
1512	504
10007	8991
2308	1288
3647	2636
1055	69
3643	2635
4972	3972
4725	3706
9933	8920
7196	6190
5888	4883
6973	5968
3781	2796
4765	3780
5339	4349
3227	2233
6295	5288
1806	823
9599	8584
6322	5307
8044	7043
10342	9337
1661	647
6093	5094
2728	1745
9129	8149
2410	1411
6145	5139
6856	5854
9364	8368
7759	6768
8596	7577
3643	2651
7227	6235
1689	693
10223	9207
1896	888
4650	3633
2117	1125
10229	9234
3587	2599
5629	4609
1194	206
10874	9857
5295	4304
3275	2295
7608	6593
7806	6792
6963	5959
4439	3419
5994	4995
5455	4445
5741	4753
9173	8189
9644	8663
1361	361
3460	2480
1537	554
9483	8483
6221	5210
3406	2419
4846	3831
10349	9355
8982	7980
8766	7771
3803	2811
3223	2217
8970	7954
9522	8512
6541	5557
10708	9711
7288	6277
5814	4816
2742	1728
8047	7034
5533	4537
9122	8117
1287	291
9458	8465
8386	7405
10744	9745
7136	6133
1355	368
1427	421
2596	1589
9346	8359
8497	7491
8610	7592
4491	3507
6725	5709
2920	1903
5413	4398
10374	9374
8854	7874
5809	4801
2730	1735
5499	4497
10672	9684
3473	2466
3267	2252
10292	9296
6412	5432
4630	3645
10564	9578
2486	1490
5721	4729
7351	6338
3219	2230
1849	844
3393	2385
3301	2310
5657	4669
4316	3311
10172	9169
7806	6790
6571	5587
8251	7242
5783	4787
6122	5125
6374	5387
4090	3097
8675	7690
8367	7347
7063	6044
8859	7862
9852	8833
10070	9065
3457	2461
10140	9124
3021	2012
5177	4162
5577	4579
4122	3124
10071	9058
10091	9092
5740	4743
10953	9939
8182	7182
6636	5633
8536	7543
6645	5652
8214	7208
10027	9026
6714	5697
9378	8367
8940	7927
8606	7593
10597	9611
5180	4176
2319	1322
4693	3691
4882	3871
6775	5775
6154	5149
2148	1128
3194	2183
1734	726
10966	9958
4250	3237
5395	4398
4376	3384
5564	4553
9145	8138
7263	6268
7532	6540
4216	3211
2996	1985
6322	5341
3295	2297
3583	2581
9845	8846
2116	1099
2635	1653
6654	5664
3070	2057
10786	9785
4750	3757
8015	7033
2581	1570
6140	5134
8391	7410
6442	5429
7426	6413
8112	7131
1648	655
8902	7917
2778	1787
1592	585
10320	9305
3988	2984
5628	4629
5931	4937
5265	4282
3068	2066
4215	3211
8049	7049
7578	6577
2655	1668
8589	7595
3469	2465
9348	8329
6609	5605
8383	7368
9407	8387
5034	4030
4968	3963
3444	2462
5986	4984
1773	773
6679	5681
1227	225
5666	4649
2859	1843
8234	7243
2932	1928
10546	9556
10496	9508
9613	8604
9607	8609
8167	7170
10026	9012
4105	3100
5869	4888
10602	9592
4320	3329
6212	5209
8494	7512
8485	7466
1000	6
2929	1943
2194	1203
4564	3544
2109	1110
8133	7151
10843	9836
3026	2025
10745	9742
3388	2370
1182	190
4491	3483
3963	2969
10249	9235
7833	6837
10544	9534
4181	3165
10625	9610
5087	4077
2639	1626
2589	1585
2714	1718
6676	5696
2479	1468
2024	1040
5916	4922
7412	6424
3141	2142
4434	3416
7708	6721
2388	1406
3416	2407
