500	641362
7964	6969
8340	7355
6890	5884
2190	1200
5923	4934
3287	2299
9184	8189
2604	1599
10465	9452
5600	4607
3650	2656
3197	2216
9408	8390
7689	6695
3584	2580
2294	1311
10119	9131
1977	992
2917	1931
4346	3364
10924	9932
7962	6952
4083	3101
4835	3828
5672	4661
4771	3756
9087	8089
1799	813
5301	4283
7212	6201
8028	7017
3207	2193
2195	1187
5276	4280
4078	3085
9515	8496
1776	766
7347	6333
5526	4523
3257	2263
6317	5304
10544	9541
10025	9044
3970	2951
1947	966
8710	7727
5098	4082
2685	1680
7545	6535
3320	2322
2223	1242
7795	6787
10883	9864
9003	7986
10106	9118
5333	4322
2072	1072
5139	4121
7615	6600
6865	5878
1951	970
5909	4896
1157	168
9410	8423
2687	1702
9028	8029
3778	2786
5890	4905
6186	5206
9874	8873
9480	8471
2390	1373
8640	7638
5802	4803
6329	5339
10061	9046
9597	8579
6208	5228
10622	9615
10002	9006
2630	1637
7790	6772
9439	8443
10781	9787
4020	3012
8842	7835
5089	4096
10209	9213
8793	7813
5908	4909
1015	23
7371	6360
3690	2705
6151	5150
7919	6932
1276	270
3575	2577
10523	9517
3601	2590
9756	8755
6329	5339
3029	2036
9419	8425
3507	2507
7042	6024
10170	9162
9018	8016
4495	3515
1860	876
2088	1089
9125	8109
2521	1538
10400	9389
10114	9108
9150	8154
5144	4145
10319	9339
1394	398
9926	8940
7652	6662
3927	2942
1350	340
1534	537
4380	3364
6636	5647
6738	5747
10509	9498
9591	8602
3945	2941
6394	5393
7317	6324
3602	2605
9311	8311
8841	7859
1550	551
3156	2174
4524	3537
9594	8594
5286	4277
8244	7252
5115	4119
9285	8293
8935	7940
9905	8910
7122	6140
8200	7199
8999	7987
2918	1922
5195	4180
4227	3233
3409	2393
7935	6929
3056	2043
1917	911
1275	277
7081	6096
2839	1836
8557	7565
10439	9427
10052	9062
9412	8417
4383	3377
4737	3728
5644	4634
5781	4768
10958	9963
4882	3896
2913	1902
1782	774
1487	482
3817	2827
1583	594
6315	5297
9445	8431
6774	5767
5407	4397
8595	7612
7460	6476
4671	3673
9886	8897
6676	5669
4276	3263
6611	5605
8087	7093
8114	7107
5285	4299
8866	7846
3395	2405
8227	7209
2413	1403
6456	5452
5115	4101
2284	1273
9859	8877
9991	8982
5298	4301
10082	9076
3829	2834
6189	5198
5914	4918
3113	2105
1329	328
4045	3065
10158	9171
9823	8822
8153	7152
7000	6011
3162	2170
7750	6740
5667	4663
9471	8452
6555	5542
3883	2880
7764	6755
7767	6775
9292	8272
1271	277
3953	2956
1083	100
9300	8310
8683	7664
1729	747
8189	7206
2487	1482
5201	4210
3629	2624
4078	3098
1765	765
10502	9501
2275	1264
5987	4971
9792	8784
3365	2365
7839	6827
10028	9036
6175	5165
4127	3108
2653	1633
10940	9949
5577	4557
5134	4126
10627	9635
6641	5660
3957	2961
6277	5278
7754	6734
6134	5126
1378	366
4156	3147
1653	667
9651	8635
7250	6233
7906	6901
3702	2706
10005	9023
6346	5344
10612	9626
4191	3181
6820	5828
3231	2249
6333	5347
6152	5168
6811	5807
6148	5150
8649	7669
10615	9627
8354	7335
10139	9123
8194	7180
8931	7937
6335	5332
9717	8728
3334	2330
8133	7148
8891	7880
9380	8398
6099	5090
2898	1902
7001	5996
3957	2948
6031	5039
2648	1651
9026	8040
7250	6235
4831	3825
7613	6597
5381	4363
6911	5903
6166	5170
9742	8756
9680	8676
2460	1463
2125	1138
6507	5508
8056	7056
4071	3076
8967	7979
5965	4976
3712	2702
1056	57
1147	129
9806	8793
4287	3303
7882	6863
4997	3998
2575	1555
5388	4388
2275	1271
2208	1221
4722	3735
4987	3994
8970	7983
4043	3046
9806	8826
1479	473
8202	7186
3119	2130
10463	9464
7955	6961
8895	7902
7027	6032
4037	3026
3279	2277
1578	594
9147	8134
8264	7246
1740	736
9958	8951
2085	1076
9239	8239
6401	5383
2118	1137
2866	1879
5254	4266
9813	8815
8672	7653
3657	2672
10142	9147
1597	614
2160	1149
6776	5778
3281	2268
8831	7840
5985	5001
9723	8705
9748	8748
9412	8423
8803	7804
5717	4712
4014	3024
3384	2394
1430	427
2503	1520
3411	2395
8735	7745
4339	3346
3427	2417
9450	8454
1999	1017
9961	8947
1805	796
3545	2547
2189	1183
4558	3555
9148	8143
7761	6755
7703	6707
1018	26
9731	8713
8068	7083
7119	6127
10744	9754
3825	2828
9508	8499
9823	8804
4795	3780
9424	8408
4901	3915
2365	1353
2465	1483
5229	4209
10740	9753
9996	8994
10583	9587
1838	855
7247	6232
1146	132
2631	1636
1358	360
6665	5648
1641	624
2327	1337
1017	5
10382	9366
9308	8321
6132	5116
6145	5162
8301	7304
9809	8815
8964	7953
1477	487
8287	7300
5175	4195
6905	5916
4317	3328
1986	975
10457	9450
5076	4093
3039	2045
1944	932
3049	2034
3441	2440
9882	8890
10336	9318
10061	9059
6042	5028
1104	93
6771	5777
10015	9010
8178	7158
8722	7722
7393	6382
9504	8505
8622	7639
7999	7014
8593	7612
6042	5047
7953	6957
5502	4503
1859	841
4338	3329
7191	6180
2271	1266
4496	3483
7495	6489
5821	4835
5390	4374
9454	8435
2988	1991
6086	5068
1525	535
8219	7199
8297	7317
10806	9804
6246	5264
10735	9716
8647	7641
8832	7817
3059	2046
3235	2239
5948	4961
6035	5052
5821	4822
9513	8510
5061	4063
8178	7171
9861	8877
9387	8383
2783	1788
8700	7689
5767	4762
5237	4243
5609	4602
5690	4677
2228	1224
3499	2499
10127	9118
10773	9760
1484	493
7549	6533
9450	8449
5361	4361
5975	4972
9382	8375
1278	267
6908	5919
8142	7133
4911	3928
5977	4957
6934	5948
1400	400
2198	1208
7584	6595
5582	4569
7729	6741
2392	1408
2799	1810
5261	4259
5373	4353
8336	7348
9728	8710
8186	7202
10367	9383
4961	3970
3486	2492
3773	2791
8226	7240
4235	3242
4773	3787
9659	8658
