500	649468
9035	8026
1995	987
10972	9978
1066	49
3808	2790
5401	4401
7666	6648
9644	8660
8373	7365
7124	6120
4373	3368
10764	9751
3524	2515
1392	407
10431	9433
8727	7743
4126	3134
9309	8312
1226	217
6916	5918
6206	5192
10254	9237
8346	7354
3243	2253
8417	7410
8742	7729
4622	3614
7084	6090
7630	6627
7725	6737
5571	4579
3844	2834
8961	7966
8051	7055
6214	5224
8454	7462
10756	9758
5489	4487
7315	6314
6142	5142
7855	6860
6651	5659
2292	1287
2504	1499
6114	5123
5550	4538
4155	3175
2090	1101
5733	4743
5713	4724
6542	5555
10354	9345
4866	3872
10353	9366
9499	8515
5494	4494
6399	5398
4226	3230
5959	4966
10741	9755
3135	2149
10355	9346
5349	4337
4043	3042
2559	1549
9544	8537
1855	843
2313	1310
6989	6003
7521	6528
8589	7597
7523	6525
4997	3991
10640	9639
9455	8473
7758	6776
6059	5049
7511	6512
6826	5813
1443	430
5319	4329
1058	50
9041	8058
5184	4192
9579	8563
6088	5074
10518	9503
3987	2976
5582	4564
2070	1072
4096	3101
8626	7623
10839	9854
7163	6166
5321	4306
5187	4194
6939	5941
10776	9774
10014	9012
8356	7353
1262	279
5401	4405
8572	7562
2799	1786
10003	8999
10789	9798
10871	9871
3291	2300
3032	2041
9123	8118
5875	4894
9859	8853
8342	7342
1509	491
2390	1380
7414	6417
2819	1815
8677	7677
8159	7156
2389	1375
6821	5812
3216	2210
8091	7097
1705	719
5539	4537
7434	6420
5590	4609
9951	8958
5349	4341
9708	8692
8655	7666
10994	9979
7093	6099
4677	3695
7949	6963
4049	3057
8474	7461
4031	3030
5754	4734
8291	7285
7954	6964
1326	314
1207	187
6594	5599
8404	7420
10848	9867
3440	2441
9653	8658
4782	3763
9474	8462
7756	6769
7519	6503
7557	6562
1607	610
5975	4989
7248	6262
5391	4390
7843	6837
3827	2824
6340	5331
8218	7207
4773	3778
7764	6765
5032	4035
10169	9180
10902	9883
3319	2314
6654	5673
1683	672
8167	7167
6168	5156
2931	1937
4755	3740
9448	8441
10062	9066
7846	6831
2037	1032
5580	4583
9581	8583
1501	482
4899	3898
3211	2205
9899	8913
7321	6309
8843	7844
3379	2373
7021	6009
4249	3259
10906	9890
10717	9730
4634	3640
6708	5719
2619	1607
8876	7884
10341	9354
1298	296
6763	5754
9767	8749
2769	1782
5133	4147
8751	7742
7004	6014
8615	7601
9661	8674
4696	3678
2660	1663
6420	5424
2952	1935
10777	9773
7901	6909
4807	3826
5850	4849
6470	5476
10235	9250
4704	3699
7583	6587
8086	7084
9930	8949
2488	1506
6070	5079
3120	2129
6207	5224
8132	7152
9193	8196
5734	4747
4674	3660
4266	3254
4023	3034
10216	9199
3595	2591
10132	9115
9535	8519
3038	2057
1159	150
5687	4667
8897	7879
6491	5473
3848	2837
5451	4438
9864	8850
2925	1927
1696	688
10182	9185
7516	6519
8550	7535
6350	5331
4760	3765
5390	4382
5777	4794
2700	1680
3197	2177
6487	5482
8289	7280
2968	1952
5334	4350
6902	5902
10520	9515
2814	1801
1393	387
4647	3654
9534	8519
8279	7280
4610	3604
7249	6257
9186	8203
8445	7464
7741	6727
8794	7779
6945	5930
7587	6607
7624	6644
7994	6980
6595	5607
4378	3364
8462	7480
4703	3709
1276	274
3620	2627
2602	1606
1892	885
1653	648
7564	6570
1066	76
1930	946
8772	7784
2338	1343
8173	7183
9412	8406
8368	7364
5142	4158
7396	6404
8404	7403
9832	8839
9816	8805
10873	9853
3462	2457
10064	9055
8859	7861
3206	2225
11001	9999
1448	436
9297	8284
3131	2112
3285	2304
2845	1831
10300	9283
10138	9153
9551	8537
8058	7063
2670	1655
6906	5889
8973	7970
1381	387
6889	5875
6618	5626
7065	6070
10988	9985
7304	6324
3818	2811
6977	5958
10441	9445
3704	2703
10140	9128
1550	551
1293	301
9229	8246
6271	5289
6214	5228
9466	8468
2633	1648
7113	6107
3989	2975
6034	5045
4621	3626
2879	1878
2936	1938
6952	5954
8067	7072
7277	6296
10044	9060
1736	736
10627	9607
1838	852
3069	2077
9343	8345
1138	147
1485	505
8275	7263
4404	3408
9362	8365
3299	2307
6168	5161
9229	8209
8515	7515
6311	5304
5937	4937
8103	7097
8536	7516
4135	3128
3505	2487
1806	794
8368	7383
6470	5450
1839	819
3603	2600
6696	5684
1340	358
6344	5348
4195	3210
4188	3171
6127	5127
7934	6925
2359	1361
2022	1019
7721	6712
5738	4746
1740	729
9192	8197
1766	766
1926	918
3480	2481
2295	1295
1222	239
4265	3250
4721	3727
5056	4056
8396	7389
6119	5135
3819	2826
2121	1137
9261	8275
10578	9560
9967	8947
3413	2402
2000	1014
6679	5698
5304	4289
4505	3516
4912	3909
6926	5921
2737	1740
1733	719
8522	7531
8315	7321
7572	6590
2584	1569
2499	1487
6221	5241
1981	979
7256	6241
6236	5237
3656	2638
5351	4348
9466	8480
5830	4814
5228	4223
1110	116
10790	9810
5654	4634
9329	8334
6800	5801
5124	4127
1217	210
2617	1623
2888	1898
5474	4466
6201	5195
3293	2273
5781	4791
1569	568
10960	9965
7323	6331
3006	1993
10116	9105
9965	8947
8960	7972
10064	9079
8534	7549
4677	3672
10175	9191
6985	5982
8902	7900
10741	9748
8699	7681
9946	8930
10469	9477
2715	1717
4845	3857
6334	5331
10661	9675
7139	6134
8998	8007
2371	1365
4593	3588
10748	9739
2787	1774
3539	2543
10347	9340
8918	7898
3497	2495
8680	7680
9111	8124
8113	7113
7202	6217
2624	1623
1138	118
6119	5126
1990	970
8720	7729
2185	1195
7591	6575
8389	7396
6122	5132
8020	7004
6060	5055
6654	5654
6335	5352
6827	5835
10589	9598
2351	1347
1681	680
2998	1983
1370	369
6481	5477
1739	729
9605	8591
5395	4408
7025	6042
9444	8447
2588	1595
10588	9598
7137	6156
8568	7586
7937	6941
1111	130
6673	5688
1651	645
3440	2435
9851	8855
6888	5899
