500	1882881
8652	7646
3956	2950
7081	6092
9971	8971
9607	8610
9738	8735
9689	8690
10781	9762
7597	6579
3580	2566
4939	3923
7193	6185
2009	1009
1928	933
9238	8251
4928	3916
3232	2249
3687	2679
7761	6776
2480	1474
4382	3375
2371	1371
6188	5190
5651	4639
6117	5123
1902	903
6588	5581
5560	4572
10504	9511
10385	9379
3188	2172
6103	5089
8151	7156
6801	5810
2604	1620
2311	1331
5823	4828
9346	8340
7188	6171
10132	9115
10684	9675
3802	2816
8343	7328
3240	2231
9918	8907
1440	441
2352	1335
5765	4782
6394	5385
6764	5772
3967	2983
6590	5575
9427	8439
10900	9909
9285	8279
10316	9333
5864	4883
2663	1661
9918	8898
7127	6136
4836	3830
9538	8529
10836	9851
9610	8606
4265	3254
9469	8483
10130	9121
4665	3676
3307	2318
8980	7985
4559	3573
7252	6269
2905	1912
1852	847
8228	7216
9530	8534
5687	4695
4598	3614
9893	8886
3453	2439
9471	8490
4301	3285
9459	8444
6791	5810
1830	813
6478	5489
8637	7650
5570	4557
4794	3793
2798	1813
7781	6777
1827	840
7929	6928
2781	1765
2062	1046
10699	9713
4177	3189
7903	6903
4199	3201
1920	916
2482	1464
2715	1708
10947	9940
8306	7303
5270	4263
6668	5682
5703	4710
7099	6118
2691	1701
8526	7508
2891	1893
9319	8303
3402	2405
2118	1137
10417	9431
6706	5695
1256	272
8262	7282
3191	2172
3751	2742
4082	3066
1524	515
5315	4311
9316	8312
5788	4781
10380	9367
8909	7910
2030	1013
1404	390
5788	4800
4012	3030
8407	7397
3466	2455
3421	2403
9577	8561
3042	2053
10432	9431
8314	7322
9906	8889
5898	4890
8917	7912
10277	9263
9632	8643
7717	6710
7583	6571
5236	4235
6473	5465
9336	8344
8222	7228
5103	4085
4637	3643
6322	5329
8179	7179
5632	4626
4054	3043
1548	532
5481	4463
2779	1773
5485	4471
4443	3430
5791	4784
9459	8470
4267	3274
4383	3363
5206	4213
8674	7675
1948	964
8738	7736
9893	8907
6329	5333
6421	5421
4080	3078
6143	5150
10067	9084
10881	9861
9927	8918
10941	9961
2839	1854
7984	6988
7044	6048
3716	2716
10316	9317
2233	1225
5937	4921
1353	342
2317	1299
4103	3105
8795	7803
2748	1758
9201	8202
3093	2074
1323	324
5793	4786
6265	5270
8801	7813
7934	6922
4492	3507
10192	9201
9225	8225
1343	360
9721	8718
6998	6008
10420	9418
8634	7627
1547	528
9510	8503
2298	1308
1595	600
1943	945
10164	9183
10921	9934
10772	9755
6195	5186
5442	4444
9978	8974
1499	496
7631	6649
6343	5348
8036	7031
7823	6841
7245	6265
10563	9565
8996	7988
3733	2728
4835	3829
8814	7796
2935	1922
4935	3922
9709	8706
7534	6533
4727	3708
1641	637
10852	9844
6658	5667
6262	5250
1473	487
8659	7679
1033	52
9431	8445
7412	6419
1896	879
3455	2436
5530	4524
6782	5794
5391	4397
4239	3226
7145	6159
2331	1323
8754	7739
4073	3082
3396	2396
3905	2891
1555	562
4221	3215
3459	2477
6359	5349
9982	8989
1784	765
9137	8136
8279	7273
1990	997
1530	537
5939	4936
3601	2582
2320	1334
3883	2898
1314	308
3926	2917
1673	674
2652	1658
8359	7348
5618	4624
9518	8512
6271	5276
2979	1975
10482	9486
6215	5197
1471	459
1127	108
1850	839
6745	5742
7725	6708
10364	9382
6708	5723
2225	1243
4185	3195
4244	3248
5839	4842
2960	1948
2353	1369
8901	7901
5672	4668
6400	5407
9513	8513
5689	4709
8229	7231
4713	3714
5214	4229
3047	2032
8359	7374
1967	980
10009	9013
2975	1963
1873	886
4014	3005
1820	833
6874	5867
9997	8979
10581	9591
3495	2495
6684	5696
1855	863
6519	5521
10754	9753
4652	3637
6875	5888
6480	5472
8460	7467
2197	1187
2103	1091
6412	5408
3942	2923
5717	4704
4640	3622
5400	4392
5177	4192
6509	5521
3725	2721
9482	8479
9721	8732
5378	4380
4031	3043
6849	5831
4735	3729
10489	9506
8895	7879
10014	9001
10544	9542
1645	661
10806	9815
7677	6683
4087	3072
8438	7418
3227	2210
6536	5549
2452	1455
2495	1503
1464	464
6122	5104
4474	3459
10548	9542
8416	7433
2600	1612
2174	1177
6222	5235
7801	6798
8269	7271
5679	4691
5919	4920
10872	9883
6841	5842
9229	8242
3458	2475
10454	9455
6813	5810
8753	7750
9899	8886
8712	7706
8029	7015
2604	1596
2454	1452
4841	3829
9923	8908
3865	2855
5443	4429
4442	3460
7587	6580
4466	3485
7162	6150
5634	4624
4483	3473
2124	1137
1460	460
9406	8426
2883	1863
4702	3705
8870	7878
7733	6729
4751	3756
5797	4809
1523	540
9495	8498
8104	7121
8045	7045
2625	1639
2046	1049
5370	4376
2914	1901
10862	9860
5373	4358
6560	5554
6121	5124
6895	5898
1457	471
3558	2573
4803	3819
5267	4251
8119	7100
9674	8673
10101	9100
2932	1944
2235	1246
7180	6194
9561	8568
8104	7089
4888	3894
1042	46
10425	9413
1579	565
6956	5951
4402	3386
4531	3546
2717	1727
9476	8457
10344	9357
2055	1057
2146	1150
4004	3013
3472	2474
9558	8551
9037	8057
1507	519
2529	1511
8778	7787
8599	7581
1787	788
6097	5077
7132	6135
2722	1718
9395	8400
9335	8330
1936	950
2278	1269
4770	3764
5631	4635
6453	5462
3070	2087
6842	5827
2494	1511
8042	7025
7994	6982
5339	4344
2748	1765
7404	6419
6738	5729
4976	3994
8658	7648
6764	5761
10040	9044
7137	6147
8335	7353
7733	6749
2729	1724
4300	3294
3566	2573
2647	1636
2559	1544
10285	9297
2825	1834
1244	245
10914	9903
6246	5260
6555	5550
5442	4427
10441	9443
3574	2568
3455	2469
5503	4507
10103	9101
10361	9376
10067	9057
8604	7607
5992	5007
5570	4552
10846	9866
9806	8824
1092	87
7459	6464
1496	480
5081	4078
8590	7599
8522	7530
7441	6450
8016	7015
8069	7070
2899	1889
2192	1209
8653	7652
9519	8532
9004	7996
