500	245867
6162	5152
2977	1969
10437	9437
2349	1344
4239	3233
2897	1912
6690	5683
3511	2495
1453	459
6238	5221
1688	675
5400	4395
2625	1628
8828	7843
7390	6405
8725	7743
8647	7660
8935	7946
1405	392
6910	5920
5320	4337
9833	8815
7616	6602
4848	3866
4985	3996
5486	4489
2459	1441
2926	1941
5213	4225
3001	1986
4843	3824
9858	8848
4271	3265
4588	3569
6571	5587
8435	7430
10515	9504
4922	3904
1193	192
10927	9947
1008	27
7288	6295
3639	2626
10087	9078
1508	520
1686	684
4488	3508
6541	5555
6018	5009
5353	4358
1035	30
6054	5068
8276	7276
4136	3131
6698	5703
3508	2517
9990	8978
6623	5626
6090	5091
8414	7396
1830	818
2045	1058
2232	1248
6740	5736
8930	7928
7419	6415
7014	5997
6497	5509
1276	293
6690	5708
3562	2554
5871	4859
3485	2470
8788	7805
4435	3452
4704	3710
9001	8008
4687	3677
9813	8806
5180	4179
2928	1917
7332	6325
9667	8673
4140	3154
2571	1584
4080	3089
3789	2799
6736	5749
3549	2534
9816	8812
4613	3615
5428	4446
9319	8323
7135	6134
1980	978
9005	8009
4779	3779
2267	1282
2486	1498
8795	7813
2313	1321
10297	9307
6198	5191
1313	300
10110	9099
2702	1684
6773	5788
7958	6946
10062	9058
4758	3740
2965	1978
8723	7713
2519	1510
9681	8685
7441	6461
10897	9894
7949	6941
5120	4101
5334	4337
3083	2074
9884	8873
1257	248
10170	9171
5406	4391
8930	7943
1531	538
10410	9405
9142	8158
8664	7663
6104	5105
6801	5805
7171	6154
4817	3830
6283	5272
2551	1557
4061	3061
6348	5350
8604	7623
8666	7650
5914	4919
10472	9469
8690	7705
3762	2777
6003	4988
1858	859
10949	9961
2439	1423
6309	5301
7404	6386
10198	9189
7067	6059
5917	4912
4091	3096
1151	170
4747	3737
2824	1841
1816	805
10610	9625
5711	4705
7480	6492
9808	8822
2814	1830
2127	1111
3067	2068
10465	9478
10809	9816
5903	4890
1346	345
3805	2816
7916	6927
6088	5085
4531	3546
7041	6026
10719	9712
7235	6215
5190	4199
9919	8933
7694	6702
2694	1697
5378	4365
3176	2192
1493	482
7475	6477
4565	3584
6195	5175
10661	9642
6954	5972
7477	6460
10872	9857
7808	6800
8997	7982
10221	9207
6209	5193
10810	9811
3186	2191
3704	2715
7903	6891
3637	2636
10615	9619
9307	8314
4299	3307
8448	7430
10832	9821
8351	7366
5438	4429
4957	3937
6726	5707
5020	4016
6941	5934
6003	4997
8047	7050
3826	2811
3725	2720
2070	1069
1003	9
4588	3584
7075	6083
2277	1273
4081	3072
1421	430
6519	5502
8384	7391
3942	2956
3695	2683
2474	1473
1786	801
9490	8476
10510	9511
2541	1533
3833	2822
3554	2567
2620	1602
9771	8757
10144	9157
6171	5156
3084	2083
3958	2939
9386	8396
4159	3155
7447	6429
6989	6006
6899	5916
8468	7451
1487	472
5884	4897
4356	3356
1707	727
8139	7154
10137	9123
3029	2049
2107	1101
4725	3710
5811	4830
7584	6567
5785	4778
7138	6150
4933	3945
1418	410
8338	7356
7752	6738
3795	2812
1586	597
6162	5151
9790	8776
4072	3092
3932	2937
9311	8300
1960	972
4848	3859
9094	8105
10802	9787
3616	2618
9141	8154
10678	9678
10325	9319
7376	6393
2304	1317
2940	1946
10987	9979
1870	882
9069	8087
8134	7120
8053	7067
5521	4539
4326	3320
7012	6013
7336	6353
5735	4739
3213	2214
8581	7600
7575	6569
7920	6904
7607	6623
8029	7023
6515	5530
1304	312
6171	5177
3552	2567
7665	6665
3803	2783
4659	3652
3837	2848
7198	6185
5116	4121
7917	6909
4970	3958
1082	62
4083	3069
2764	1764
4422	3442
1061	47
1400	419
3704	2688
9373	8365
2470	1455
10990	9986
5444	4429
3216	2220
9141	8132
1836	832
3229	2241
6889	5879
2335	1328
6130	5129
1168	184
6436	5445
1598	618
2410	1392
3892	2905
5490	4504
10466	9446
2139	1159
9897	8897
4564	3557
6759	5756
2079	1075
5354	4341
4343	3327
10902	9898
7853	6871
10280	9299
2809	1819
6169	5181
7448	6452
3445	2450
4189	3201
3261	2274
10892	9872
2199	1201
7822	6815
7819	6820
4180	3174
4326	3337
7257	6270
10964	9945
1605	620
6118	5133
2625	1625
3538	2530
6668	5676
9306	8314
3111	2120
2794	1781
5117	4136
8179	7167
7247	6266
7272	6265
10012	9022
7554	6549
2173	1154
10354	9373
2586	1567
1249	268
3176	2158
7092	6074
8234	7243
8783	7793
6384	5381
2808	1803
10234	9253
2184	1180
6531	5547
9753	8770
2792	1778
9748	8752
1786	787
6906	5909
1459	457
8248	7263
6418	5429
4536	3517
2226	1233
10865	9856
5581	4597
1032	26
9726	8718
4405	3421
8035	7036
3817	2826
8489	7492
10615	9623
6375	5393
6751	5746
4692	3693
6317	5303
5467	4459
6751	5758
10178	9180
5532	4547
4128	3117
2303	1311
5756	4762
8322	7322
7092	6095
1957	947
7664	6658
10129	9109
3804	2819
4278	3269
7608	6596
3716	2710
10585	9601
5027	4035
10903	9894
2375	1368
5489	4501
2220	1227
3899	2891
7295	6296
3756	2765
5627	4614
8487	7493
7603	6602
8142	7130
2790	1810
8458	7447
5739	4731
3059	2079
3086	2095
9926	8945
8938	7926
1912	902
9452	8454
9723	8729
8449	7469
9902	8901
2595	1610
8343	7333
3333	2332
3160	2142
6951	5931
6936	5919
9440	8458
1980	977
10874	9869
2906	1894
4355	3335
3583	2586
8132	7114
5886	4905
5757	4757
7449	6455
2584	1587
8560	7556
9352	8363
8345	7341
4374	3384
10218	9220
9863	8883
4859	3859
5397	4390
3309	2324
3722	2737
7296	6294
10870	9872
7860	6878
3840	2859
8692	7691
3796	2801
8902	7919
6710	5710
2533	1540
6384	5369
7291	6274
6946	5947
4452	3447
10845	9829
1703	688
8474	7476
5062	4061
2966	1970
9903	8890
9165	8169
1693	674
1547	528
9404	8411
6594	5603
4191	3209
6757	5777
8014	7021
