500	258762
10889	9901
4163	3178
8398	7381
5776	4792
9808	8812
4691	3671
2560	1544
7817	6809
9608	8613
1118	104
8371	7361
2347	1361
8530	7539
1609	612
1776	763
2397	1403
5982	4988
10167	9162
10682	9690
7894	6881
8967	7981
3918	2917
9318	8306
9932	8915
1767	767
9627	8645
3433	2436
5805	4801
7467	6483
7594	6582
2983	1996
3942	2948
10947	9960
7917	6907
1716	708
6383	5400
5239	4222
7574	6556
5292	4306
2084	1069
6793	5807
5019	4016
1744	736
2939	1922
6964	5950
10558	9543
2908	1892
10609	9607
5890	4910
7610	6610
10731	9742
6833	5822
3709	2714
7464	6457
3985	2997
5598	4592
5014	4015
10581	9571
9279	8264
9833	8819
10308	9301
5468	4479
5137	4121
10458	9450
7150	6150
9731	8751
10612	9620
5527	4519
5860	4850
8716	7696
3143	2129
3723	2739
4260	3256
3340	2331
2503	1486
7368	6353
1722	718
4756	3766
3364	2365
4335	3344
4976	3985
2000	995
8347	7338
9089	8103
8395	7390
10794	9793
6062	5058
4882	3881
8612	7598
6735	5716
9406	8413
6925	5909
9393	8374
1851	844
10957	9956
3407	2406
4063	3080
7358	6369
1781	797
8734	7742
2876	1887
3864	2881
9304	8288
10331	9324
8827	7839
6297	5304
2887	1874
2908	1891
3101	2094
4669	3672
2366	1346
10008	9020
2139	1145
10306	9311
8011	6991
4945	3928
4410	3423
3929	2913
5307	4319
6667	5656
7851	6844
8832	7829
5403	4389
5075	4062
9732	8729
1067	87
2396	1412
2978	1967
6892	5873
7450	6435
5802	4807
2767	1787
9874	8881
3845	2839
2240	1222
8623	7643
8462	7481
1172	176
1677	665
9860	8849
6842	5827
5931	4950
7642	6649
6686	5683
10053	9067
6515	5501
5211	4208
8229	7232
1145	129
4649	3638
5134	4139
4156	3157
9886	8875
4864	3850
3420	2417
2343	1354
10417	9423
1081	70
1551	555
10005	9014
10312	9297
4949	3961
10888	9882
3870	2867
6356	5359
7877	6888
10322	9315
3900	2920
7442	6455
8937	7953
4182	3169
5042	4028
6175	5171
10284	9291
3220	2221
7987	6991
3950	2956
7515	6517
5051	4059
1838	854
8558	7566
6986	5992
7153	6149
6682	5683
9690	8707
4494	3501
10407	9394
9382	8365
9701	8708
2140	1151
9929	8937
4620	3636
2511	1501
10507	9505
9585	8587
10977	9986
5525	4538
4855	3847
6713	5717
9890	8889
9536	8555
5323	4305
10147	9155
8142	7158
4839	3842
8604	7623
1275	278
4401	3394
5170	4163
6412	5411
5861	4868
5227	4209
1927	945
7653	6642
7080	6070
4426	3421
8851	7871
4737	3728
8126	7128
3660	2666
8477	7460
7025	6020
10772	9787
9311	8321
9980	8996
1526	517
7034	6054
9553	8553
1464	476
2149	1133
8395	7391
3949	2944
3651	2669
8459	7452
6456	5465
5730	4744
9558	8564
9425	8413
1535	521
9435	8432
9186	8182
8534	7553
1896	886
2093	1095
2683	1702
6274	5293
4564	3569
10078	9068
1511	501
5119	4102
4281	3294
7890	6889
1273	275
5512	4511
4273	3291
9566	8575
4524	3539
8220	7211
1016	32
5323	4305
8608	7627
3829	2834
1344	332
2825	1845
8641	7647
5395	4412
3778	2789
10759	9741
1867	876
2808	1810
3187	2179
6128	5117
4981	3988
8086	7085
5648	4657
8359	7367
4743	3741
5777	4784
6425	5421
4039	3053
10613	9627
10781	9780
10894	9894
9205	8189
2895	1893
10310	9313
9824	8835
6925	5911
1614	624
7372	6369
2557	1561
9557	8573
1787	782
6455	5447
8710	7722
6507	5490
4610	3593
4760	3763
3959	2969
10604	9608
7327	6333
6665	5684
1321	335
3066	2063
8499	7486
3973	2968
3056	2059
8781	7794
1919	922
1638	633
2191	1189
7261	6270
1435	434
6972	5964
4657	3638
7869	6873
4666	3658
2252	1250
6136	5140
9377	8362
7487	6471
10839	9833
6240	5224
5429	4431
9974	8973
9306	8286
8834	7820
7326	6315
4237	3250
2028	1014
6808	5794
6931	5927
8513	7495
3339	2328
5177	4173
8440	7423
9637	8617
6725	5728
7856	6851
2480	1484
5634	4631
6664	5645
5837	4841
5748	4731
2209	1203
9750	8758
9751	8759
4153	3147
8428	7435
10318	9335
1694	682
9032	8037
10828	9839
9925	8928
1466	484
2867	1872
2796	1789
8568	7551
4336	3351
1615	629
10768	9748
8086	7096
9123	8113
5760	4742
5467	4466
7157	6157
2700	1688
5477	4468
7386	6395
8287	7291
7813	6796
3560	2580
6401	5382
7260	6252
9951	8939
6244	5241
7453	6472
7328	6348
7791	6790
9075	8071
3686	2676
9746	8729
10888	9877
4290	3272
3313	2318
2472	1470
10986	9995
2372	1386
10231	9221
9198	8214
7775	6762
2807	1825
4909	3903
8505	7490
7185	6193
9597	8600
9322	8327
4005	2989
4378	3388
1094	92
6431	5413
9264	8266
9383	8378
10988	9979
3633	2645
7180	6197
9684	8689
3111	2121
9552	8542
9181	8179
5205	4186
8647	7657
2771	1788
7926	6907
6105	5105
1057	67
3820	2825
9752	8765
6337	5339
6644	5633
3778	2778
1334	326
1920	922
10002	9008
2612	1604
8032	7035
8220	7220
2199	1216
4015	3009
10889	9905
7944	6944
5790	4793
4570	3565
5988	4984
9395	8387
3175	2161
9473	8468
2799	1799
9733	8719
5731	4750
4973	3955
10178	9168
2602	1582
5304	4318
3302	2318
3452	2456
3412	2425
6304	5289
8654	7644
3272	2278
1352	361
7317	6327
9964	8949
9304	8306
6592	5590
3724	2709
7659	6657
6635	5642
7165	6150
4088	3091
2538	1532
7238	6244
6365	5357
3317	2307
7842	6826
3515	2519
1920	900
2296	1292
8595	7590
5437	4455
10765	9759
8180	7197
1739	730
9331	8345
9371	8361
1571	561
2693	1701
6495	5478
5949	4952
3740	2754
9384	8403
5074	4089
8366	7359
8340	7334
3084	2099
9945	8945
4144	3164
10759	9772
1692	694
1735	733
8548	7540
4892	3890
5569	4578
1666	678
4892	3899
3379	2373
6373	5369
10920	9915
10100	9080
3045	2033
