500	246310
3095	2105
6798	5778
8011	7008
4177	3197
4696	3716
4751	3745
6748	5744
1396	401
7054	6056
2942	1923
1725	720
6665	5662
1944	963
9983	8997
9029	8028
10260	9248
2710	1723
3290	2296
6222	5233
1541	558
2907	1893
10910	9916
8276	7263
9070	8084
8850	7852
8252	7248
6621	5603
10268	9278
5885	4900
10446	9456
3220	2202
8735	7727
4544	3524
8210	7198
2045	1040
4179	3168
10086	9076
4813	3803
1542	562
8376	7379
4386	3372
2244	1229
3011	1996
4418	3421
7464	6467
7417	6417
6052	5054
6152	5147
6770	5777
6895	5902
1886	872
3818	2825
3937	2934
2353	1372
6357	5343
5581	4577
2703	1709
9194	8207
9584	8581
4420	3433
1708	701
1505	489
9107	8126
2437	1425
3108	2089
1978	982
10051	9034
1895	912
3426	2417
5665	4657
1519	508
6188	5172
8386	7404
8850	7852
1574	577
9143	8147
6518	5517
5725	4745
6530	5529
9131	8111
4530	3536
10844	9836
7055	6036
2525	1518
7891	6871
4631	3634
7057	6074
10743	9735
10539	9543
1134	142
9697	8695
3211	2229
6703	5719
7575	6585
1043	35
3067	2061
3876	2865
1668	668
8108	7107
8798	7786
7413	6399
10603	9607
8383	7364
2942	1960
4955	3935
5240	4235
5849	4850
5135	4143
9430	8435
2284	1272
7230	6226
8441	7423
4967	3976
6188	5184
1451	444
5477	4458
3752	2759
10836	9829
1850	843
8985	7981
3997	3000
3767	2777
3134	2132
9321	8316
1881	880
1331	342
3507	2494
1418	434
1082	98
4814	3814
5710	4713
10163	9150
5026	4016
6097	5083
10021	9026
4376	3366
2022	1036
9641	8629
6799	5817
5849	4844
2272	1286
8020	7003
2557	1562
6825	5831
5360	4358
3872	2881
7546	6561
5120	4105
3584	2593
10411	9404
7158	6166
2868	1866
4878	3868
9815	8797
6804	5792
6211	5206
4739	3731
4133	3133
3730	2714
5788	4787
4147	3165
7498	6502
8316	7298
4167	3149
6481	5471
10212	9216
5843	4862
7520	6530
1930	942
1011	13
9990	8975
10119	9107
1474	461
9618	8620
2592	1608
6581	5596
8705	7706
2809	1802
2209	1211
2014	1020
2529	1533
6069	5086
4813	3831
10174	9182
2998	1980
10437	9444
4222	3202
1238	220
2706	1703
8575	7586
9802	8802
8531	7516
9598	8583
2600	1591
2623	1604
7743	6723
3116	2130
4507	3499
5323	4314
2071	1080
4938	3930
8382	7363
7031	6023
9020	8019
9179	8176
1398	410
9863	8850
8771	7752
4801	3811
3042	2056
2743	1724
7522	6512
9105	8086
9744	8742
10524	9523
4554	3543
7797	6804
8131	7128
1843	840
10466	9477
2159	1162
6982	5983
1446	462
2152	1147
7912	6912
4015	3028
10809	9793
4857	3861
10313	9321
1084	84
6552	5561
1258	255
2416	1422
10899	9887
1615	622
2079	1091
10522	9533
8188	7200
5156	4153
6824	5833
7791	6804
5865	4851
8346	7343
3801	2792
5653	4634
4768	3788
7052	6056
5076	4092
7761	6742
7528	6511
5441	4423
7640	6658
2612	1606
2846	1853
10194	9211
6272	5281
7475	6474
8890	7885
10643	9654
10056	9070
2066	1062
10770	9750
3180	2180
10415	9408
1239	243
10267	9256
4626	3625
3322	2302
8920	7926
9493	8504
9949	8945
10507	9523
3332	2320
6945	5942
3220	2217
4309	3306
3014	2006
1647	644
10428	9443
1161	149
3596	2595
3859	2872
2297	1298
8111	7096
10769	9788
4417	3406
3835	2839
5296	4288
7855	6858
4779	3769
6831	5824
8878	7875
2318	1304
9147	8127
6575	5569
6976	5987
9131	8131
10520	9504
10322	9340
4193	3197
2785	1768
4768	3765
9522	8503
9587	8593
6365	5369
9578	8585
3386	2390
6088	5090
9371	8390
3086	2067
2510	1512
8683	7678
5236	4228
9719	8722
5827	4843
8145	7148
4081	3072
2618	1605
6586	5589
4845	3853
2780	1800
8992	7984
1717	731
8525	7520
4155	3159
10111	9123
4978	3968
9078	8094
9588	8571
9632	8615
6755	5738
1341	328
2538	1538
7039	6030
1061	56
5641	4622
5762	4753
4222	3240
10919	9901
3373	2382
10546	9563
10269	9273
7146	6132
3783	2796
7916	6910
5430	4448
8540	7536
6992	6002
10770	9785
10270	9285
5784	4797
3676	2690
5888	4896
8385	7368
5323	4326
2207	1216
9471	8468
2161	1170
3858	2872
4410	3421
4686	3693
2359	1359
2837	1828
2948	1934
5653	4641
4278	3296
2393	1376
2477	1490
10626	9619
9034	8014
3727	2739
2117	1114
3594	2613
6353	5336
4807	3795
7954	6972
7302	6307
5874	4872
9511	8529
3062	2053
4534	3532
6695	5685
8740	7750
5934	4928
4677	3666
5612	4628
2139	1159
6413	5422
1311	316
7635	6640
2606	1618
2996	1982
8989	7971
7083	6081
2794	1790
6691	5673
1252	252
10068	9073
9355	8345
10296	9298
8500	7489
7820	6828
9184	8180
7273	6292
3640	2643
7789	6776
8853	7844
4053	3072
1330	322
1185	166
6460	5480
5190	4193
3489	2473
7958	6967
9511	8499
10721	9733
7923	6924
1687	691
1116	129
7897	6895
7259	6274
10840	9838
6343	5355
6828	5847
2248	1255
8498	7505
8286	7272
7564	6572
6467	5476
3365	2383
3373	2370
7616	6604
6340	5351
10357	9373
1576	583
1491	484
8387	7407
8070	7052
10649	9669
6860	5859
5792	4790
1206	208
7135	6122
6403	5394
3637	2655
10582	9599
8858	7855
1025	36
6988	5974
2442	1444
10989	9980
1470	466
7819	6839
5886	4877
8207	7225
9613	8621
2168	1181
7594	6593
1758	763
3847	2853
5960	4940
6681	5681
1097	79
4476	3469
2286	1303
9910	8900
7071	6091
3757	2745
8527	7508
7726	6719
2142	1150
10504	9488
3799	2806
9975	8967
1659	669
4918	3913
3436	2441
3656	2660
10524	9512
3526	2511
2110	1108
10064	9068
8599	7612
5843	4847
7942	6939
6162	5175
7478	6463
1624	625
3292	2294
9821	8814
9975	8966
10426	9446
2190	1172
1074	80
10902	9907
2681	1693
8692	7678
10486	9501
10149	9163
7146	6132
