500	2309974
1529	528
6331	5350
5438	4422
2828	1822
2582	1563
4975	3974
8662	7680
3133	2126
6321	5314
10309	9302
3297	2312
5361	4374
5443	4435
5580	4577
6393	5377
10804	9809
9203	8189
6916	5915
2454	1453
2559	1567
2406	1401
8561	7555
3984	2964
7080	6060
8935	7928
5216	4218
10176	9193
10768	9784
6470	5453
6374	5392
3955	2971
8676	7688
5660	4643
7703	6695
6000	5009
1409	399
6088	5104
8213	7221
9467	8467
6225	5244
6109	5124
2623	1625
5272	4267
6069	5058
8129	7144
7626	6643
6458	5467
7134	6114
7633	6616
6456	5454
9907	8892
6529	5541
5436	4446
5561	4572
1827	832
6100	5099
10616	9601
4782	3770
2519	1505
9935	8944
4614	3624
2649	1662
10860	9859
9324	8304
6249	5258
2542	1540
7565	6579
10143	9153
6322	5339
5246	4254
3023	2039
6124	5127
7447	6444
5938	4934
3478	2493
10586	9587
2054	1044
10528	9528
3537	2524
4417	3437
1906	896
10214	9197
4637	3619
4737	3730
10035	9019
8343	7358
3667	2675
9036	8034
9766	8777
2097	1102
7219	6228
7027	6046
3344	2346
9781	8800
8113	7113
7487	6497
6404	5403
6535	5538
8140	7138
3690	2694
2330	1318
2541	1549
10314	9323
9352	8332
7668	6661
8157	7169
8897	7879
10564	9578
3877	2877
8974	7981
6091	5078
2648	1634
1338	353
9816	8834
9112	8109
9918	8924
2602	1604
1410	423
9814	8797
7326	6345
1368	355
9188	8207
1644	650
9240	8250
1953	964
10874	9858
1086	91
3541	2538
5728	4746
6481	5482
9802	8813
9495	8490
7455	6446
9040	8030
4737	3741
9426	8410
10100	9084
7797	6804
5334	4316
5423	4442
3039	2020
9232	8239
3876	2887
5573	4585
9777	8774
5016	4027
7163	6156
8601	7599
6862	5853
9276	8274
3073	2082
5679	4675
2669	1668
9301	8295
7477	6461
5144	4148
10938	9936
6425	5439
5016	4022
3871	2875
3338	2348
4115	3097
4262	3254
3728	2742
3588	2597
1101	113
5816	4805
8207	7206
7618	6598
3365	2382
8564	7568
9742	8738
3389	2371
9626	8643
2323	1317
10452	9465
2128	1118
4242	3232
8852	7858
7541	6542
7422	6403
9075	8069
6312	5305
4231	3234
1029	25
4304	3292
8713	7732
10043	9045
2310	1323
4147	3143
5500	4489
10686	9674
5838	4856
9665	8647
7600	6580
10102	9114
2864	1874
7771	6765
10535	9540
987	6
10088	9107
4549	3537
5565	4566
3364	2351
3405	2415
2830	1819
4166	3172
1378	369
1119	126
9345	8325
7081	6084
3562	2578
2414	1402
5567	4580
9948	8933
10616	9619
6371	5388
4540	3553
8983	7984
4891	3881
5929	4917
5846	4860
5143	4140
4926	3945
9367	8365
9720	8725
8762	7782
2662	1669
5159	4142
7463	6481
4001	3011
10430	9448
4192	3204
9933	8933
9319	8338
10630	9615
1811	831
4106	3091
9934	8950
7475	6480
1177	164
9935	8953
4618	3638
9715	8701
7911	6918
1727	718
1083	98
6724	5744
2103	1101
5431	4443
6271	5285
6184	5174
8374	7375
7476	6464
1370	380
10848	9832
7428	6430
1792	790
5701	4711
1778	791
7429	6426
7875	6863
1352	346
7140	6146
6426	5421
8742	7738
4800	3785
5780	4770
7167	6169
4156	3163
7583	6566
3049	2031
4252	3261
6797	5778
4446	3441
4053	3036
1181	180
9637	8630
6527	5535
9405	8401
10053	9066
5654	4655
3388	2382
10009	8992
2880	1868
5678	4669
5526	4514
9503	8516
8628	7638
8706	7693
4951	3966
4393	3377
2780	1788
10199	9205
8719	7708
8637	7622
7950	6932
3171	2189
9113	8120
7859	6865
4559	3576
4768	3782
7737	6739
7694	6694
7760	6780
8847	7831
9815	8808
6873	5887
5182	4194
1395	400
6568	5571
5642	4643
5827	4825
6014	5010
1167	182
4742	3744
10881	9898
2711	1715
1694	702
2784	1791
10928	9925
1685	690
9161	8148
5657	4638
3890	2900
5536	4517
4078	3067
6922	5903
7266	6278
3975	2976
5877	4864
10428	9438
3917	2904
9439	8422
1750	732
8174	7166
7081	6083
4526	3511
1489	476
9205	8220
9790	8790
9764	8778
6653	5640
2376	1374
1242	229
10398	9415
1666	650
10131	9150
1325	330
7397	6395
5380	4377
8029	7031
9503	8523
2637	1657
1385	382
8459	7449
6769	5773
6070	5083
3112	2106
3328	2347
7508	6501
9969	8959
4109	3099
4849	3842
3420	2425
3686	2676
3014	2014
7336	6343
7150	6138
5398	4416
6857	5847
8111	7123
3869	2872
9617	8632
5163	4168
10369	9376
1603	589
8800	7814
1807	799
1241	222
6797	5814
7715	6716
10552	9567
6687	5679
6400	5396
2741	1742
2569	1587
1483	482
3142	2136
1116	116
3690	2700
3731	2720
10366	9370
3300	2283
8622	7642
9677	8678
1526	519
5468	4480
10728	9738
7862	6876
6788	5801
9773	8754
9900	8883
1782	797
3116	2131
2695	1715
10080	9065
3610	2623
4616	3621
8491	7504
5511	4531
5849	4842
9912	8909
8904	7916
1162	182
1416	409
5154	4149
8015	6998
7766	6764
7540	6551
7702	6688
5860	4869
1200	209
5490	4473
10921	9935
1295	297
5767	4751
8339	7343
9429	8435
10475	9493
8218	7214
5667	4687
4790	3788
9036	8050
5805	4801
6838	5847
3696	2705
6776	5768
2598	1579
2009	1019
5822	4827
3683	2679
3239	2257
3225	2218
2324	1331
5909	4910
5241	4259
3902	2899
5637	4653
1933	914
7315	6334
8714	7696
5698	4695
6125	5131
9748	8753
1702	682
4411	3425
4327	3307
10021	9039
10652	9672
9783	8799
7494	6492
6353	5349
9685	8674
6120	5138
4654	3659
3196	2192
2948	1946
8007	6993
7623	6607
5664	4674
3446	2443
9087	8077
1492	493
4290	3290
7988	6994
10878	9881
7289	6279
8431	7435
10122	9133
9697	8698
5065	4056
9187	8199
5374	4383
9254	8269
7088	6100
5619	4609
3285	2283
1580	561
7288	6305
7330	6327
1513	517
10772	9760
10482	9468
6792	5790
4403	3383
7957	6969
9747	8747
8720	7718
3335	2348
