500	1285011
10860	9879
1621	602
1779	782
8546	7530
7404	6389
2291	1310
5569	4561
8528	7526
1934	946
2301	1282
3394	2381
3766	2768
5179	4186
5056	4059
7666	6662
7375	6384
5841	4858
3562	2564
4490	3486
8929	7936
10240	9227
8505	7523
1426	445
4832	3814
6847	5866
4309	3297
4291	3296
10241	9229
9790	8810
9480	8485
10421	9403
4066	3055
8988	7974
8040	7035
1614	622
2473	1460
2309	1328
2171	1166
1905	902
3983	3001
10014	9021
9736	8724
7328	6337
10115	9133
8171	7175
6610	5628
3575	2574
9054	8036
3255	2264
8319	7334
9024	8024
9840	8822
6507	5503
5930	4910
8760	7778
2621	1613
2384	1396
6847	5843
10247	9228
7885	6902
5439	4452
4812	3831
8918	7924
7978	6966
10977	9964
7356	6355
10375	9366
2874	1877
2278	1278
4840	3826
7512	6501
2895	1906
3096	2084
3227	2237
2815	1804
7714	6723
5735	4748
6280	5275
10694	9706
8551	7542
10608	9613
4632	3652
9201	8183
6081	5096
1234	235
8048	7052
8261	7256
6610	5611
8036	7032
8334	7339
3274	2256
1109	117
4469	3455
9658	8643
4644	3661
5278	4273
10610	9619
9817	8835
2692	1673
9160	8173
4956	3948
9317	8335
7543	6557
5709	4723
7945	6949
6772	5754
7035	6031
10384	9368
7790	6799
1448	430
7952	6960
6208	5228
7764	6749
8360	7355
9960	8952
10097	9097
8907	7910
5135	4123
6776	5778
8732	7713
4419	3413
7774	6766
6070	5083
4014	2998
3313	2333
8852	7849
4594	3575
6647	5635
7068	6050
3015	2001
2114	1119
5189	4197
2158	1155
3504	2507
2898	1896
7806	6795
5628	4625
6516	5534
6320	5307
10573	9581
2824	1843
1485	491
3343	2344
10450	9437
6415	5411
1504	491
4157	3175
10685	9676
4875	3891
2954	1969
6439	5439
10907	9926
5745	4752
6063	5065
9784	8803
3359	2372
2539	1547
10580	9573
8379	7395
8176	7181
8719	7714
6668	5658
10658	9671
1784	800
6510	5519
9552	8562
1917	930
3134	2127
3482	2497
10947	9961
2872	1888
7968	6985
6230	5233
6883	5892
2648	1638
1571	576
7591	6599
6979	5973
2375	1388
10721	9725
7381	6380
5795	4804
2143	1146
1859	847
5664	4660
1283	263
7444	6447
5121	4123
2143	1145
4145	3136
8434	7425
7957	6944
2388	1405
2672	1676
3217	2213
5486	4487
3256	2240
3822	2808
6932	5945
3030	2025
8704	7707
4351	3345
2933	1939
2612	1617
9108	8090
6095	5115
10249	9258
4168	3186
6453	5441
4143	3155
5945	4948
8284	7269
4687	3671
7504	6498
8604	7610
6346	5348
7185	6189
8256	7268
5299	4308
4640	3637
1859	842
7078	6065
9558	8551
6661	5659
9350	8335
6155	5175
7465	6482
7043	6062
8417	7437
10523	9529
7722	6719
2023	1006
2768	1749
8594	7576
10234	9244
999	14
4437	3437
1008	18
4298	3298
3285	2274
6687	5670
1198	210
9798	8811
1525	519
10095	9103
1787	788
6463	5457
7761	6775
8610	7597
2478	1486
6763	5765
4678	3691
6905	5894
1755	772
4352	3358
7574	6589
2108	1108
7005	6015
6286	5279
6151	5149
6496	5503
10355	9344
3265	2255
3987	2980
8439	7424
8439	7433
7479	6484
9636	8632
5750	4732
5864	4881
10236	9240
10912	9928
7566	6560
1497	501
1155	173
7921	6920
4586	3581
3667	2685
5997	5004
5977	4962
2102	1083
2971	1981
7706	6713
4847	3844
2815	1800
1122	124
3935	2922
6745	5758
10977	9993
6823	5840
8784	7766
5490	4496
6199	5181
5546	4530
6484	5485
5095	4103
8866	7881
1963	953
9915	8917
5561	4572
4769	3756
4494	3486
10637	9645
5529	4533
6369	5354
9839	8852
9028	8021
6219	5222
2182	1188
2263	1272
9664	8660
6007	4993
7378	6374
9590	8601
6986	5972
8760	7747
8486	7486
10986	9982
8556	7550
9452	8459
7637	6646
2067	1058
5142	4152
5526	4535
2491	1481
4636	3641
8756	7769
7592	6581
10833	9845
6429	5417
4377	3357
5704	4703
1261	257
9913	8914
3475	2461
8568	7578
4229	3234
3726	2743
9126	8137
10459	9478
4891	3906
6797	5789
5879	4879
10150	9162
7480	6460
4687	3698
9656	8664
9053	8036
3656	2662
8690	7688
6292	5309
9327	8316
5022	4022
8675	7659
5593	4587
8072	7063
9257	8261
3109	2126
10771	9779
6458	5450
5263	4258
1223	227
2002	991
3624	2616
1993	995
10392	9391
10261	9246
6606	5593
5538	4554
5315	4297
5662	4679
1712	693
6379	5382
3177	2176
5455	4450
5611	4631
5753	4750
9721	8721
1521	529
9430	8437
3317	2311
10760	9757
8335	7335
1624	634
10217	9219
10835	9826
3627	2629
1480	494
5099	4087
6882	5876
8441	7450
1251	234
5129	4142
10568	9565
3696	2681
4587	3597
3543	2545
5055	4050
10808	9819
7044	6032
4014	2996
6783	5770
6563	5580
10134	9115
10279	9263
10914	9902
6698	5717
9080	8096
1342	362
8262	7261
3423	2422
8546	7550
10864	9856
7816	6835
6789	5806
1261	249
4724	3741
7203	6200
6874	5875
6874	5855
3824	2844
6722	5734
3119	2128
7649	6637
2762	1767
2020	1034
9982	8986
6943	5950
3127	2142
6880	5900
5582	4575
4275	3267
3748	2735
4316	3305
5618	4626
3776	2765
1180	161
6248	5231
8709	7689
1363	375
9305	8325
4856	3850
8749	7769
1633	638
4034	3018
2462	1449
11000	9998
3715	2712
10193	9192
5314	4317
1065	45
7537	6528
9808	8789
5519	4510
7851	6836
10988	9990
8506	7486
3419	2428
8956	7961
5996	4991
10754	9745
10958	9952
8430	7414
4947	3937
7057	6048
6530	5544
10882	9895
10292	9287
4736	3742
2500	1491
3589	2586
3003	2017
1086	94
8643	7649
8069	7068
7281	6271
1710	692
8549	7541
10758	9774
2601	1595
10237	9251
5286	4303
3069	2063
9782	8795
7485	6467
3648	2655
6647	5640
8593	7587
1574	592
7717	6733
8166	7174
3303	2318
7270	6273
4471	3470
5589	4600
4386	3373
1889	909
7053	6041
7226	6229
5407	4420
