500	1251510
8154	7144
7575	6593
1483	481
9378	8373
1751	737
7211	6230
1150	161
4634	3628
5993	4985
7629	6625
7288	6269
9328	8328
2200	1183
2656	1639
9888	8896
3771	2752
4048	3057
9919	8912
6960	5953
5386	4367
9203	8205
6335	5346
8945	7929
7187	6195
10572	9557
8714	7703
5347	4358
9370	8373
9281	8262
5692	4678
9273	8275
4406	3402
3827	2839
2757	1744
3357	2343
4261	3256
3137	2132
5490	4477
4996	3979
8941	7929
6604	5608
3774	2780
4666	3682
9424	8427
3287	2304
4348	3364
10849	9839
3925	2910
4070	3066
10898	9900
6284	5279
5496	4477
9354	8362
6325	5319
8114	7102
10181	9189
10137	9135
1311	296
3711	2722
8251	7259
6811	5830
4096	3114
4182	3164
10199	9186
1157	175
6809	5821
10625	9624
9553	8564
10850	9861
5439	4422
9646	8648
1655	663
9241	8258
6954	5940
10237	9240
1084	83
1737	721
10872	9887
10034	9034
2672	1687
6896	5906
9507	8520
7233	6231
6996	5981
7547	6567
10504	9484
4663	3661
5711	4716
9696	8695
5960	4966
2179	1194
8467	7467
8509	7505
3608	2615
9545	8538
10044	9063
2668	1675
3327	2326
8593	7574
4754	3751
2374	1370
8751	7762
4921	3932
10159	9163
5439	4438
1829	822
8641	7639
5779	4790
1675	659
1097	105
1545	558
4084	3083
5122	4127
2609	1593
8322	7335
2264	1262
8116	7135
8289	7270
4717	3710
3463	2475
4985	3967
5346	4365
8175	7173
6526	5513
9970	8987
4241	3248
10615	9606
3808	2788
6041	5059
7126	6136
9317	8318
1523	542
1962	948
10649	9656
10481	9500
8090	7108
7763	6756
8825	7816
3165	2175
9409	8417
10688	9686
5212	4195
8437	7432
2014	1027
3584	2600
8555	7562
5406	4392
4419	3401
1908	920
2550	1542
3468	2453
10395	9380
9208	8227
10592	9599
6862	5862
3969	2949
9939	8933
10446	9435
1516	520
3828	2812
8795	7808
6940	5929
1052	39
2922	1914
7195	6214
1242	227
10337	9350
9330	8313
1389	407
10059	9055
5258	4240
7603	6588
2344	1362
2494	1477
2116	1130
8427	7435
10303	9283
7251	6236
8063	7063
1518	506
3934	2924
3850	2842
7457	6442
1366	360
3521	2522
1262	277
3550	2566
6284	5291
4417	3417
1646	633
2730	1738
4494	3513
5073	4093
1718	737
6953	5966
10557	9573
10264	9248
2722	1721
3645	2646
10074	9081
3068	2082
7675	6680
8255	7250
7334	6328
8241	7240
8248	7246
7142	6151
6365	5361
2951	1955
2647	1632
4140	3151
8883	7897
1309	309
9912	8897
10676	9687
7518	6538
5088	4106
1094	75
5728	4710
2361	1361
9715	8732
7859	6871
5717	4729
5679	4667
5619	4633
4257	3276
10638	9632
3688	2682
9434	8449
10593	9575
4894	3906
7452	6443
6559	5570
5120	4101
7971	6987
9690	8671
4537	3532
1969	969
2654	1639
9471	8483
7368	6369
8979	7993
9845	8841
4283	3263
3759	2773
9740	8742
4793	3809
1726	725
3158	2176
7481	6486
6120	5131
10641	9626
10534	9528
3425	2405
4516	3505
4597	3607
1671	689
9127	8122
9617	8623
4441	3454
3997	3012
7759	6759
2668	1688
8334	7331
6609	5596
9317	8337
6900	5893
4091	3095
6917	5900
5382	4393
3111	2127
3507	2527
5227	4236
5728	4719
4943	3954
10184	9174
3748	2765
5608	4624
5553	4548
3662	2666
2671	1660
3565	2575
8863	7868
7090	6073
8184	7195
4318	3322
9749	8729
3465	2480
1024	22
7279	6280
1491	474
8591	7608
7961	6962
3097	2106
7507	6492
3094	2079
1002	16
1802	813
3639	2620
4783	3802
7849	6850
5988	4995
6178	5172
4126	3115
4567	3552
7620	6601
5970	4966
3457	2450
8018	7035
3774	2777
5057	4040
3796	2782
10243	9257
2745	1732
10906	9893
2414	1398
7582	6602
8318	7332
1070	71
5086	4100
9546	8536
8963	7964
3068	2069
2994	2007
1747	752
4892	3873
10262	9265
10383	9387
2461	1449
7116	6102
2002	985
7898	6890
8463	7452
3349	2367
2104	1100
6221	5204
1778	769
1759	779
3620	2616
3998	2998
6453	5442
4580	3578
5675	4663
10445	9442
3314	2312
5599	4608
5266	4283
6754	5764
9622	8617
7346	6345
5050	4048
6745	5725
5271	4270
9698	8714
8125	7126
6690	5690
9569	8552
9831	8817
2825	1806
5057	4073
7956	6970
10330	9330
1475	472
9033	8046
3793	2785
4654	3660
1243	223
1970	973
8220	7218
9848	8828
10158	9168
8279	7283
2254	1241
8795	7805
8135	7128
4161	3173
4482	3499
2173	1186
4524	3528
9886	8903
9620	8623
6119	5110
4449	3464
6884	5885
9276	8293
2111	1130
7908	6906
10077	9080
3303	2302
2505	1487
3365	2358
2072	1083
8734	7722
5075	4087
2553	1537
3562	2555
4721	3712
6943	5926
6691	5671
10307	9300
8467	7452
10748	9750
6182	5189
3391	2378
5199	4190
5613	4619
9681	8671
6625	5610
3289	2279
3697	2709
7694	6699
5494	4476
5358	4376
4702	3706
6509	5493
5831	4847
8055	7053
9369	8368
6332	5323
1572	559
2590	1576
4362	3374
4066	3055
4110	3107
4563	3560
8846	7828
7546	6562
8519	7518
8854	7854
7984	6964
5618	4606
3454	2450
9835	8855
1224	218
7472	6486
3020	2011
2086	1088
9974	8990
5014	4022
1607	616
9851	8845
6860	5869
5493	4480
3292	2311
7496	6508
1849	851
7239	6255
10707	9719
6113	5129
2071	1051
9409	8427
4256	3262
9571	8591
7779	6767
3030	2041
10748	9746
3538	2544
8109	7095
9663	8674
7401	6394
1267	281
5626	4628
8471	7480
2246	1259
9695	8691
7701	6711
8398	7394
6906	5924
10843	9850
3323	2315
3985	2966
6854	5857
4564	3565
2470	1469
4200	3192
6966	5972
6630	5644
9866	8879
9749	8734
9486	8476
3052	2058
5549	4555
6616	5608
2483	1496
8071	7075
5140	4156
1940	942
1798	795
2036	1053
6148	5135
10752	9764
5365	4357
3504	2519
6415	5397
8196	7216
8689	7676
5226	4236
3303	2293
3354	2363
8535	7524
