500	1321083
7018	6016
10641	9648
6007	5007
8296	7302
5965	4950
5154	4157
10525	9516
9429	8426
5884	4902
8051	7051
9991	9005
3529	2518
10634	9635
5860	4849
10961	9965
6818	5818
8889	7899
9824	8835
9878	8897
8601	7594
9308	8318
3626	2643
5741	4750
8865	7849
4539	3550
2354	1370
10543	9526
8589	7588
9024	8023
6751	5770
2799	1799
10251	9255
10735	9724
10782	9767
5770	4767
7272	6279
4237	3255
3040	2030
1916	914
5233	4236
9852	8871
4230	3244
7618	6616
1009	16
10876	9864
8583	7588
3635	2616
1061	64
6225	5229
1453	434
5171	4162
10113	9094
2635	1650
3354	2374
9297	8298
10961	9973
2346	1339
8247	7248
3335	2350
4161	3181
5351	4356
9729	8718
7751	6757
7635	6647
10754	9772
10715	9702
6097	5104
4492	3509
10685	9684
8415	7405
10390	9373
8812	7822
9848	8831
4328	3331
7223	6241
9023	8034
2243	1231
10567	9550
9970	8968
6934	5939
10556	9569
5138	4136
8197	7203
7914	6927
10193	9207
7902	6889
10365	9371
8342	7344
3416	2406
9403	8385
2438	1443
9764	8754
5056	4068
4694	3708
1508	520
8254	7237
8608	7611
10257	9270
6347	5352
7885	6874
7240	6228
6789	5809
5279	4289
2334	1319
1764	762
4605	3604
5743	4726
3142	2150
4218	3217
4091	3110
9572	8568
4827	3817
4568	3567
9619	8622
9682	8700
2038	1055
3905	2896
1761	775
10860	9862
9032	8034
9178	8167
10555	9565
9400	8414
10489	9474
6228	5215
2518	1531
7895	6914
7158	6174
4759	3751
10480	9461
2317	1333
5459	4464
3395	2394
8970	7964
3204	2195
1442	443
3943	2960
7147	6144
9936	8953
5840	4852
9280	8266
6899	5890
3693	2673
8963	7964
3273	2275
8214	7199
6805	5825
6288	5285
10392	9387
3743	2723
10216	9221
6054	5039
1703	715
9259	8254
10927	9924
3034	2030
7767	6772
7145	6162
5956	4962
5311	4329
2513	1506
4123	3103
5745	4738
7158	6167
5920	4912
2954	1948
5189	4173
2925	1911
3738	2757
5367	4373
7271	6269
10434	9435
7528	6528
1351	354
5920	4938
2610	1603
6040	5046
10650	9667
9704	8718
2687	1672
2368	1370
5059	4069
10523	9506
4961	3961
10524	9524
1900	915
5674	4663
5512	4515
4353	3351
3560	2563
3197	2207
1665	679
8260	7265
8015	7004
10432	9426
7148	6139
7314	6299
1790	795
4963	3959
6565	5569
2505	1503
9902	8907
5166	4174
2435	1433
10540	9548
10457	9444
9125	8110
2781	1766
6236	5251
9556	8561
5592	4583
3231	2222
8016	7011
1404	384
7877	6869
8142	7138
10641	9651
2311	1305
5968	4950
4049	3057
9597	8590
4338	3338
7941	6956
2215	1214
5218	4215
9041	8022
1077	87
7766	6784
10823	9824
3961	2946
7060	6066
6577	5581
2513	1517
10985	9989
1024	4
5143	4145
3545	2558
6746	5726
8979	7988
2625	1629
3113	2132
7070	6078
4503	3512
7903	6890
5983	4994
2111	1094
4989	3989
9135	8115
9672	8692
8907	7901
8481	7474
1347	339
7298	6291
7331	6349
9301	8321
6376	5378
7170	6160
10886	9901
8465	7445
2309	1329
7888	6889
10380	9386
10960	9963
6543	5560
6038	5045
8065	7085
4309	3326
4179	3176
5542	4558
10011	9003
6738	5724
7367	6380
8158	7169
7556	6538
9281	8271
10947	9943
7399	6411
1174	181
8995	8014
7222	6236
7154	6169
5751	4745
7419	6403
7630	6650
4188	3194
3914	2903
4780	3771
10661	9655
7844	6851
8156	7153
9161	8149
9151	8171
3929	2944
9351	8357
9134	8151
4110	3093
3102	2099
7724	6722
2753	1741
7971	6986
7020	6037
8666	7680
6498	5482
4658	3665
2493	1481
2391	1377
2400	1413
2393	1377
10805	9816
9726	8719
7648	6657
6069	5080
8065	7070
4571	3558
5434	4445
9128	8108
10538	9539
3649	2667
8209	7197
1541	525
9933	8933
7541	6542
1487	503
10549	9566
3551	2546
2661	1681
1291	278
9314	8302
7272	6269
1387	399
5299	4300
2132	1119
3947	2952
10864	9849
3459	2443
8494	7481
10365	9367
10914	9927
5156	4146
3074	2089
2374	1356
2270	1268
3780	2779
9310	8301
2689	1679
10292	9290
7098	6095
8249	7249
8112	7114
10996	9977
10765	9748
2090	1090
3213	2193
6754	5736
10578	9577
5196	4204
1956	970
1934	918
8896	7898
10462	9444
1931	927
6849	5862
1355	340
2861	1865
6405	5391
6999	5980
1606	596
5361	4376
10515	9527
10173	9185
1475	487
4427	3426
6988	5970
6509	5490
2695	1707
1290	302
4394	3406
10566	9572
7182	6179
1098	117
8670	7675
10354	9361
1531	535
3660	2665
8790	7796
3119	2113
10883	9903
4087	3086
6440	5459
2084	1083
6914	5916
9442	8422
5341	4339
8928	7917
2369	1379
7553	6553
9823	8826
10345	9340
6001	4995
4486	3500
10726	9721
9115	8109
1138	149
8343	7332
1709	719
2387	1380
2484	1495
4807	3794
2722	1713
9002	8004
10982	9977
2536	1551
2820	1820
5236	4227
3502	2510
10897	9902
4609	3618
4739	3759
1120	132
7909	6922
6084	5086
3931	2929
5506	4494
4501	3519
9403	8402
2717	1721
7062	6075
10717	9730
1571	563
1399	389
7971	6991
8656	7655
10874	9863
5938	4955
7136	6140
10923	9936
5754	4741
2201	1205
1299	296
9054	8053
1380	371
3854	2841
2907	1891
9772	8789
8350	7338
6054	5050
8293	7293
4954	3951
8021	7021
1759	755
2200	1212
8769	7780
9113	8102
4295	3286
7988	6999
8288	7282
3266	2257
5608	4605
3835	2839
2569	1582
9312	8331
4475	3479
7676	6677
3857	2847
3797	2785
5666	4658
10223	9223
9398	8389
2326	1340
6053	5071
10092	9101
4080	3063
8896	7900
10935	9954
4555	3551
6222	5206
8112	7123
3851	2865
4012	3029
2768	1774
8091	7111
1731	718
6777	5787
1858	856
2228	1229
5107	4103
10513	9510
2098	1105
8429	7431
6848	5854
1332	330
4694	3693
9687	8668
8239	7227
4155	3150
2370	1369
3591	2579
2239	1239
7700	6720
5233	4234
