500	2321158
7998	6998
8915	7909
6207	5205
8472	7455
9019	8004
3045	2060
7425	6419
9842	8856
5743	4741
9884	8890
2680	1675
6564	5567
9775	8764
7413	6395
6794	5774
5957	4954
2488	1481
9871	8886
10983	9972
4651	3649
9810	8830
10073	9067
7416	6409
2141	1124
10774	9768
8181	7186
9243	8252
4313	3316
10425	9420
4814	3817
5444	4447
1159	165
7439	6458
2828	1844
2609	1604
10492	9510
8506	7521
1402	391
5295	4283
2967	1960
3536	2549
8547	7529
7911	6901
1557	548
10172	9177
7941	6945
4006	3012
4111	3096
1847	845
5953	4945
8006	6998
2600	1584
5994	5000
8535	7518
8772	7763
3698	2713
4840	3839
1470	458
6717	5729
3383	2386
2039	1053
9928	8939
4781	3788
6400	5399
9730	8732
1548	551
8966	7958
4376	3388
10525	9544
4733	3749
4661	3676
6592	5604
9366	8381
2630	1613
3503	2497
3645	2641
10516	9498
4840	3833
8027	7046
3268	2288
10228	9227
5147	4142
5650	4669
2588	1590
4091	3093
7255	6274
9529	8519
5229	4216
7761	6773
8959	7956
6891	5892
7040	6058
2708	1707
4646	3628
10769	9767
9329	8323
1425	413
1248	237
4411	3391
9280	8265
9400	8415
4260	3240
3327	2341
8838	7832
3812	2793
3768	2775
8601	7597
8298	7299
10183	9174
3292	2306
9942	8960
4218	3216
10978	9994
2696	1684
6782	5773
7412	6412
10886	9869
3027	2036
8304	7320
3090	2096
10486	9487
9550	8558
5214	4223
5486	4481
3252	2237
3262	2275
7929	6949
2300	1297
1933	947
7686	6691
5107	4123
3405	2408
8516	7504
9533	8524
4342	3331
8832	7851
3041	2054
3151	2157
4443	3435
1079	84
4538	3537
6860	5874
2630	1619
7260	6275
9964	8949
10488	9475
3849	2833
6969	5959
9312	8297
5987	4987
7347	6343
6170	5155
8813	7814
6415	5422
11011	9993
9312	8292
1920	916
9078	8072
2462	1459
7153	6147
3492	2489
5896	4892
5156	4155
6010	5019
10671	9659
1683	697
8645	7646
10245	9247
3224	2206
7263	6245
5906	4895
10954	9961
4401	3383
10944	9931
4381	3372
4942	3961
2723	1712
3062	2043
5772	4792
10742	9755
9524	8507
1353	370
5036	4021
3575	2565
10881	9871
1984	972
10747	9765
1485	502
8538	7534
4620	3629
4332	3329
7439	6448
6435	5429
10324	9339
10019	9024
2533	1514
2989	1995
10484	9482
3590	2608
6251	5237
1680	685
10906	9887
5728	4741
8768	7777
1857	877
8807	7794
8381	7369
6440	5437
3480	2467
6673	5662
10036	9039
8610	7628
10728	9721
2924	1917
8355	7343
1451	436
10168	9170
8033	7045
7135	6132
1921	938
1631	638
3250	2232
10381	9361
5357	4360
10022	9041
3167	2179
6594	5607
8357	7348
1727	717
10264	9270
9746	8751
1725	711
8442	7437
3879	2880
3171	2188
7030	6024
5816	4814
4938	3954
3230	2246
2103	1088
6050	5032
5588	4586
10297	9316
2731	1739
9993	8992
10302	9288
5986	5000
5800	4787
7466	6478
4517	3501
6500	5500
2810	1797
4009	2996
7803	6806
2151	1136
1900	904
8945	7943
9045	8059
994	4
10761	9779
10085	9101
5489	4494
4511	3506
8591	7600
1658	645
4213	3218
9515	8512
10206	9201
2566	1568
10425	9412
7700	6705
1299	295
4552	3561
9492	8505
2031	1047
3941	2928
10873	9879
2904	1903
9370	8386
4661	3642
5346	4347
9401	8396
5963	4972
5691	4679
5083	4100
2604	1599
7370	6384
5988	4977
7483	6488
10455	9475
5897	4896
3695	2704
6235	5227
8045	7044
7441	6436
9827	8846
1837	830
1236	224
5474	4485
1168	168
2078	1074
10775	9771
9652	8634
6352	5363
5487	4472
5645	4648
5986	5002
2155	1161
7504	6513
5731	4720
8517	7500
10019	9027
3427	2422
8816	7828
4361	3344
7312	6305
5764	4782
10994	9989
4699	3704
3681	2667
3362	2379
1509	520
8115	7118
10362	9368
10581	9597
1423	432
8759	7776
9514	8528
10866	9876
8085	7092
8512	7505
7697	6696
1963	943
10793	9799
4032	3045
10517	9535
2399	1406
6689	5695
1339	325
7247	6251
9085	8093
7902	6906
5335	4320
7555	6550
8581	7600
6768	5754
3020	2019
6049	5042
7238	6252
3194	2176
2538	1537
6827	5846
2167	1155
3289	2296
10043	9058
5572	4553
7944	6931
3362	2374
1083	94
2206	1226
4264	3251
3836	2830
6427	5446
10175	9164
2304	1302
2772	1791
4195	3185
1809	791
9744	8752
2684	1664
5513	4521
3706	2701
5163	4149
9618	8599
2648	1639
5187	4169
9525	8514
5586	4591
8286	7284
2027	1016
9311	8329
9287	8272
4001	3008
8996	8012
9665	8649
9560	8573
9526	8523
4273	3281
4617	3614
9473	8477
2217	1201
2647	1663
5890	4890
10450	9434
10272	9276
5333	4327
6018	5010
2978	1963
5295	4278
3282	2279
6282	5275
4532	3527
1543	543
1010	22
9768	8760
1162	153
6244	5257
3158	2164
8255	7263
5313	4327
7587	6571
9473	8470
5058	4058
2824	1817
10586	9595
5896	4881
2929	1926
7487	6467
7117	6099
2703	1700
8804	7805
7393	6408
1626	635
1997	977
4369	3382
7373	6371
8247	7239
6296	5286
998	1
7625	6642
5511	4510
9453	8442
4377	3363
9349	8341
7389	6408
8276	7266
6075	5089
10997	9997
1754	737
2093	1084
8154	7152
4904	3898
4362	3376
6977	5985
5270	4284
7717	6735
1118	134
2104	1123
7468	6480
9477	8462
4994	3980
5171	4160
5466	4447
7279	6267
8889	7906
9236	8248
6829	5821
4651	3650
4621	3625
10971	9972
6027	5007
1450	432
6474	5487
8632	7631
10523	9510
9059	8042
7426	6435
8841	7828
11001	9991
5958	4943
4518	3501
3710	2704
2838	1844
3252	2253
7223	6209
7935	6951
10654	9668
3164	2157
7750	6757
7179	6173
4246	3226
10079	9096
5557	4565
9510	8493
9068	8065
1895	887
3418	2402
8460	7451
8440	7425
2754	1761
1188	180
4634	3642
9798	8779
10043	9034
4679	3688
9364	8349
3015	2020
4861	3851
10495	9499
3380	2369
