500	603565
10934	9923
6101	5113
5315	4332
1905	907
7541	6553
7571	6576
5512	4511
10244	9226
7829	6827
5178	4183
2565	1578
5909	4920
6923	5921
6491	5511
2545	1545
3360	2362
3751	2767
8962	7977
2253	1257
6491	5511
7042	6039
6081	5075
5432	4426
4880	3878
3790	2781
6382	5365
5961	4945
8692	7710
10652	9635
8560	7541
4021	3012
6961	5958
4031	3027
2660	1671
5202	4185
6125	5121
10717	9701
8476	7494
5252	4260
1780	792
10838	9849
6142	5139
8326	7333
2475	1466
9788	8799
5575	4572
1184	189
2068	1078
3011	1998
6959	5973
2386	1379
4985	3984
9736	8738
10138	9119
10357	9360
7073	6091
7707	6714
2426	1438
4600	3588
2548	1551
5790	4786
4755	3770
8374	7371
3159	2167
10766	9775
5867	4860
4163	3172
7569	6555
9535	8523
4014	3032
7062	6043
3806	2798
1193	199
1252	259
2395	1381
9106	8096
2131	1121
2880	1876
8525	7519
7296	6298
6046	5057
10638	9638
3095	2110
10913	9906
3074	2055
3092	2102
5159	4147
3122	2124
8587	7579
4795	3801
1950	937
10731	9722
9200	8202
8899	7895
6443	5438
3184	2179
1334	354
6559	5565
5722	4737
3345	2365
4069	3049
5693	4685
3417	2427
4119	3128
5149	4133
7336	6335
10146	9147
8347	7362
7281	6297
6548	5548
5581	4575
2253	1262
8576	7568
7568	6553
7034	6052
3971	2956
6022	5037
1197	181
2694	1682
2932	1938
7741	6729
3581	2568
7585	6565
3820	2803
4852	3833
1453	467
5955	4951
3213	2222
5614	4612
10974	9980
4940	3924
9161	8178
4533	3530
7118	6131
1816	816
3932	2936
10596	9595
2145	1141
4295	3299
9864	8864
2961	1945
3664	2668
9804	8815
9015	8026
8812	7828
5077	4087
4298	3293
7093	6094
1499	479
7077	6065
6673	5692
6411	5415
9137	8133
8980	7979
2835	1815
10301	9302
3117	2117
6581	5580
7690	6673
6113	5120
10510	9504
5520	4533
6209	5227
1662	669
8490	7495
9927	8930
5789	4787
8352	7335
10093	9100
1198	211
7318	6327
5687	4693
2352	1334
6015	5017
7418	6399
4947	3957
4690	3699
3192	2204
6154	5173
6778	5765
4614	3622
3295	2288
1545	539
2980	1976
6455	5448
4973	3956
10759	9741
6075	5068
7081	6096
2559	1569
1230	211
7711	6725
6719	5720
2344	1357
6023	5016
9907	8887
3564	2584
8203	7205
10681	9694
4841	3830
7037	6040
6148	5165
10103	9119
4674	3680
8438	7439
6359	5375
8924	7942
3307	2307
5908	4914
9550	8535
2183	1189
4514	3505
4150	3169
8839	7851
9444	8448
4379	3394
1505	505
1268	278
10228	9235
6138	5153
7577	6571
9858	8850
7238	6221
3875	2892
3991	2990
10877	9873
6175	5186
2473	1456
9495	8494
10822	9806
4535	3516
1312	330
6851	5863
8059	7069
9422	8430
3541	2534
9768	8785
7478	6482
8734	7723
6152	5170
1441	455
10205	9197
1441	436
4627	3644
7735	6743
7108	6108
5125	4118
7790	6782
9834	8840
7229	6211
2912	1923
3081	2100
8680	7686
8874	7887
9299	8296
4467	3452
1137	120
9751	8732
9550	8538
10142	9142
1896	891
5242	4245
5371	4360
10964	9979
3305	2304
8934	7916
7964	6951
2894	1896
7235	6240
9238	8222
1398	384
8326	7337
3675	2685
1162	172
8804	7814
10100	9088
1843	844
1348	355
1165	182
1811	827
1736	734
2512	1530
7183	6201
1631	646
10731	9719
5924	4923
7428	6413
5907	4912
1385	394
4552	3543
4676	3681
2937	1924
4573	3589
6866	5878
9796	8787
8918	7921
3243	2255
6154	5159
5112	4120
7507	6518
6759	5758
7108	6123
5937	4925
7590	6589
4446	3438
5686	4674
9406	8391
6809	5816
10704	9687
7591	6571
3272	2256
6993	5982
1184	174
5409	4389
1420	408
3829	2825
2655	1653
10844	9856
2188	1206
9045	8029
6638	5654
3159	2159
7784	6787
1985	972
2354	1350
8017	7009
10896	9909
6998	6011
2460	1457
6290	5294
3570	2588
1928	916
9928	8928
7259	6259
4261	3277
4736	3719
8297	7298
10225	9218
2624	1636
10790	9782
3472	2472
10197	9212
6401	5399
7638	6620
1104	89
1290	296
5922	4940
4171	3182
1739	727
5769	4756
2258	1244
8229	7228
2601	1586
1024	9
5960	4974
10594	9587
1700	719
2696	1702
2069	1081
5356	4358
7749	6768
4157	3164
5554	4573
10306	9306
6348	5349
10293	9302
4308	3300
7043	6063
6573	5573
4672	3669
6641	5645
1369	377
4119	3121
4891	3907
4618	3603
10169	9158
3396	2394
5048	4042
3670	2651
2827	1818
5720	4725
1214	202
1854	857
4383	3400
1411	419
2791	1778
6529	5539
8411	7422
2178	1169
6648	5640
3623	2630
8959	7951
1708	720
5388	4392
4159	3176
9772	8783
6700	5712
5909	4915
6343	5363
7700	6700
3598	2613
4285	3303
4822	3839
3791	2811
9528	8544
7873	6864
7451	6454
5607	4590
4784	3787
9395	8400
5077	4075
9564	8549
7199	6206
2413	1415
4711	3721
2851	1871
4011	2993
2550	1563
4668	3685
1382	376
7604	6612
4555	3537
4087	3079
2171	1191
1756	759
3791	2808
3619	2608
3774	2758
3792	2793
4441	3456
4768	3788
10390	9395
7475	6455
9998	9007
2251	1245
10256	9254
6074	5055
1369	388
9320	8317
10642	9657
5084	4088
8220	7233
9950	8946
3350	2334
3518	2504
8328	7341
5325	4333
4590	3603
7201	6218
4418	3415
5108	4101
9368	8355
5694	4702
3433	2428
10939	9928
7556	6563
7184	6176
4521	3529
8146	7128
3003	2005
1782	799
9313	8295
5970	4982
7117	6119
2106	1110
7170	6176
6337	5317
5832	4830
8580	7581
6109	5109
2737	1723
10011	9016
2812	1793
10441	9455
8703	7683
7485	6483
10245	9229
3986	2983
9112	8116
10531	9512
8999	7986
2741	1760
10054	9042
1855	849
3353	2352
2464	1473
5157	4153
2184	1170
5086	4087
5071	4058
6106	5086
4860	3842
9222	8242
3767	2775
6802	5790
9832	8832
8505	7490
8261	7259
5562	4550
9491	8477
