500	2241689
10394	9376
5049	4043
3719	2733
5315	4297
6805	5815
7779	6767
6229	5221
5482	4489
9107	8125
3114	2133
2589	1572
8875	7867
9544	8536
6144	5163
8629	7625
2074	1057
10144	9154
8187	7178
3820	2809
9681	8693
6236	5216
1811	807
9613	8599
4043	3028
9126	8132
4851	3848
6882	5885
5608	4613
2536	1520
5906	4890
2549	1545
9074	8088
2722	1737
4170	3156
2327	1338
8215	7208
10956	9974
9536	8534
8376	7379
1611	593
8948	7939
2883	1878
4602	3610
5666	4651
3256	2244
8787	7770
1417	423
6026	5038
1510	510
9680	8683
9119	8129
7876	6877
5078	4061
3356	2343
1848	846
5797	4788
3578	2573
5488	4501
4812	3830
6485	5493
8636	7647
4089	3102
2148	1137
3746	2748
2152	1141
3986	2969
1091	71
8597	7615
5126	4127
1542	526
9016	8030
5018	4027
10235	9250
8843	7861
6146	5160
4072	3057
10088	9085
10102	9102
7591	6589
4898	3884
1471	476
8179	7166
7021	6030
1844	850
5670	4676
3185	2185
10028	9025
6501	5491
9324	8327
8035	7042
2213	1213
3332	2337
4765	3777
1702	698
8124	7141
8967	7982
7716	6715
3482	2481
7984	6982
5624	4637
7247	6253
4458	3448
8562	7553
7093	6081
9272	8277
10592	9581
7743	6758
1403	411
9610	8613
8226	7207
6253	5267
1519	524
1559	556
4724	3741
6771	5786
3775	2784
8620	7620
9303	8288
6148	5149
7214	6216
2659	1648
1378	389
7878	6886
8652	7639
10231	9216
4760	3744
3853	2862
9286	8281
2670	1657
8791	7776
8163	7164
6002	5000
5228	4222
1712	731
5070	4060
7862	6862
2456	1467
7900	6906
8425	7413
5741	4724
7019	6033
7108	6090
5121	4141
6689	5709
3973	2980
1890	902
8492	7501
5508	4513
1993	976
5351	4345
8374	7364
10612	9628
2263	1276
1441	428
3170	2151
6603	5589
8514	7498
9668	8679
4125	3120
5715	4695
3745	2738
4195	3188
1074	58
10728	9723
1638	650
2644	1624
7259	6271
1991	995
5678	4673
1201	204
7294	6293
9053	8064
8257	7250
8094	7098
1955	950
4703	3690
2328	1332
10088	9068
5687	4673
2073	1072
3069	2084
5883	4874
6437	5454
9523	8534
9462	8464
7389	6373
4249	3246
7969	6970
7230	6224
10442	9431
1698	705
5001	4015
7586	6575
3738	2746
2720	1728
10320	9321
6648	5664
9504	8495
6618	5628
2542	1534
8962	7954
5952	4944
8111	7118
7723	6741
4567	3576
5946	4956
2421	1411
10101	9120
5308	4321
5644	4651
10265	9269
3905	2908
1629	640
10871	9856
3385	2370
9927	8913
10713	9721
4212	3213
10876	9872
1865	860
7157	6162
6696	5710
5241	4258
5870	4883
3803	2790
3981	2980
8939	7937
3561	2569
2994	2010
2258	1278
10061	9062
6272	5255
1186	200
1080	88
2829	1826
4933	3935
2305	1305
2101	1088
2058	1058
7959	6956
5759	4774
6219	5226
9741	8721
8267	7264
9855	8859
5414	4418
2867	1880
6482	5485
4083	3080
3985	2997
8657	7658
1392	378
6521	5518
3123	2132
1714	714
4205	3216
8836	7847
4042	3022
9969	8982
10437	9436
10779	9792
5856	4856
5741	4725
2010	992
6803	5786
3187	2207
6386	5405
6835	5816
6633	5620
2841	1821
9670	8654
10094	9111
4191	3179
2483	1497
2986	2003
4357	3377
8447	7432
6353	5361
9381	8374
6465	5452
4615	3606
4370	3361
1490	492
10426	9425
6059	5054
1306	287
5934	4931
7892	6901
3289	2278
3631	2636
8796	7805
3678	2668
10454	9456
9349	8339
5072	4086
4500	3500
2524	1505
9023	8043
8449	7450
10986	9988
10856	9847
5372	4368
7585	6581
5958	4957
1357	371
10155	9147
6615	5620
2709	1700
10863	9882
7363	6354
2239	1249
7569	6580
8998	8003
3572	2582
1858	838
5279	4262
1107	118
1289	269
5642	4634
6632	5633
6232	5241
9330	8339
8374	7371
5395	4381
7740	6728
9557	8537
6112	5101
8638	7646
6339	5329
1444	430
8883	7901
5791	4806
3379	2393
1425	422
8252	7255
5043	4059
3278	2259
5606	4614
5685	4689
5316	4318
9959	8940
1835	829
10173	9175
1255	253
5606	4605
2469	1466
8660	7676
4147	3133
1473	469
2363	1373
10719	9717
1378	380
1866	870
4555	3563
4473	3456
5856	4862
7771	6787
8994	7979
8396	7382
1174	176
3380	2399
2461	1445
5585	4592
1797	782
9966	8984
9733	8713
10166	9160
2646	1632
4766	3760
2179	1184
2446	1465
3530	2520
10911	9897
2214	1202
10271	9261
10841	9839
5215	4217
10295	9297
8483	7473
7201	6192
10405	9397
10406	9390
9045	8042
4357	3366
10764	9757
1249	238
1137	136
5539	4554
2370	1389
1571	583
3060	2053
5421	4401
9223	8225
9585	8592
9995	8977
5211	4197
9576	8594
9517	8523
9732	8726
7046	6062
6884	5879
9443	8461
10777	9782
7430	6442
9687	8671
9298	8279
10042	9033
7515	6518
10881	9892
3172	2159
8884	7889
4143	3157
6248	5257
8687	7680
5236	4237
9145	8129
3996	2998
8203	7201
9395	8404
7897	6913
7254	6237
5343	4330
6170	5150
7413	6433
7818	6815
1703	705
5733	4744
3876	2859
9024	8039
3733	2750
3895	2880
1380	369
2111	1112
8817	7807
3796	2807
4523	3507
9784	8781
6844	5830
4979	3995
4657	3645
8779	7790
8242	7245
8991	8005
6243	5226
3891	2882
2427	1429
7607	6593
9159	8163
7216	6227
3344	2353
1924	913
9737	8735
8335	7322
1044	39
4972	3955
2046	1043
5515	4497
5279	4274
3453	2436
10884	9873
10397	9414
10254	9246
1906	906
9463	8453
3854	2858
3760	2761
5037	4045
5319	4327
1960	972
8915	7929
5550	4555
8765	7777
6935	5917
10969	9988
2732	1740
6158	5141
9143	8138
8167	7175
4497	3511
8480	7495
8010	7010
9358	8355
4762	3744
6460	5449
1245	258
2787	1784
1122	103
4638	3650
5333	4318
2334	1336
10323	9318
7887	6871
7355	6352
3719	2715
1972	973
4839	3845
8782	7791
7182	6202
6133	5125
6354	5334
