500	1930939
8831	7845
1766	776
1855	840
9952	8947
5605	4596
8531	7526
2606	1623
1861	867
6161	5147
8289	7282
2966	1955
7807	6809
6200	5193
4244	3230
3223	2211
7998	7012
9744	8764
3666	2686
6726	5709
6092	5083
9165	8184
10029	9041
6593	5586
1520	509
4239	3255
3037	2026
9905	8924
2821	1838
9125	8134
5814	4802
8645	7626
8924	7934
8047	7067
9896	8911
5906	4915
10189	9175
1615	631
3961	2953
10390	9374
10919	9909
5266	4280
10623	9617
9429	8443
2017	1029
4057	3063
7999	6990
2284	1275
4843	3850
2471	1471
9418	8415
9163	8178
10348	9340
1768	771
5807	4820
9527	8523
4020	3029
4811	3802
7089	6071
9476	8459
3368	2373
3848	2842
8574	7574
9497	8511
5325	4332
6335	5324
7351	6354
4626	3640
2408	1406
8855	7862
1119	124
6246	5251
10364	9383
7435	6438
7264	6273
10103	9111
3174	2168
5453	4442
7208	6196
5237	4225
6546	5539
2432	1416
10369	9376
5615	4627
8102	7088
6166	5165
2213	1223
4913	3917
10134	9147
9116	8122
7579	6574
4756	3774
7269	6257
5334	4323
9085	8097
1151	135
3688	2689
1088	102
6201	5191
2889	1901
6495	5510
5173	4190
7951	6935
3405	2403
2691	1686
7823	6807
5277	4294
5349	4357
2949	1967
3000	2002
6365	5360
2943	1948
10837	9836
9607	8614
9775	8771
8291	7309
5715	4710
7670	6680
2148	1147
4325	3319
2526	1519
10878	9875
7142	6145
3128	2129
1873	885
8077	7086
5705	4706
10796	9790
4719	3721
2738	1725
8634	7614
10886	9889
1498	484
4903	3902
9941	8946
5063	4044
8799	7783
5683	4693
9964	8964
10104	9107
4936	3936
4503	3500
4087	3085
9273	8257
2092	1090
8511	7494
10584	9592
6972	5962
3120	2131
9922	8941
9478	8497
7287	6278
3513	2513
6178	5190
5561	4557
8496	7487
5564	4551
10907	9887
4853	3839
7561	6556
7470	6459
7071	6071
10167	9169
5261	4260
3416	2416
8473	7473
6288	5307
5887	4893
7012	5995
9054	8073
9899	8907
3924	2929
5591	4605
9636	8653
10356	9336
10876	9866
6420	5423
4074	3076
9206	8191
1314	327
8553	7570
1230	219
6570	5559
10327	9327
2630	1634
4975	3974
5054	4063
1957	976
10389	9394
10111	9119
10673	9658
10678	9659
4927	3907
9852	8858
10683	9694
1304	316
9611	8606
3702	2690
8572	7563
5492	4510
8680	7668
4472	3480
4142	3149
1170	152
7214	6198
3315	2299
10309	9296
5017	4031
5089	4104
7365	6382
2622	1607
5830	4834
8376	7391
10411	9417
4576	3588
2979	1994
9821	8824
7520	6514
4289	3299
8808	7806
7523	6523
3739	2748
1814	797
10126	9138
4637	3617
8797	7794
6701	5707
8838	7858
2010	1000
1386	385
4340	3322
10355	9358
9615	8635
8855	7874
7741	6740
10715	9703
9906	8911
4799	3792
8015	7030
2842	1825
3949	2933
1271	252
2991	1997
6573	5569
4472	3467
1859	867
6252	5251
3982	2999
10319	9311
3103	2104
9177	8176
3953	2955
5491	4504
5289	4296
1985	981
3713	2694
7084	6091
7941	6921
1015	1
10337	9337
10934	9952
2690	1698
7020	6021
4953	3954
6951	5933
1966	971
10934	9914
2076	1070
4054	3053
3421	2427
1744	726
9613	8597
7685	6689
5434	4423
9975	8977
2408	1405
4697	3693
10031	9013
3138	2128
9699	8712
5513	4496
8861	7871
3342	2344
10901	9914
10154	9140
3132	2149
7009	5993
5692	4694
6461	5479
10768	9748
10199	9191
7561	6542
2815	1796
8679	7673
9501	8489
4263	3257
8447	7455
4549	3561
8943	7944
5745	4764
7008	6005
7405	6403
5595	4601
9074	8070
10619	9603
9877	8858
4830	3836
8762	7746
7838	6837
10477	9459
10357	9347
8841	7839
6009	5001
4220	3238
3855	2838
4634	3640
2823	1813
4311	3315
5964	4959
2780	1779
10377	9371
3787	2786
10538	9551
4464	3479
7707	6712
4012	3015
1309	293
5264	4245
7158	6176
8726	7710
8607	7594
2343	1335
5337	4337
10012	9003
8216	7229
10651	9663
2617	1615
4220	3239
3038	2053
5906	4906
1022	23
8831	7836
10442	9450
10196	9195
6822	5825
6207	5224
9474	8479
6370	5354
1399	403
1522	520
4049	3058
4491	3502
7917	6923
2020	1001
9103	8085
7644	6629
10305	9288
3384	2374
1712	710
3413	2412
7600	6600
8075	7058
4221	3206
3639	2642
10809	9820
7218	6223
3605	2607
6776	5792
2877	1869
4692	3689
10344	9339
2711	1698
3230	2239
10390	9408
9675	8664
3042	2048
1327	328
8284	7279
8708	7694
5655	4636
3272	2274
4886	3896
7726	6729
5513	4504
8445	7447
1076	96
1115	134
4909	3924
6348	5333
5458	4473
8345	7353
4853	3853
8617	7624
6724	5743
4285	3298
10416	9435
6430	5445
2665	1675
4014	3027
3130	2130
8747	7748
7853	6833
6128	5121
2245	1260
5576	4588
6129	5113
7785	6777
6399	5419
4504	3508
5255	4240
3332	2325
5577	4566
8404	7397
5686	4675
6345	5358
2217	1208
8040	7027
2338	1353
4117	3133
5156	4140
5843	4839
4349	3361
10600	9600
7204	6206
3025	2020
2386	1400
7741	6733
4190	3188
8477	7482
2680	1679
2656	1668
8602	7611
4350	3366
4601	3615
3200	2190
1608	600
9032	8046
6664	5663
2478	1497
10345	9347
5402	4391
6858	5857
2334	1353
8744	7750
10941	9956
10657	9663
1960	948
5685	4679
7080	6075
10433	9451
10030	9037
3802	2804
1702	722
3367	2383
2871	1880
9273	8286
6917	5918
4906	3921
4135	3137
7207	6214
1796	802
1837	821
1365	350
3787	2787
4131	3115
2724	1705
2150	1153
7652	6635
9940	8934
6399	5394
5458	4477
10954	9948
6592	5579
2272	1282
8814	7809
4613	3612
3029	2041
2663	1654
10311	9296
3129	2142
8554	7566
3256	2266
6835	5827
10653	9634
3015	2016
5095	4111
6561	5563
8901	7904
6381	5383
1456	470
9997	8979
6098	5085
9544	8554
4700	3706
6761	5758
2680	1692
5888	4901
5878	4898
4479	3482
7278	6261
3579	2562
