500	251619
5703	4690
6101	5103
5078	4063
1994	1005
3676	2683
9715	8735
5362	4382
3425	2405
3272	2262
5574	4566
5207	4192
8969	7982
7286	6283
6087	5103
10727	9737
9067	8054
8572	7584
9163	8171
2291	1299
5053	4041
8073	7090
8657	7674
4758	3746
5161	4160
3050	2051
9676	8690
2714	1705
3073	2072
6579	5596
3783	2765
5216	4201
10824	9820
2392	1399
1109	89
10378	9371
5707	4710
3038	2048
9286	8270
3663	2668
4782	3766
10355	9347
1813	828
5909	4914
9904	8917
3019	2006
6955	5939
3149	2146
8637	7630
1551	544
9662	8663
2204	1186
9974	8969
7021	6003
7868	6872
10410	9426
5776	4785
3664	2660
3010	2028
2962	1948
2576	1572
1145	130
2757	1753
8981	7981
8309	7300
2956	1967
2302	1291
2634	1614
9834	8830
6213	5206
7486	6471
8643	7629
10609	9622
10298	9316
4870	3856
4298	3300
4096	3097
4934	3948
7169	6155
8289	7284
6153	5141
1429	426
3084	2087
9868	8880
2287	1278
8051	7071
5796	4814
7315	6326
7878	6892
1372	383
3667	2663
8055	7068
6362	5372
3744	2729
2012	1007
9010	8011
8009	7016
5719	4712
6056	5069
7784	6776
4065	3080
6108	5117
5700	4713
4468	3480
10257	9258
6548	5529
6124	5122
3571	2576
8608	7617
2159	1154
10813	9818
9325	8305
5314	4324
2745	1754
7989	7009
2580	1578
10928	9921
8376	7377
9470	8467
3059	2070
8660	7668
2858	1852
3292	2274
7233	6223
5838	4822
7964	6953
2408	1419
5310	4291
9326	8337
1075	78
10178	9165
10138	9124
9480	8474
8201	7192
9723	8718
1042	44
2764	1763
7232	6221
6153	5170
6986	5988
3727	2746
3050	2064
6470	5467
5617	4624
8240	7221
5814	4818
2974	1957
8632	7642
3324	2334
6764	5744
3149	2149
4911	3900
7115	6103
6890	5902
5828	4818
9322	8302
5285	4281
10069	9063
6085	5094
6832	5830
1487	474
1389	409
6209	5197
10886	9882
9082	8064
8074	7072
9329	8329
6909	5894
8174	7163
3235	2246
3214	2210
9411	8427
2790	1789
3582	2571
6198	5190
8523	7513
6685	5701
5027	4034
8966	7972
9536	8521
4775	3780
10744	9734
7508	6524
10889	9872
4104	3116
9394	8396
1655	667
7035	6023
1438	418
9192	8176
3114	2119
5434	4423
1282	287
1434	427
8196	7208
9166	8182
1905	902
3690	2686
1975	993
7479	6475
8022	7036
6484	5466
11008	9988
6278	5291
8883	7901
2079	1092
8733	7731
6255	5259
9436	8427
2404	1406
10129	9130
9690	8702
5247	4249
5356	4345
6556	5569
8951	7949
6233	5241
3080	2067
1711	709
9875	8881
10771	9787
2589	1586
8612	7593
5271	4251
7188	6172
7852	6864
1047	28
10226	9206
3306	2317
4836	3852
2243	1255
6758	5748
10229	9223
4546	3556
9996	8999
8025	7031
6952	5959
1779	774
7993	7006
6645	5648
5322	4303
8332	7332
8428	7429
2408	1396
5700	4712
1934	937
2869	1889
5344	4332
2068	1060
3043	2030
7618	6598
2618	1614
9436	8446
5632	4652
10074	9065
6889	5903
8081	7081
8525	7510
6106	5109
2192	1176
1553	565
8078	7073
7920	6927
7765	6782
7687	6668
9172	8153
7944	6926
1368	386
9815	8827
2657	1656
3496	2489
2605	1588
10933	9937
10511	9499
10715	9735
6188	5208
10860	9850
5640	4622
3609	2601
1430	446
10689	9701
10328	9344
5483	4470
9635	8621
4623	3643
5052	4064
4400	3390
3068	2049
10090	9107
9847	8861
2350	1345
10378	9365
6460	5463
7365	6374
4255	3235
3647	2633
10524	9539
1342	341
8423	7428
6056	5056
1847	850
5435	4427
5536	4534
3525	2524
6240	5246
5005	3992
3905	2924
8476	7458
9245	8257
1694	709
8455	7474
3274	2257
2346	1362
8500	7519
7640	6637
7983	7000
9415	8407
1626	618
8161	7167
6690	5707
3662	2647
3462	2474
7477	6459
5653	4660
1554	568
2270	1254
5122	4138
4390	3373
2260	1261
7071	6072
9687	8702
9280	8285
4183	3199
9851	8857
9374	8358
6231	5244
1523	517
9427	8434
5117	4127
8403	7418
3861	2865
9595	8579
3227	2233
6157	5138
8341	7330
1691	672
9192	8193
4647	3635
7668	6678
5053	4042
6274	5270
10870	9878
2781	1787
7170	6179
9193	8209
8554	7539
10340	9320
6807	5812
5241	4252
8324	7319
1800	801
1823	814
2870	1875
3499	2498
3428	2427
3263	2281
2179	1162
6737	5739
7584	6599
4505	3518
2776	1770
7395	6410
6384	5392
10317	9319
5828	4828
4627	3632
9356	8352
6070	5063
2088	1104
7185	6195
1686	689
8623	7625
10258	9278
4891	3904
4328	3348
1251	243
3135	2118
1188	194
7724	6721
6213	5218
4225	3212
5175	4158
10832	9813
5316	4308
7785	6785
2702	1721
6838	5827
8070	7067
3670	2664
9697	8707
9785	8767
3121	2122
7450	6430
10748	9749
6268	5254
6488	5501
5413	4428
7207	6211
7236	6250
8132	7140
5879	4899
6552	5560
10442	9433
3539	2542
9411	8405
4797	3817
7605	6585
1463	469
2080	1078
3156	2141
4629	3635
8163	7147
4943	3944
3371	2383
9780	8775
6141	5152
10893	9900
10241	9221
2840	1858
4121	3132
10954	9954
2879	1865
8305	7294
3297	2310
6348	5354
1079	87
1705	716
10579	9595
6457	5473
1876	856
9152	8140
2546	1526
7608	6589
3706	2687
9689	8708
10827	9821
10901	9882
2905	1898
1927	938
7293	6295
10085	9090
1832	831
8196	7189
1686	681
3148	2129
5060	4045
10626	9635
5736	4729
8942	7956
4722	3728
4675	3666
1684	686
9173	8154
2342	1345
3838	2818
5575	4560
8118	7132
3523	2527
4926	3909
10441	9429
3733	2752
9020	8034
2382	1375
5204	4219
10126	9127
6920	5936
1567	582
1695	682
1711	706
9953	8968
5999	5011
1601	596
10827	9818
4932	3939
8954	7970
4597	3589
6257	5261
8953	7957
5484	4494
8476	7458
6608	5614
1504	487
9494	8475
8174	7180
2031	1015
5172	4157
4050	3057
6275	5289
5669	4674
8983	8003
1113	102
