500	2237109
1767	750
4305	3295
10758	9756
6511	5506
5518	4519
10314	9310
3067	2049
1044	57
8677	7673
3575	2588
4319	3313
2639	1626
3838	2818
3502	2491
8704	7696
3900	2899
4881	3879
8831	7817
6177	5171
6947	5948
6836	5843
2960	1962
6753	5761
6570	5565
5014	3998
2964	1948
10576	9580
6138	5129
1953	961
8557	7555
3041	2059
7901	6898
6517	5526
9014	8027
5639	4642
2391	1382
4006	2987
9246	8227
8115	7128
3257	2237
7107	6101
3982	2984
1784	767
1367	375
2363	1377
2212	1209
5023	4037
9705	8706
6053	5046
4289	3302
5482	4466
6163	5183
6150	5159
8751	7744
8440	7421
10657	9641
5003	3991
1596	604
3467	2477
5920	4933
10880	9870
4609	3607
7203	6220
10593	9593
9297	8287
6795	5791
9008	8027
3866	2870
9556	8571
9194	8191
5266	4256
4387	3382
1305	308
10346	9335
8515	7519
7231	6213
9441	8449
4093	3074
8122	7123
7745	6760
1954	956
9586	8572
1796	796
10524	9513
6588	5597
2056	1051
5126	4132
6310	5326
8203	7191
9280	8292
10947	9960
10547	9557
3521	2508
10451	9433
8611	7631
8231	7247
10237	9248
9779	8770
6774	5776
9819	8835
7620	6609
8247	7249
4137	3129
4290	3286
5633	4634
1576	557
9829	8823
4240	3223
9396	8416
6486	5500
7633	6632
3306	2312
7657	6667
6830	5840
3478	2484
1703	718
6980	5995
9274	8267
9098	8112
3343	2325
4683	3694
5815	4813
7300	6288
5074	4087
2169	1164
5294	4295
1501	484
2887	1907
6118	5124
2334	1347
9413	8403
4446	3445
6750	5752
1739	754
5454	4453
6206	5222
1813	810
9895	8885
2661	1669
10073	9083
1544	526
6947	5956
8039	7055
2309	1313
9233	8233
8556	7571
5739	4748
2556	1544
4298	3300
3685	2690
6403	5415
2679	1687
8463	7482
6615	5597
1254	264
10601	9608
2385	1400
3383	2387
10881	9874
8289	7286
8039	7019
2528	1528
8544	7562
2054	1066
3980	2971
1884	885
1794	790
7650	6635
7549	6556
10681	9700
8188	7174
9047	8061
9617	8613
8211	7220
3195	2207
8903	7898
8881	7882
6754	5771
6449	5432
8164	7147
6511	5507
2108	1125
2926	1935
10885	9903
8101	7089
6174	5186
5220	4215
7269	6276
5503	4509
10872	9855
9818	8808
3368	2354
2408	1412
4272	3277
2053	1062
5525	4519
2634	1642
10116	9117
9283	8271
4874	3874
7973	6962
3471	2472
2290	1309
6959	5978
6896	5880
9218	8205
1417	422
2778	1762
6879	5877
7513	6508
1844	840
2708	1701
6363	5345
3642	2641
2857	1867
8826	7829
7947	6962
2255	1273
4985	3985
10098	9085
4851	3840
8320	7340
6603	5602
4821	3833
9523	8522
10984	9983
1231	217
1232	240
2124	1116
3968	2952
2418	1434
9755	8735
3666	2679
1982	990
10823	9810
10388	9390
7005	6007
7286	6268
8447	7449
8006	6998
8680	7698
1208	191
4660	3669
2976	1992
1510	492
8642	7649
9188	8195
8223	7228
2783	1784
8792	7809
2069	1059
4993	3993
3657	2676
5592	4597
1046	58
3420	2408
6985	6004
6222	5212
8247	7252
6575	5560
10695	9701
4306	3286
8032	7019
10526	9520
6061	5071
5852	4869
1076	61
1668	657
4629	3639
5452	4453
4596	3593
3111	2113
10084	9089
5137	4127
8627	7610
3661	2673
9991	9005
5745	4752
10687	9681
7563	6553
1295	291
10645	9629
2328	1317
5107	4104
7576	6556
3136	2125
3283	2282
10318	9300
1227	231
4619	3608
9320	8333
5780	4762
8565	7552
5575	4589
4791	3775
5881	4901
9132	8137
4449	3442
4946	3961
2187	1199
4650	3658
3534	2532
10047	9035
6290	5288
1796	801
3967	2954
1436	422
6923	5904
2929	1938
7702	6696
6714	5708
4662	3677
5836	4856
7848	6863
2667	1680
9202	8196
7914	6895
8588	7570
5106	4107
10375	9356
7322	6324
2542	1535
10009	9028
9306	8300
5878	4864
5099	4112
7398	6384
5147	4135
8893	7876
10702	9718
10086	9076
10133	9148
7430	6411
3396	2410
10368	9355
9079	8080
3537	2551
6333	5346
3826	2813
5633	4628
8111	7107
5960	4977
9986	8973
8929	7928
3407	2424
8909	7918
9990	9006
8957	7963
4364	3352
4361	3350
3917	2899
4783	3773
4672	3653
9580	8594
7588	6595
7539	6524
1886	887
5536	4535
1402	413
5406	4390
6330	5334
6927	5918
1686	680
5647	4654
9264	8265
6753	5740
8972	7975
5506	4520
6269	5259
4695	3682
1390	386
2790	1795
2961	1948
3326	2342
10545	9551
4501	3504
6199	5179
4617	3624
4452	3466
9831	8824
7256	6246
9037	8022
6542	5536
7172	6171
2871	1882
5613	4600
10094	9097
6721	5715
8872	7867
1878	894
4314	3328
5139	4147
1976	972
8968	7956
4720	3739
5017	3998
3651	2646
9229	8210
10156	9150
5949	4950
2971	1955
2562	1550
3379	2367
4793	3788
3599	2579
5343	4331
8864	7880
2699	1710
9228	8215
3457	2440
2363	1382
1100	83
8956	7944
4264	3269
2006	993
7171	6153
5544	4535
1429	418
3238	2255
1281	296
10750	9758
5079	4083
1244	258
8241	7241
5289	4307
7152	6171
2295	1314
4057	3068
4911	3919
3518	2506
2031	1045
3352	2353
2351	1333
3888	2891
6115	5099
7992	7011
6645	5661
5613	4620
10649	9640
5612	4620
6247	5245
10940	9954
9110	8103
4516	3512
9246	8227
2125	1108
5292	4302
3132	2151
3763	2767
4965	3961
1803	821
6253	5259
1926	936
10718	9717
5540	4540
8842	7840
7649	6643
4872	3883
10438	9447
9482	8480
3313	2305
2362	1359
10524	9523
5227	4231
7836	6830
8359	7378
1979	969
3085	2073
8465	7462
10627	9623
2023	1024
3599	2580
5340	4341
10675	9666
6368	5361
6670	5661
3045	2044
3174	2161
3439	2458
8816	7825
5912	4904
3140	2143
7499	6509
7602	6588
9479	8497
1967	949
10565	9570
9261	8259
3037	2050
6859	5871
9134	8134
8844	7841
10815	9814
10482	9470
6214	5218
9885	8892
8971	7968
1154	147
3648	2636
3374	2361
