500	1827616
7642	6656
10434	9414
10637	9652
6487	5468
10698	9683
9307	8312
7619	6600
2659	1647
4238	3241
8050	7063
3397	2405
5519	4499
1886	870
3977	2968
5549	4565
6559	5560
5281	4281
3350	2354
5560	4541
9588	8590
1885	901
1640	626
2654	1649
3317	2307
3406	2390
9696	8683
7112	6131
10989	9999
2282	1300
6415	5396
8047	7063
6993	6013
4550	3557
7042	6057
10246	9235
3380	2367
989	6
6631	5630
6734	5730
8034	7039
2482	1468
7983	7000
1459	461
3684	2689
3825	2810
6074	5094
6836	5831
1475	495
9344	8345
8206	7214
1794	802
8408	7409
2102	1106
4550	3548
5982	4976
1263	263
2446	1445
2618	1634
3832	2817
10073	9057
9089	8093
8098	7089
6196	5199
4086	3098
5227	4207
8839	7848
8523	7519
8978	7981
8805	7803
5667	4652
8336	7337
7061	6080
9206	8197
9732	8740
3849	2864
8568	7552
8495	7479
8630	7637
10182	9177
1144	133
9792	8774
6547	5533
6466	5482
2140	1149
8761	7747
3466	2467
10354	9337
8208	7222
6140	5132
8308	7295
1020	8
9670	8657
3449	2451
9092	8095
1622	614
2606	1624
10180	9168
10186	9187
3181	2173
2361	1347
8590	7587
3759	2775
4448	3432
1592	597
10085	9073
9921	8928
2124	1128
8620	7611
10789	9770
2753	1754
4582	3580
9509	8527
4645	3643
1044	28
7561	6575
5659	4641
5939	4928
5974	4993
2921	1939
1614	598
7308	6309
10757	9738
7436	6451
10269	9249
10296	9282
6653	5646
9439	8433
8463	7453
9886	8889
1178	162
4441	3440
10536	9524
5106	4088
10989	9995
1784	804
8682	7702
9121	8121
5322	4333
4768	3771
8712	7707
7704	6694
1066	49
6822	5812
9140	8125
1964	960
9029	8046
2474	1464
10326	9326
10512	9523
7256	6268
2271	1289
9248	8266
1976	970
7079	6066
9121	8141
5116	4113
7848	6860
5573	4580
2822	1817
3200	2196
9222	8206
8818	7806
9107	8099
3625	2615
9428	8411
5994	5009
10553	9544
1043	62
6282	5287
5279	4267
3526	2538
3031	2028
5635	4633
4755	3761
2727	1716
1161	161
1203	199
6619	5602
1618	617
3852	2845
1232	237
3709	2707
4515	3534
4779	3774
7011	6006
6129	5110
6746	5727
4575	3589
7369	6352
10335	9337
2855	1872
7000	5990
9651	8646
6080	5087
6827	5828
2006	1001
8784	7786
9433	8453
3923	2937
10040	9052
5553	4543
3601	2582
2731	1714
6602	5606
4046	3046
5784	4776
9455	8441
1287	303
1867	856
4092	3078
10420	9400
8020	7020
10598	9615
2645	1663
10834	9814
10627	9641
8237	7234
5744	4726
2286	1270
9379	8365
3175	2169
6614	5606
9319	8299
6606	5616
5245	4234
2466	1454
9258	8253
3121	2134
4105	3092
4306	3287
5467	4461
1193	187
9863	8881
7389	6386
7225	6215
3121	2102
9576	8580
6054	5037
6650	5661
5177	4169
2946	1943
10220	9237
8406	7390
7586	6598
6057	5056
2391	1406
8266	7246
8329	7344
8126	7114
6474	5462
2477	1478
2705	1688
4687	3705
10702	9715
2822	1827
4701	3699
8416	7428
3919	2930
10089	9080
4460	3456
8197	7178
2322	1320
4903	3911
3186	2187
4141	3146
1651	635
9831	8826
8082	7082
10046	9042
3782	2773
1925	937
10146	9161
5694	4700
5403	4392
6115	5133
9405	8415
4070	3061
8109	7116
1077	80
6026	5043
4958	3948
10368	9379
9305	8297
9624	8614
5238	4248
8053	7038
4879	3872
7798	6778
2091	1111
5586	4573
7230	6241
8512	7517
4835	3847
10164	9145
2337	1319
8310	7322
4192	3194
10001	9006
9214	8234
9589	8595
4944	3931
1956	952
8707	7691
9745	8759
5875	4877
3178	2158
3954	2954
5648	4657
3423	2411
2681	1661
3217	2236
1067	69
9980	8990
4168	3157
9563	8572
1573	564
7946	6945
2123	1116
10801	9807
4076	3080
6223	5227
8926	7926
5554	4564
1784	797
7087	6077
10990	9980
2290	1282
9653	8666
7626	6609
7567	6586
5673	4686
4978	3998
6355	5374
3514	2496
2050	1041
6244	5239
1563	550
1589	577
6273	5275
9466	8476
4115	3123
4761	3754
2157	1173
3231	2239
8901	7884
6036	5032
10954	9968
9456	8468
6035	5027
7187	6187
7547	6563
6616	5609
10455	9451
6794	5807
8181	7165
4382	3370
2258	1251
7621	6613
2599	1602
1854	858
8631	7619
4795	3804
3192	2191
7500	6482
3551	2537
10159	9178
4941	3936
7972	6973
9155	8171
1880	863
1959	962
1206	197
1514	513
1527	535
1608	601
7631	6613
2685	1671
1220	226
8043	7062
1367	376
5931	4924
4200	3217
4308	3308
2798	1784
2686	1685
2121	1113
4123	3113
1245	256
1118	105
2162	1182
1304	300
7407	6421
9546	8546
1253	260
3157	2160
5007	3991
10037	9034
1347	346
6521	5515
8711	7722
8919	7925
1791	799
4740	3738
8369	7374
5862	4875
2273	1261
10318	9307
8014	7020
4071	3077
9870	8877
1695	678
4865	3883
7489	6486
6831	5826
5779	4779
10711	9723
4380	3389
9237	8223
9273	8260
3045	2047
3548	2551
6783	5779
10361	9381
2007	1012
3531	2518
4588	3593
7397	6382
8910	7930
10027	9041
2994	1985
1374	366
2595	1585
2916	1915
6799	5810
8472	7472
3555	2573
8155	7174
9357	8366
7278	6295
8381	7361
1367	352
5928	4932
6664	5645
10197	9215
9170	8154
3045	2040
2069	1076
7711	6727
4205	3211
1644	643
8391	7405
4663	3657
1674	660
1026	31
9879	8865
1625	615
6681	5689
9844	8858
2309	1291
3416	2430
1311	308
10133	9135
9041	8044
10426	9423
7143	6156
2873	1865
9121	8107
6046	5042
8726	7728
4199	3185
8352	7332
5559	4564
10090	9087
1671	663
10092	9087
3151	2159
6351	5369
4030	3037
7507	6502
1962	951
6125	5127
1819	827
5828	4827
9326	8329
5103	4096
5540	4522
1656	666
1083	63
8586	7576
2601	1586
8460	7475
9374	8391
7896	6886
1648	645
5690	4702
1659	663
5737	4717
8543	7539
4478	3473
6187	5194
