500	1217987
5475	4480
1474	459
3508	2523
6431	5438
5296	4300
8532	7512
5007	4005
6566	5571
8020	7023
6657	5655
8417	7409
7730	6747
6871	5874
6215	5221
1279	285
10884	9904
6162	5164
3090	2086
5666	4667
5187	4180
2611	1599
10701	9712
7818	6810
5836	4822
5365	4369
9112	8123
3335	2341
3339	2351
1093	109
7016	6017
9531	8543
7417	6427
8232	7215
4323	3305
8215	7207
9506	8511
10734	9724
10038	9022
4876	3874
6379	5377
8867	7849
3078	2059
4736	3747
3787	2800
7111	6113
8028	7039
4527	3547
4874	3868
1910	901
5480	4499
1860	866
3400	2417
8790	7794
10377	9373
5691	4672
9680	8660
7254	6260
10014	9026
3039	2048
1724	734
2900	1919
8308	7303
9591	8605
2929	1933
5168	4187
8131	7144
10640	9634
5369	4362
9115	8126
8032	7030
1641	632
7273	6289
10991	9991
10258	9239
4845	3843
3136	2156
9864	8861
3901	2914
9085	8075
10803	9802
5823	4843
7000	5985
2115	1100
2251	1232
3273	2273
1280	269
2133	1126
5414	4425
2417	1405
10177	9177
4888	3871
1703	722
6365	5385
2314	1321
10346	9359
1405	423
9759	8739
8332	7318
1090	77
10125	9135
3867	2860
7042	6057
10785	9795
3031	2024
9368	8352
8015	7032
3873	2861
10580	9577
7826	6815
10046	9057
1797	804
3788	2802
7712	6712
9374	8383
2561	1563
1643	625
7631	6626
5698	4687
4162	3171
4324	3313
4399	3399
2187	1191
4190	3187
10876	9861
7689	6692
5157	4143
6564	5547
4333	3353
4980	3974
2989	1978
7093	6105
1033	19
8999	8018
5946	4955
7723	6714
3840	2859
5487	4477
5758	4739
5471	4485
4158	3155
6880	5872
10073	9073
8866	7862
1683	688
4758	3749
9149	8156
5650	4654
8530	7544
7464	6458
5844	4855
6658	5673
10459	9458
9186	8196
9248	8255
6718	5723
1495	506
5737	4717
9793	8774
3593	2575
9705	8685
8064	7053
1822	817
10673	9679
2699	1697
2236	1240
9789	8786
1350	348
7756	6745
7349	6348
2157	1173
2420	1418
2627	1635
8578	7559
1124	135
7036	6048
8136	7134
10404	9393
7252	6239
4637	3634
9976	8961
8228	7237
3141	2150
2072	1068
7576	6581
8660	7657
10996	9998
1488	492
6764	5777
2489	1482
8151	7169
8871	7861
5256	4252
1276	285
3807	2825
7897	6898
9119	8116
4789	3783
9712	8697
10341	9343
8129	7140
1311	327
3574	2555
9065	8067
2032	1033
4912	3923
9043	8033
2649	1659
5058	4065
4899	3888
7393	6391
6710	5726
3009	1990
6352	5357
3377	2386
3936	2953
5333	4353
4871	3884
1335	338
3623	2618
10157	9148
4438	3436
5951	4953
3828	2829
8308	7307
1995	981
8376	7392
2015	1028
5104	4099
9310	8304
6717	5733
4114	3113
4428	3445
6664	5657
4041	3041
10232	9241
4144	3163
5285	4281
11001	9998
5006	4018
7237	6241
6950	5947
2120	1129
5784	4796
6595	5611
9798	8787
7430	6414
3136	2129
5489	4484
4620	3615
8013	7009
6734	5729
5069	4051
3313	2330
10886	9878
7686	6701
9790	8809
1013	10
8297	7288
8727	7737
6034	5043
5109	4115
3938	2922
10365	9377
7690	6698
7676	6664
8386	7387
6184	5196
8627	7637
5330	4311
6883	5899
1211	219
4076	3071
1870	888
6136	5124
4536	3535
8734	7748
7836	6851
9247	8233
4988	4005
2412	1427
1369	360
4031	3032
10485	9493
6892	5895
8033	7024
1504	514
5109	4094
6498	5517
6754	5736
5197	4181
8099	7108
2559	1546
10357	9341
6999	6005
10981	9974
8690	7670
6995	5989
8563	7580
8430	7412
1183	180
4711	3712
7470	6453
5937	4943
9894	8913
1761	777
4461	3476
6049	5067
10530	9514
1953	971
9980	8999
9501	8494
3683	2675
6287	5292
8465	7473
10071	9062
7921	6911
4747	3754
10585	9585
1466	462
2246	1243
1330	320
2641	1627
5682	4691
2395	1412
7464	6451
4324	3315
4841	3835
3637	2650
6589	5574
5438	4424
6026	5026
4726	3720
2867	1874
5389	4402
9155	8144
2428	1409
10599	9579
3027	2040
1230	230
9175	8172
4326	3327
3069	2081
4767	3766
2624	1626
3518	2510
5621	4609
3223	2220
1744	737
10971	9973
5694	4706
6575	5563
2635	1636
4345	3342
7296	6294
5166	4184
2434	1439
2941	1927
6846	5857
7925	6934
9124	8118
2915	1934
2455	1466
6800	5817
4409	3425
5460	4453
1668	680
2844	1861
7527	6512
4713	3722
7218	6210
2853	1843
3817	2811
3581	2577
6317	5324
10518	9524
1627	627
10347	9366
2622	1632
9973	8966
8880	7888
6856	5855
10777	9757
8719	7700
3210	2212
7126	6126
5758	4740
8564	7553
2664	1679
4125	3110
8412	7423
3797	2812
3798	2781
5992	5005
4680	3689
7912	6928
5637	4625
1093	77
2482	1501
4033	3048
1541	550
2164	1164
1134	129
7187	6174
9999	9010
3632	2633
10403	9394
10345	9359
4439	3439
1731	745
4514	3512
5612	4611
6233	5219
8233	7245
8242	7229
3440	2460
7701	6688
1354	357
2744	1736
8337	7319
8530	7547
5127	4109
4502	3502
5673	4678
10417	9415
4011	3008
3489	2483
6182	5191
5564	4582
1512	511
9984	8966
10681	9679
4706	3690
10261	9265
5160	4143
6498	5485
5469	4458
3639	2640
1159	146
2525	1540
6787	5774
2429	1433
2300	1285
4952	3965
8552	7559
7291	6298
3051	2052
5261	4261
8188	7173
2100	1115
2069	1085
6125	5128
10326	9327
9919	8908
6495	5482
10559	9548
2885	1897
4129	3129
4380	3398
1347	342
1430	429
6944	5952
8205	7192
5008	4005
9071	8081
1340	350
1425	405
3140	2134
2305	1325
6239	5255
9397	8394
9316	8296
3739	2747
8840	7821
5214	4223
6049	5059
7579	6586
4660	3663
9918	8929
6334	5316
1867	871
5839	4822
2943	1924
10058	9070
8289	7303
3200	2182
6746	5750
3079	2062
9806	8791
8590	7604
7495	6486
9319	8308
6174	5176
5250	4255
1232	213
7010	6004
2997	2017
5214	4234
6302	5321
9690	8678
4645	3628
