500	252461
6182	5193
6466	5479
4532	3538
1835	847
9218	8228
3519	2501
9474	8493
9023	8024
8870	7872
7388	6383
4642	3637
1295	292
7806	6804
6562	5565
7989	6983
8511	7506
4675	3665
7935	6955
5294	4302
5413	4424
2760	1763
6832	5836
1543	524
2902	1885
4319	3335
8289	7298
8711	7726
7090	6088
3725	2719
10500	9493
5477	4486
8977	7988
3593	2592
8538	7534
7609	6613
6351	5350
9532	8538
8730	7740
10290	9289
10041	9038
7103	6115
6203	5212
9080	8090
3953	2946
8485	7475
8864	7862
3483	2490
5527	4508
7775	6791
10059	9063
1690	697
10374	9383
9124	8106
4599	3606
9932	8936
2675	1693
7399	6409
1474	468
7841	6839
1615	620
3629	2616
2724	1724
8493	7491
8446	7435
6702	5710
7035	6054
10328	9314
5476	4469
5269	4265
8645	7647
5169	4163
2679	1687
7321	6316
3789	2791
4307	3327
10701	9685
6605	5598
5458	4441
2102	1120
8224	7212
10717	9706
1179	170
3985	2983
10421	9431
8411	7403
4871	3881
10890	9889
3774	2788
4281	3285
1636	617
9108	8109
7769	6753
1714	733
5031	4036
10026	9032
1665	654
1378	386
9149	8166
2482	1481
7029	6016
6985	5976
10523	9540
1568	576
5317	4334
5887	4869
8572	7583
6178	5198
9459	8475
5208	4222
8525	7525
2341	1354
9094	8096
9280	8265
3148	2133
7650	6658
8733	7752
9661	8666
3655	2647
8899	7899
9514	8495
7380	6399
5875	4866
4466	3477
4703	3710
10855	9855
4103	3086
8191	7188
3540	2520
10675	9692
7605	6592
5532	4531
9439	8454
3581	2568
6877	5886
2933	1945
7622	6639
5769	4781
8882	7899
3093	2095
7902	6913
8751	7746
4992	3972
2045	1048
2416	1398
7381	6392
1466	453
5758	4742
6861	5850
7498	6512
9374	8393
8187	7189
2548	1529
1449	467
3251	2246
7057	6069
7587	6599
8246	7262
5443	4441
4867	3885
3974	2993
10798	9792
8298	7290
9384	8395
4712	3719
9938	8942
9835	8815
9252	8234
10287	9303
8022	7011
7001	5999
4774	3780
3826	2838
3975	2965
3858	2870
8146	7131
7903	6923
10377	9361
4082	3077
5393	4389
2922	1937
7539	6547
10639	9654
10132	9143
5117	4137
4590	3588
2371	1388
3104	2124
3918	2917
9489	8490
7746	6746
10211	9208
7023	6031
2855	1857
9974	8980
9906	8898
4145	3130
7426	6409
1145	151
4968	3979
2116	1099
1720	727
2523	1509
3302	2313
1264	276
9007	8016
6673	5689
2515	1535
5085	4088
9797	8786
1582	568
10915	9924
9924	8944
6500	5513
7695	6702
8974	7963
8400	7386
6442	5460
5884	4879
4152	3141
5478	4459
3693	2676
3931	2919
10575	9570
4822	3839
5482	4475
10940	9939
5389	4388
5887	4870
7631	6629
7449	6464
9471	8468
7276	6286
1438	423
7770	6762
10048	9041
1567	580
7665	6656
1953	946
1206	198
3063	2055
2059	1069
7173	6159
1420	423
10156	9147
9931	8942
5622	4632
1239	245
4394	3389
8742	7730
5838	4851
6058	5046
3574	2578
1125	107
1938	940
8235	7233
10942	9947
10868	9887
9099	8109
5070	4088
2482	1501
8107	7107
2284	1282
9484	8466
8357	7355
2959	1972
1814	824
10917	9915
9633	8638
10122	9124
4236	3219
5929	4911
7059	6072
6527	5531
2243	1252
7838	6828
6647	5634
9365	8363
4176	3184
9460	8449
7669	6654
2095	1115
5117	4137
7319	6317
6024	5021
10104	9097
9346	8359
8661	7653
5570	4586
9255	8244
2177	1179
4414	3398
5418	4427
4647	3628
1468	472
5028	4036
7871	6858
5973	4966
7668	6665
2491	1483
7408	6413
4932	3940
10476	9457
4206	3216
8997	8012
3958	2977
10228	9227
2709	1703
4499	3486
6746	5753
5098	4096
2577	1595
2126	1131
2082	1076
2717	1714
10561	9579
4879	3893
6699	5705
2246	1250
1083	69
9656	8660
1175	157
4915	3917
3015	2024
7481	6482
1922	928
5243	4263
7855	6842
8680	7672
4283	3275
8236	7227
7709	6698
3870	2872
7690	6703
4800	3799
6126	5123
6049	5040
10082	9102
5664	4674
1627	618
4246	3249
2880	1865
10190	9181
2653	1672
3559	2542
4439	3435
1886	868
8087	7084
1395	403
6615	5615
10339	9327
4929	3924
1703	699
5337	4339
6770	5754
7144	6140
10999	9994
2345	1365
4519	3501
5495	4508
6977	5972
6613	5626
2071	1059
9783	8770
5664	4673
1378	396
1671	686
9337	8324
8213	7194
5372	4367
3123	2133
6239	5224
5159	4151
2634	1642
4245	3235
2123	1106
1742	730
4490	3477
10595	9614
10910	9929
10872	9886
3379	2374
1238	235
6837	5854
9225	8240
6604	5591
2216	1205
3815	2826
10125	9129
5598	4593
5933	4943
10337	9345
7982	6973
10421	9420
10401	9408
2345	1349
5486	4481
2728	1722
3337	2327
6758	5747
4770	3761
7898	6897
3362	2351
5581	4600
5803	4801
2019	1012
9666	8652
6139	5139
4934	3922
9679	8669
1653	650
4518	3533
2582	1593
1275	294
10769	9755
9155	8152
1937	950
2373	1382
8736	7746
3543	2527
9521	8504
10539	9559
10750	9767
3124	2124
8165	7149
9650	8634
9527	8516
8750	7764
2978	1979
4971	3981
10319	9318
3306	2311
4731	3744
10846	9845
6054	5044
8384	7383
4728	3743
5747	4758
5002	3998
10906	9908
2172	1178
9483	8471
5713	4733
9975	8966
3273	2277
6376	5362
2495	1503
5445	4426
9813	8830
7839	6855
1827	818
10383	9385
7718	6717
1657	663
5492	4499
2559	1561
4238	3220
3164	2171
5749	4740
6081	5061
10663	9670
6544	5561
8682	7682
7966	6958
3801	2804
2162	1176
10982	9965
6653	5644
2373	1379
5186	4190
9217	8197
8893	7902
7407	6412
10523	9530
9630	8638
3074	2067
1047	44
2397	1416
3192	2203
1414	422
1272	265
5258	4269
4761	3757
1664	646
6044	5057
4628	3632
4519	3533
5173	4186
3745	2750
3394	2398
10504	9497
8200	7204
6013	5026
4345	3350
8028	7037
10098	9098
3249	2244
2271	1256
2146	1165
9369	8375
1668	654
