500	1224878
5088	4089
3880	2899
1917	905
4370	3372
5762	4749
3853	2868
2681	1674
5447	4435
5278	4268
7384	6395
7626	6620
2787	1778
7250	6241
7441	6427
7724	6744
7881	6873
3778	2762
2482	1469
6804	5788
6746	5758
2991	1992
6302	5305
2803	1792
9134	8136
8922	7923
5046	4052
9833	8826
8861	7841
6447	5430
4554	3561
2682	1669
1263	266
7395	6387
5998	5013
7272	6282
5376	4366
3027	2037
6086	5071
1926	920
4420	3406
1188	198
2202	1222
10265	9261
1340	334
9609	8618
3979	2990
8650	7631
8605	7614
3441	2443
6088	5093
1831	837
9497	8516
9600	8614
9059	8053
1665	681
10936	9925
4092	3109
7194	6203
3999	3014
2571	1553
9437	8454
5768	4765
5107	4117
2966	1968
2464	1461
10966	9959
5730	4712
10601	9614
3778	2780
9097	8110
5217	4200
7422	6434
5805	4802
2871	1889
6595	5579
10890	9902
6014	5025
7236	6245
7715	6698
4671	3674
8902	7909
4814	3814
10743	9745
6245	5234
6706	5691
9518	8504
10384	9403
8025	7019
2031	1013
4427	3447
1062	78
2693	1678
6842	5857
9234	8251
3546	2566
3997	3015
4581	3581
8775	7782
1943	953
4068	3057
7412	6403
6920	5902
7048	6062
4430	3422
8494	7488
1192	177
8199	7197
9261	8271
5586	4595
6472	5486
3443	2461
1905	888
6002	4986
3557	2556
8743	7763
10017	9020
1449	436
5795	4800
4305	3288
4768	3773
3968	2983
6928	5927
10275	9290
6628	5636
6609	5615
10695	9712
2252	1267
5916	4903
7663	6668
8080	7078
5050	4060
10218	9216
6776	5767
10227	9243
10202	9202
5651	4648
10577	9563
5922	4920
10726	9725
4181	3162
9437	8445
2415	1415
3303	2305
5846	4827
2479	1483
10152	9163
8747	7752
1836	822
2440	1438
8110	7094
3701	2709
9397	8405
3048	2050
4713	3699
2305	1322
9960	8942
2419	1401
1147	128
10880	9879
4996	3979
7277	6286
6713	5702
5868	4851
4196	3182
1556	572
4996	3978
1278	285
4432	3416
4726	3725
2609	1610
8443	7445
1047	63
9198	8202
7701	6708
1043	57
4264	3246
1520	528
6844	5849
8086	7096
4046	3044
4462	3448
8530	7533
8176	7172
4316	3326
4693	3692
3506	2499
8527	7508
6033	5053
8586	7581
1264	270
10017	9011
8649	7630
3409	2409
6013	4995
9305	8325
5949	4941
8281	7264
2597	1577
10469	9472
4242	3240
1248	228
3446	2447
9560	8548
4042	3029
6049	5056
8322	7337
3022	2017
1620	613
3886	2905
6877	5876
4685	3701
1588	597
9059	8063
5205	4206
7957	6972
10748	9763
3151	2150
2838	1858
3689	2699
9346	8345
4791	3797
5916	4930
7764	6753
6382	5368
7933	6922
10027	9007
2202	1186
6438	5425
9488	8472
6043	5062
3363	2363
3666	2649
3286	2295
2886	1903
4895	3904
9658	8643
4574	3581
3404	2414
10562	9575
3792	2772
10783	9794
7726	6730
4629	3649
10576	9557
1097	106
3740	2726
9608	8619
1633	641
9216	8226
1411	428
6020	5004
7918	6909
8977	7973
7318	6334
5699	4681
1925	937
5209	4227
3658	2658
10667	9675
3433	2424
8256	7270
6353	5340
1549	562
6653	5660
3783	2802
10463	9449
10495	9515
9677	8679
7833	6842
8411	7430
8271	7263
1565	561
6795	5805
10107	9101
8587	7581
2446	1427
8183	7182
2337	1319
7895	6906
8622	7624
3676	2690
3618	2617
2392	1396
1016	34
8043	7055
2275	1288
9488	8500
1182	179
1956	957
6867	5872
2328	1335
9464	8458
8542	7528
1596	591
5367	4351
6112	5111
5544	4557
3830	2820
8800	7795
4352	3366
10409	9425
8466	7452
2974	1990
5912	4899
10595	9580
1665	685
3533	2550
5162	4162
1792	775
4121	3111
10704	9724
8556	7556
8707	7707
5490	4499
10007	9024
5410	4426
2478	1490
2149	1169
2094	1092
4132	3143
5639	4653
2468	1482
4032	3037
8849	7829
2514	1532
7269	6271
4892	3891
6488	5479
8196	7190
6089	5088
2397	1393
8486	7506
8155	7141
2723	1727
4674	3691
8089	7098
5521	4535
9685	8692
2702	1722
10322	9304
9980	8979
6225	5206
7530	6514
6681	5679
2508	1502
9702	8709
9962	8965
7018	6009
2939	1956
6123	5109
4957	3943
2359	1343
5520	4516
8382	7384
2439	1429
2800	1788
6848	5857
9446	8455
1085	90
10805	9818
6719	5739
6201	5185
3854	2866
9009	7997
7211	6230
1717	727
9710	8702
2381	1378
7614	6603
1617	613
6959	5974
10568	9577
8519	7518
4785	3792
1437	425
1465	445
10003	9006
5363	4375
8105	7109
7308	6312
7893	6889
7233	6242
9545	8550
7311	6326
10013	9014
6941	5950
5557	4567
3181	2188
3467	2486
1463	460
5687	4668
7711	6695
5356	4371
1253	272
8516	7508
5920	4921
9580	8565
6670	5674
2420	1414
9583	8581
10473	9454
8356	7339
3947	2941
4590	3580
7819	6832
8793	7808
7354	6366
5404	4423
9609	8612
4358	3374
10552	9565
2648	1645
8037	7027
4099	3093
5296	4297
1118	112
5297	4284
5621	4632
5706	4706
9710	8722
8166	7170
8271	7287
5229	4241
9370	8350
5203	4188
7339	6329
1294	284
4092	3112
2443	1439
10932	9941
2761	1780
6848	5848
5508	4499
6648	5651
3689	2687
4072	3088
8343	7331
10753	9762
4728	3731
10558	9554
5599	4581
10460	9456
3195	2193
1192	192
2762	1769
2157	1158
9127	8121
1247	232
5091	4075
2655	1658
8012	6995
9286	8288
3203	2212
9084	8092
2978	1986
2727	1747
7638	6636
5790	4797
4454	3471
10021	9027
3685	2702
8706	7721
7110	6120
2772	1767
4755	3760
3945	2946
4498	3515
3988	2971
5206	4223
2512	1516
4476	3459
8573	7556
6000	4990
10127	9110
7983	6989
9931	8929
6022	5032
3457	2454
9262	8249
3123	2136
5985	4993
7029	6012
7079	6077
6416	5419
3474	2456
9156	8145
1081	65
5258	4249
1707	704
9266	8255
3273	2278
7771	6754
8490	7488
7366	6384
4208	3217
9593	8610
3701	2697
1134	122
2775	1760
9832	8833
