500	1858898
9091	8075
10421	9412
1706	706
2497	1486
8222	7218
4984	3976
8381	7365
9486	8476
5880	4871
2086	1096
2311	1291
8548	7567
1579	590
4983	3991
2273	1285
5208	4213
3720	2729
7565	6555
7246	6254
3445	2430
10085	9078
3904	2920
7950	6942
10029	9037
2386	1378
10973	9973
6097	5081
9066	8078
1819	809
10367	9350
2172	1192
10527	9513
2543	1538
5620	4621
6544	5535
8882	7880
8474	7454
3611	2605
8152	7143
9882	8901
10911	9913
9713	8726
10687	9681
3932	2917
1400	419
9724	8705
5643	4623
5361	4355
1907	896
8293	7297
1786	800
8682	7664
6731	5739
5855	4837
3072	2086
5288	4277
8123	7113
7636	6628
5243	4237
1906	896
7532	6537
8850	7846
3509	2515
9487	8505
3435	2429
2590	1602
10799	9796
8693	7686
5809	4818
8350	7340
3200	2190
10471	9454
10023	9034
8134	7115
5361	4353
8998	8008
4770	3773
7810	6816
9557	8547
5341	4341
7934	6924
3538	2521
4608	3594
4908	3888
2822	1841
2464	1474
5982	4964
6139	5126
4450	3462
10001	9020
6173	5192
1435	429
7588	6589
9206	8198
2306	1315
1590	589
9494	8498
5792	4796
2953	1946
5758	4743
6482	5490
3328	2326
10394	9389
3372	2365
4699	3680
1039	19
5318	4336
8250	7257
10646	9627
6102	5091
7591	6584
4857	3870
9226	8225
4282	3279
9104	8110
4210	3229
5480	4494
5700	4681
7015	5995
3911	2891
9818	8829
10244	9242
8983	7976
4737	3722
9461	8460
9628	8639
7498	6512
5710	4729
1259	256
1235	234
2637	1625
1998	995
6019	5027
1397	385
5599	4619
2786	1804
3922	2926
7641	6655
2567	1574
1628	617
1070	83
6502	5517
5886	4884
6914	5925
3744	2743
4501	3503
2772	1765
6313	5299
3951	2971
6104	5105
2617	1616
6775	5763
4935	3952
8251	7235
10956	9958
5253	4266
7187	6178
10744	9763
5198	4198
1904	922
4237	3250
8930	7932
5449	4444
3115	2116
6254	5254
2847	1864
9378	8395
2577	1594
1910	897
1385	387
4221	3231
9947	8965
10874	9886
1047	67
3437	2445
10632	9612
8421	7434
10824	9810
3212	2209
7902	6905
7956	6949
9809	8815
4413	3428
7807	6788
5223	4234
10903	9922
7333	6315
6621	5633
8730	7711
5643	4662
10172	9184
8906	7923
5477	4476
4845	3852
7487	6474
2499	1497
1287	293
2529	1533
3891	2891
2472	1458
3892	2879
2448	1447
6820	5806
5163	4143
2003	1012
9679	8698
4608	3622
3009	2009
6928	5925
8051	7033
5424	4430
4435	3444
6603	5584
2404	1397
9520	8505
10088	9068
10060	9077
2937	1950
4967	3953
3572	2586
7795	6813
5654	4671
4752	3752
5230	4234
7248	6230
1910	913
7894	6913
8623	7627
6038	5056
9901	8892
6269	5285
8113	7099
5746	4737
10835	9823
6591	5582
6640	5636
3788	2769
7521	6512
10722	9703
5107	4108
5190	4210
1189	171
3607	2612
1163	161
8116	7106
2657	1671
3442	2441
5823	4817
1716	724
7576	6564
7018	6001
8832	7846
8898	7909
8971	7955
2256	1264
9924	8906
5503	4489
3853	2851
4238	3255
1016	13
7955	6973
2138	1142
2900	1886
2542	1553
8144	7161
6449	5432
6907	5893
6469	5483
3794	2781
6489	5501
1823	811
2320	1328
5037	4051
4707	3719
10749	9755
10131	9132
6234	5244
9435	8423
10220	9237
5985	4978
7768	6768
9747	8740
3671	2653
1822	821
4668	3678
7781	6768
8101	7117
3207	2218
7330	6313
5955	4969
3918	2900
2677	1667
3073	2080
8237	7243
1071	80
7278	6281
2991	1989
4190	3195
1242	253
2169	1157
6470	5472
1597	599
9094	8092
5825	4821
3848	2850
8519	7511
2064	1070
9949	8969
5931	4944
7256	6239
6780	5783
10836	9825
5704	4706
3269	2270
5632	4625
2324	1328
3475	2471
8864	7876
8824	7821
3133	2122
6813	5827
1924	935
4601	3589
9103	8113
3286	2294
9160	8152
4686	3704
7610	6628
3009	2025
3841	2824
10776	9776
9769	8755
3897	2901
7906	6889
8298	7290
4856	3859
4001	3006
6626	5618
9511	8520
10114	9108
6767	5778
1211	201
3584	2570
5102	4105
4725	3726
10374	9381
4231	3244
1152	151
5569	4570
7982	6988
4983	3984
8428	7417
9610	8627
10692	9687
6766	5785
7604	6606
9188	8199
5606	4613
4207	3225
9541	8552
10088	9078
5752	4754
2544	1553
8542	7556
10052	9049
6067	5079
6253	5236
10415	9426
9537	8522
3919	2901
3409	2393
2206	1200
4710	3726
3402	2422
2349	1334
8374	7364
7627	6633
6223	5232
6500	5482
7913	6924
5985	4965
2610	1602
9800	8803
9293	8277
7851	6851
9130	8113
5002	3992
8905	7895
5908	4894
3782	2773
4844	3861
4466	3446
1273	260
2618	1610
8461	7469
9227	8221
7829	6849
6639	5644
4240	3259
4720	3726
1172	163
1970	983
3556	2547
6642	5623
1270	272
3308	2325
1711	728
7875	6859
8216	7196
3143	2130
4673	3673
7996	6988
7123	6107
2037	1029
4338	3352
4451	3442
7598	6611
10776	9787
1162	155
2466	1463
8477	7458
1994	1000
9132	8139
5781	4788
8907	7894
5296	4304
5600	4602
1383	367
7262	6265
9668	8686
2917	1937
1374	382
7462	6480
10345	9351
7560	6571
3708	2706
7352	6348
4656	3665
4390	3389
1304	296
6801	5787
8011	6996
10152	9148
3811	2818
5197	4193
10514	9494
3213	2226
8813	7797
6963	5955
7937	6954
5386	4386
5717	4723
10493	9507
5020	4025
4103	3110
7001	6019
7537	6551
8161	7146
3602	2592
6256	5275
5169	4172
8825	7831
10082	9066
10989	9990
8027	7042
9916	8901
7887	6893
6623	5629
1247	246
9997	8977
6279	5280
4382	3383
6576	5571
2467	1471
5939	4952
3066	2081
6901	5906
5692	4682
6874	5875
1338	350
5684	4678
10191	9206
7323	6308
8000	7000
7459	6451
6850	5847
1295	282
9776	8790
7539	6551
2917	1937
7625	6638
6916	5920
10313	9325
3380	2379
1452	450
5101	4102
6443	5450
4489	3476
3859	2863
4201	3183
