500	2248932
4218	3206
9882	8872
3490	2493
1389	380
1868	868
1625	619
1830	832
1058	46
3284	2298
8944	7957
8987	7994
1124	140
1457	444
10608	9597
7983	6979
5662	4652
6481	5468
3010	2005
9744	8724
1830	818
9645	8660
4615	3630
2443	1435
6085	5078
2216	1198
7767	6778
1484	483
10167	9147
5541	4544
9418	8429
7304	6299
6899	5914
8217	7231
9058	8059
3883	2901
6224	5228
4160	3154
3483	2497
3153	2155
8213	7202
3527	2518
1371	354
10737	9744
6617	5633
5896	4894
1720	705
3660	2657
10468	9487
10822	9825
7655	6640
3910	2918
5924	4914
5524	4508
8556	7568
9721	8727
10076	9096
9735	8728
3779	2764
2594	1599
1910	928
9742	8752
6082	5075
9502	8491
2173	1182
8713	7731
4337	3331
5847	4853
2100	1085
6453	5439
10450	9454
3120	2117
5710	4728
9433	8433
3480	2461
9390	8389
4216	3223
6493	5483
5867	4850
9384	8384
10925	9931
4750	3764
3815	2802
10629	9649
2168	1173
9281	8269
9985	8980
2031	1037
8684	7678
8169	7167
8951	7950
2529	1526
3539	2541
6176	5194
5875	4856
2708	1693
3879	2885
10897	9893
1932	919
8840	7821
7357	6340
10027	9039
7845	6837
2270	1282
3917	2932
6457	5474
9586	8569
5166	4183
9506	8508
6450	5465
7398	6386
6328	5331
6826	5814
3495	2492
10539	9552
1758	764
2316	1331
1496	483
6601	5581
7704	6713
4040	3046
7387	6393
10531	9522
5031	4026
2813	1811
5667	4662
8820	7809
5133	4125
10125	9120
4960	3957
1694	702
5901	4907
9584	8575
10182	9183
8778	7783
7909	6901
5620	4618
5611	4626
3018	2027
1000	4
9594	8612
5763	4779
1030	10
2520	1530
7876	6873
6845	5841
5490	4508
5200	4197
5811	4793
9657	8647
2029	1023
9016	8016
3768	2782
8149	7160
9235	8235
2224	1224
2608	1617
1735	727
10405	9402
3646	2645
1502	510
7490	6502
1079	96
8829	7838
4556	3555
5487	4489
7001	5995
8268	7280
4014	3032
4561	3552
4838	3832
1537	544
1298	292
10833	9849
7152	6170
8692	7693
6365	5380
4055	3041
3706	2712
1053	67
9553	8556
5047	4060
6174	5157
9333	8319
5065	4063
8276	7269
5313	4312
4614	3614
2411	1430
7258	6274
5823	4811
8982	7988
7726	6737
8068	7077
2414	1421
3246	2259
6993	5984
10769	9778
8865	7872
6293	5301
1849	864
1784	785
2506	1503
1423	421
7786	6769
6032	5016
6646	5646
7337	6352
9336	8351
1570	555
2508	1519
7099	6080
8691	7673
10262	9247
8321	7330
4665	3652
5065	4079
9501	8501
1837	823
5245	4257
3118	2129
4936	3920
4130	3146
1956	969
4514	3500
4818	3803
10337	9344
10845	9848
8185	7189
9544	8527
7633	6645
3674	2680
4939	3923
2840	1860
6345	5360
8392	7374
6270	5259
4502	3491
8721	7737
7878	6888
5175	4180
7386	6395
10663	9681
6235	5249
9390	8389
6546	5566
8120	7107
2150	1145
2513	1498
9183	8166
6557	5554
10736	9740
3345	2325
3229	2218
1509	503
9181	8193
8746	7755
3726	2718
5942	4958
6823	5833
5918	4929
6418	5419
5024	4039
8788	7790
4530	3537
6877	5879
4465	3485
2876	1892
6466	5457
10256	9244
4296	3279
1220	231
10545	9547
7661	6678
1268	255
7795	6784
9997	8998
8555	7537
5338	4344
1642	661
7021	6001
4063	3056
10987	9968
10213	9209
10642	9659
2154	1141
6696	5708
8945	7930
1704	696
2540	1538
5827	4830
6232	5247
1293	279
6195	5181
5514	4532
4340	3352
7101	6084
7257	6267
7070	6088
8328	7323
2644	1654
7777	6765
5167	4163
5157	4146
4578	3564
3664	2647
4507	3521
2271	1288
8105	7096
5204	4199
9316	8296
5555	4557
6359	5344
5000	3993
3680	2684
2516	1530
9281	8288
7407	6403
4461	3450
3203	2217
8448	7434
1757	738
2099	1094
1830	834
1709	727
4828	3842
1234	253
6469	5469
8075	7092
4433	3424
3324	2322
9481	8466
5315	4333
5459	4450
4823	3811
2881	1876
9972	8969
4937	3950
9000	7980
10488	9491
8771	7764
10991	9989
8094	7074
5691	4710
6938	5939
1695	686
8922	7934
4790	3805
2238	1258
2350	1343
7407	6387
2562	1559
7489	6473
3729	2719
8122	7128
5070	4053
6113	5112
1270	285
6606	5592
9394	8411
8584	7595
10100	9117
4903	3892
4710	3705
9562	8562
4787	3797
5816	4811
6819	5835
1901	881
8847	7856
4414	3413
4767	3779
5967	4972
3821	2837
2583	1583
9358	8343
2344	1339
3790	2805
9559	8571
2808	1824
2733	1717
8443	7433
4515	3505
10492	9511
9165	8184
10427	9436
8163	7175
6858	5871
4485	3467
3984	2979
10164	9177
5043	4061
5077	4065
7451	6447
5734	4752
4785	3802
8139	7153
7729	6748
5100	4088
2591	1587
10503	9498
6657	5645
3647	2648
4179	3176
10920	9936
7936	6932
9668	8674
9571	8581
3790	2809
1278	283
1786	792
3333	2336
4564	3567
5331	4351
2260	1259
4403	3422
10237	9220
8514	7510
2970	1982
8869	7880
10376	9390
2412	1423
5338	4336
7815	6809
1729	737
8830	7818
3005	1990
4795	3777
9416	8397
4834	3815
3685	2672
8472	7461
4055	3073
3671	2672
8215	7224
3710	2711
3792	2789
4632	3621
6798	5803
8168	7179
1865	854
4357	3346
8708	7718
3101	2107
1395	400
10419	9405
8554	7566
7871	6880
4137	3128
9852	8836
9272	8254
6689	5700
1603	612
10166	9175
2450	1437
9789	8771
4287	3289
3938	2922
5687	4675
4197	3196
10868	9862
10849	9864
9084	8097
8714	7729
6463	5464
4156	3144
10872	9880
3032	2017
4226	3245
9693	8699
1512	497
8605	7591
8501	7516
10357	9343
4399	3391
10174	9165
5419	4422
2137	1144
10606	9600
1373	376
5484	4489
9610	8616
10174	9162
5826	4832
5216	4220
7527	6529
3139	2138
6591	5600
9715	8714
9377	8367
5322	4304
7842	6837
3935	2943
8931	7950
5640	4622
10730	9738
6144	5160
10658	9659
1804	800
6416	5400
2677	1686
