500	605248
5810	4794
7673	6671
10144	9158
3485	2471
7579	6599
9491	8501
7084	6068
3683	2693
9493	8510
8219	7203
4851	3870
5740	4735
3180	2200
9483	8490
7582	6564
5944	4934
2087	1076
3408	2390
10760	9741
3212	2216
5377	4394
8478	7487
4945	3935
8271	7270
5047	4056
10620	9635
2373	1380
10901	9894
1890	878
5372	4384
9038	8028
1520	515
10610	9610
10464	9472
8649	7643
4550	3545
7313	6300
9881	8896
10118	9126
1708	715
8596	7581
8544	7546
4616	3610
6118	5120
6813	5830
8498	7480
2726	1743
10796	9800
8130	7144
5888	4901
8123	7130
5363	4380
6469	5468
3829	2818
7319	6312
1233	233
6396	5403
3520	2527
6179	5167
2482	1471
4177	3157
2662	1668
1394	391
6609	5594
4762	3766
4009	3025
4183	3164
9202	8222
7550	6535
7198	6204
2445	1444
4666	3649
7293	6298
6468	5480
8344	7340
4404	3399
5457	4445
1643	623
4811	3791
9363	8359
6039	5049
10516	9534
2005	1023
7268	6267
4837	3836
8870	7852
10724	9708
5321	4304
3679	2661
8874	7884
5767	4757
1005	4
5297	4309
8660	7642
2779	1797
1032	50
6498	5478
4182	3179
4862	3867
7858	6857
3870	2882
6821	5840
7264	6267
5385	4371
6041	5021
2235	1220
2908	1922
5563	4545
2317	1332
2968	1953
2909	1923
6101	5117
2839	1839
2908	1913
7883	6888
1617	631
6290	5291
4688	3694
8501	7516
3450	2436
5124	4118
5887	4875
4369	3372
10434	9449
1135	115
9266	8284
10686	9689
1718	714
6444	5445
2990	1999
9248	8254
9133	8152
3434	2437
2450	1451
4453	3445
4276	3258
5329	4343
6374	5385
2582	1599
3531	2548
5361	4356
3255	2271
3967	2981
10031	9040
9588	8596
8901	7903
1077	68
5345	4356
7569	6552
3230	2242
7252	6239
4670	3652
3579	2591
1744	760
3982	3000
6476	5496
2460	1454
2929	1925
6922	5910
1394	382
7976	6973
3273	2289
9312	8324
7259	6257
9161	8156
5627	4633
4471	3485
3852	2851
4753	3761
8684	7686
10974	9958
1351	356
2416	1416
2596	1579
3191	2206
1913	920
7555	6538
1855	860
8874	7860
4213	3193
9716	8699
4693	3698
4810	3792
5450	4436
9243	8257
3454	2440
7604	6604
8637	7627
5803	4795
1460	448
2769	1757
9621	8638
5058	4076
3823	2806
1879	878
6386	5406
9096	8113
10608	9611
1327	319
6505	5490
10368	9382
2560	1558
7881	6890
3636	2640
7961	6941
2487	1484
3647	2655
4117	3101
2821	1815
10548	9556
6989	6001
8554	7560
1058	55
2056	1073
3788	2800
10088	9078
9334	8341
1296	284
3969	2976
2636	1645
6256	5266
9603	8612
10232	9241
1698	697
5022	4032
9842	8827
7101	6085
3304	2285
8631	7619
3426	2416
5843	4840
1410	425
3705	2724
5867	4872
1431	445
8995	8002
10544	9563
8972	7986
8092	7081
3245	2260
1958	968
8798	7788
2887	1876
9855	8846
8623	7619
6621	5604
6778	5776
5828	4822
2376	1364
8247	7249
3604	2608
4960	3975
1827	841
9445	8428
7573	6592
1139	141
9441	8457
8717	7705
5248	4265
7081	6073
2027	1022
8120	7130
9473	8454
9832	8826
8510	7496
2229	1209
1596	583
5669	4651
2917	1932
6709	5699
3788	2782
1073	85
2304	1294
4729	3739
9622	8620
7943	6959
9385	8387
3984	2970
8496	7512
9873	8877
10242	9260
7717	6725
4236	3237
10041	9054
1801	790
3088	2092
6313	5320
4893	3904
5822	4824
2574	1565
1113	127
2039	1054
3753	2772
4245	3235
6797	5813
6276	5295
3314	2309
10415	9409
10380	9370
3809	2811
6626	5623
5877	4887
2553	1555
1331	318
6502	5504
9367	8365
6205	5225
3148	2165
3202	2204
4462	3473
9750	8735
3917	2918
1538	545
4443	3452
8021	7030
7939	6953
5594	4582
5548	4540
7290	6274
10177	9162
1605	590
1934	938
5708	4711
8585	7570
9458	8458
10515	9528
8598	7596
7630	6613
6647	5637
8289	7292
3484	2495
2675	1692
2122	1127
9075	8055
2919	1927
9580	8585
7432	6443
5665	4656
10056	9064
10583	9593
10178	9187
4664	3659
8123	7137
9907	8887
7662	6677
7153	6154
2473	1486
6038	5040
6855	5865
7349	6366
7712	6732
3610	2604
7446	6445
4712	3698
8400	7399
6048	5037
2169	1172
2625	1626
5072	4056
1662	680
4950	3930
9153	8164
4581	3564
5927	4910
6875	5877
6782	5798
3532	2524
5253	4241
10077	9061
6824	5825
9985	8975
4579	3560
4392	3396
7339	6353
1896	890
5341	4324
8696	7694
9632	8627
2454	1447
7354	6347
2155	1168
4347	3354
7514	6507
9799	8794
2436	1453
8564	7546
6641	5655
6172	5156
8421	7404
5198	4192
7462	6451
7523	6503
5542	4535
8181	7185
3421	2402
9483	8472
9594	8592
7851	6868
3149	2131
7357	6350
3504	2487
1691	674
8559	7551
1576	560
7420	6422
7547	6540
9986	8986
3200	2209
9183	8197
9216	8222
9742	8751
4343	3361
6350	5349
10882	9870
3304	2294
4541	3537
2163	1180
4514	3521
1404	401
5133	4145
6334	5341
7583	6579
7161	6176
5873	4884
10722	9733
4516	3502
5199	4204
3369	2380
2204	1208
9901	8915
5304	4288
1021	18
6349	5367
2554	1567
3304	2308
7938	6957
3777	2777
9326	8317
4464	3450
6289	5282
1242	256
3774	2790
8734	7721
5137	4154
9025	8033
4112	3103
7525	6508
6092	5105
5595	4605
2863	1847
2716	1708
5817	4815
10054	9064
1195	192
8261	7257
2197	1204
9549	8537
10314	9326
10987	9995
3773	2759
5618	4628
1244	241
1767	784
8177	7185
9274	8273
1350	340
3122	2138
7145	6160
3964	2974
9968	8956
10644	9625
10234	9238
9117	8123
6592	5574
4352	3334
9204	8197
4495	3489
2765	1764
2764	1769
1716	727
10449	9452
4609	3593
4976	3974
7771	6768
2704	1713
9753	8733
1967	970
6043	5046
4796	3816
10540	9527
9235	8229
7941	6927
2243	1223
1478	461
6586	5604
2994	1990
9609	8591
3897	2879
6663	5666
8483	7488
