500	636596
8082	7062
7750	6761
6400	5386
9795	8799
6787	5798
10765	9759
4003	3004
3993	2999
8463	7460
10677	9671
7440	6455
7490	6492
6425	5431
10383	9389
1211	205
7893	6911
1820	810
8591	7593
3557	2559
4277	3258
7357	6346
3468	2457
2337	1336
9281	8286
3685	2676
7791	6789
5824	4836
7120	6140
8940	7924
3853	2862
10516	9520
7395	6386
9115	8127
5564	4572
2178	1163
5052	4037
3218	2212
9802	8791
6475	5487
9289	8278
8248	7233
4401	3398
2574	1556
3710	2729
6961	5962
9432	8448
5699	4686
6905	5920
9893	8906
4093	3094
8829	7823
9820	8800
7274	6269
7574	6560
3781	2797
3141	2139
5411	4420
4026	3030
3344	2358
6324	5310
2825	1806
2032	1040
1155	146
7455	6465
9861	8873
5694	4683
4576	3558
6807	5809
1137	144
10054	9071
6112	5109
5124	4141
7292	6301
3473	2480
7677	6657
10824	9823
5454	4435
5505	4521
4477	3459
10503	9517
7091	6099
4414	3396
6287	5277
7229	6211
6308	5291
2641	1623
7772	6764
5385	4372
3992	2973
2402	1411
2073	1059
2033	1029
5008	3995
9485	8505
5448	4459
9328	8314
7065	6054
6114	5094
1171	165
6534	5525
1477	469
10504	9488
1819	804
10052	9036
3788	2798
6792	5786
9476	8461
6333	5332
5078	4093
9265	8256
7134	6143
5179	4187
2936	1947
10505	9502
4510	3509
9366	8357
9007	7993
6558	5559
6163	5183
8113	7114
4867	3868
10677	9687
6083	5064
5820	4828
10188	9170
4108	3117
4005	3003
10051	9033
10926	9929
2669	1653
2230	1233
2776	1782
8817	7820
9415	8435
5055	4035
10606	9590
10274	9262
7013	6030
6933	5933
9955	8940
2002	1004
7447	6434
3894	2890
8298	7286
10440	9452
8856	7845
5839	4841
2176	1156
2186	1202
2948	1967
4688	3692
10529	9511
7114	6115
6599	5616
1310	313
9410	8413
7275	6283
3084	2076
7766	6771
6919	5907
1508	490
4260	3277
1387	375
10353	9355
3080	2065
5048	4048
7584	6587
8074	7059
2219	1200
9854	8854
1173	167
7506	6501
6240	5220
2370	1383
7542	6547
7618	6602
1169	168
9346	8332
3243	2242
8228	7239
3193	2204
1711	710
4976	3983
10499	9488
10781	9776
5698	4692
8203	7204
1480	461
2424	1417
3711	2718
8450	7456
9116	8117
4650	3656
6608	5592
5665	4683
10239	9257
10445	9439
1692	675
1925	916
7461	6468
9719	8709
4919	3934
4435	3423
1178	189
3367	2378
2899	1908
6838	5840
2037	1031
4069	3087
10429	9421
2040	1047
8708	7708
5856	4844
2096	1082
9644	8630
9219	8236
8073	7090
10436	9422
5500	4481
2400	1391
2275	1282
7648	6633
10884	9872
9016	8000
1373	384
10573	9577
2225	1241
10912	9913
3416	2410
2109	1111
9800	8791
6973	5969
7244	6227
10710	9699
5471	4468
9856	8869
6591	5599
8148	7143
4394	3405
6932	5931
8317	7302
6795	5783
8712	7695
3030	2025
7054	6050
4545	3533
5918	4920
4100	3113
9079	8097
1791	787
1185	179
9463	8481
3127	2144
7100	6088
4868	3875
2894	1882
6994	5974
7561	6571
2270	1273
6397	5416
9928	8914
8922	7923
7478	6490
1100	116
1901	883
6614	5595
4879	3859
3264	2276
9530	8541
3270	2254
9469	8466
2507	1523
1560	555
9395	8390
4649	3653
4785	3801
10054	9052
8920	7910
3654	2659
4538	3535
3152	2135
3872	2870
8634	7618
9366	8367
9428	8438
7916	6917
6388	5379
1365	369
9318	8327
10340	9354
4293	3281
2278	1292
9871	8862
1022	9
9130	8115
5101	4099
3646	2666
8679	7684
10686	9667
3157	2142
10663	9645
5625	4635
10144	9124
2760	1743
9143	8128
10255	9253
5601	4612
8444	7462
6218	5235
1671	689
1984	979
3344	2339
10639	9657
10995	9997
10790	9809
2234	1248
9050	8050
10336	9353
7534	6522
2768	1771
2762	1750
7545	6545
8986	7975
8936	7939
4433	3423
10466	9448
9379	8372
5442	4430
3042	2028
7525	6518
2491	1488
2864	1846
1027	9
7894	6882
6048	5042
6640	5644
1995	1005
6017	5019
5154	4172
1054	38
3114	2107
10919	9938
4355	3365
1325	314
7047	6057
5152	4171
4341	3346
2438	1443
3104	2100
2013	995
2535	1542
1551	551
7057	6066
8791	7797
7713	6721
10678	9688
5252	4252
3878	2891
10379	9389
1822	827
1457	446
7892	6887
6174	5154
7328	6327
8325	7335
1997	979
9133	8135
3747	2739
6935	5933
6451	5434
6877	5860
7582	6575
1125	136
2972	1985
8042	7026
1035	33
4504	3497
9236	8235
2191	1182
1195	180
7677	6663
10327	9320
7082	6067
4812	3824
7172	6181
8316	7316
6197	5183
8939	7950
4341	3351
3630	2634
4823	3828
6226	5219
10795	9784
7945	6954
10981	9963
4707	3714
4427	3428
9571	8579
7272	6266
7933	6945
1637	623
9038	8038
6841	5851
1860	863
2044	1051
1620	629
8860	7872
1464	450
6861	5850
6499	5479
7960	6946
7733	6748
2296	1292
9429	8436
10267	9275
10895	9883
8760	7778
2944	1963
10282	9267
8369	7360
8685	7695
8491	7496
5943	4935
4922	3930
5052	4062
4234	3240
8119	7111
2426	1446
3304	2305
2219	1208
3633	2622
9403	8398
2563	1553
2113	1112
1132	119
1528	532
3859	2879
1734	715
4237	3217
6959	5942
9206	8204
1017	37
8995	7981
1133	137
8909	7901
5993	4978
10651	9638
10161	9146
10786	9805
5232	4239
3959	2966
2490	1500
5263	4245
10452	9456
7357	6363
9966	8974
1523	523
9517	8511
6418	5412
8576	7592
8995	7981
6874	5879
4276	3291
10160	9177
2572	1559
7831	6830
1018	34
7526	6509
3278	2283
9697	8713
2706	1694
1800	815
3948	2953
8525	7530
7309	6309
8650	7632
9024	8019
9178	8175
8214	7210
3989	2995
2643	1663
4182	3198
2872	1869
10123	9141
9291	8273
7596	6583
10732	9745
4026	3042
6732	5752
8628	7608
5217	4235
4931	3949
7223	6209
5704	4716
1270	255
8679	7660
6691	5697
10802	9814
8895	7884
1607	600
