500	2326922
1579	586
6080	5074
1594	610
7300	6296
9111	8117
6286	5291
10075	9087
2137	1122
5366	4379
3568	2570
8668	7675
10210	9209
4389	3371
6703	5715
4906	3926
4391	3399
8766	7761
5451	4445
1686	689
4723	3711
3673	2680
4063	3078
2395	1396
2368	1381
1696	701
2805	1793
2286	1304
8825	7843
3456	2442
9921	8903
3392	2393
10028	9016
5149	4160
10231	9229
8781	7780
9646	8657
4328	3323
5871	4863
10321	9340
9260	8275
9180	8165
5308	4323
6739	5749
9409	8411
9774	8784
10263	9272
1015	32
2284	1302
9907	8925
10128	9126
1684	682
6817	5833
6568	5561
10336	9347
8664	7662
3938	2946
5777	4766
8502	7499
9598	8606
4216	3206
3547	2547
6120	5125
7604	6592
10705	9687
9640	8656
4022	3002
9580	8581
8821	7821
8880	7882
6128	5137
6148	5137
4795	3783
4056	3040
6291	5294
8932	7933
7768	6760
10373	9358
8818	7820
7605	6603
5583	4568
5299	4280
3702	2686
8687	7688
6025	5030
7175	6172
10632	9626
10589	9589
4624	3604
1739	733
7185	6168
1955	972
6571	5574
2609	1594
1780	774
3782	2796
9711	8700
6666	5674
9772	8789
10336	9350
5905	4909
6435	5430
4873	3859
8837	7820
1009	22
2688	1690
2574	1588
9306	8294
6642	5629
2086	1076
3876	2862
5053	4049
8454	7448
6301	5310
7505	6525
6212	5223
3766	2774
1179	195
8899	7901
2764	1779
9602	8588
9585	8595
2386	1396
1220	230
10541	9535
2689	1689
3239	2239
9245	8231
2238	1247
6619	5627
10700	9696
9420	8439
1478	491
7469	6462
5587	4594
1441	456
2429	1445
5511	4527
6370	5352
8192	7193
5437	4445
10039	9045
1998	1013
8195	7181
4438	3432
6946	5943
2585	1595
1664	668
9110	8129
8172	7169
3002	2018
3281	2301
2360	1360
2641	1658
2485	1466
1139	147
1237	244
8709	7718
3675	2660
8297	7295
7407	6425
6152	5151
6800	5813
7297	6282
5568	4572
4702	3721
6531	5511
2476	1475
3931	2925
6808	5822
5773	4782
10617	9616
9388	8377
6564	5574
3660	2640
8715	7726
7788	6781
9029	8009
3630	2621
10774	9777
5088	4078
10432	9427
10794	9794
7110	6103
4219	3216
10885	9872
6431	5428
9282	8267
6547	5558
7029	6035
4302	3294
4312	3297
3113	2112
3896	2879
6330	5328
7185	6201
5044	4060
3740	2752
5284	4296
5580	4593
7831	6849
1213	222
7072	6064
8661	7657
2566	1546
2843	1838
10636	9656
2419	1403
6816	5814
6812	5831
5596	4604
7902	6890
7203	6197
9307	8308
4417	3412
6891	5884
2419	1416
2000	1017
8674	7682
8238	7225
9182	8199
1337	339
8769	7751
9572	8572
6681	5667
10062	9058
2015	1029
7642	6662
7081	6085
8552	7561
2127	1117
7920	6922
9082	8090
2532	1530
10000	9015
9421	8411
7869	6876
8712	7726
6514	5522
4426	3413
1942	951
5664	4660
6922	5930
1546	529
10351	9353
2698	1694
9215	8215
7266	6247
4111	3126
10724	9737
1971	981
2568	1584
3871	2863
5997	4998
9909	8911
6428	5415
9600	8582
9000	8005
3482	2486
4928	3948
7702	6691
1507	488
9962	8979
2754	1734
1092	107
4831	3829
1943	957
10109	9129
9059	8070
6876	5874
8020	7023
9930	8938
2619	1638
9082	8077
4077	3089
6127	5128
8035	7041
3174	2155
3329	2310
5611	4627
3214	2195
4162	3146
3452	2434
7562	6582
4959	3947
3091	2085
7426	6408
6784	5796
5200	4199
6100	5096
4067	3059
3958	2947
9073	8062
1635	634
6222	5220
5485	4483
6951	5941
8651	7665
4474	3465
3451	2463
5901	4906
6378	5359
4277	3274
5615	4622
4754	3773
5751	4767
7204	6197
8307	7289
1763	762
7590	6578
1899	893
10001	8994
10102	9097
3125	2137
2509	1497
8057	7066
4423	3436
5238	4226
2791	1788
7996	7010
5034	4027
9119	8110
2707	1690
5984	4986
2310	1313
5585	4602
6075	5086
4684	3693
9326	8336
1970	961
1771	763
1959	955
10240	9253
7924	6919
7501	6516
4775	3772
4390	3402
7774	6760
4218	3233
3980	2972
10369	9350
3998	2985
7922	6932
6208	5218
5373	4377
8314	7302
3192	2177
4337	3319
6409	5421
4751	3748
6295	5315
2224	1217
1702	703
8690	7670
1497	509
8278	7282
8360	7359
5669	4669
4519	3518
5084	4100
9839	8837
9305	8314
5414	4426
9379	8383
6016	5027
9268	8257
9115	8103
7067	6078
8194	7177
8358	7360
7564	6561
9177	8160
7870	6873
1883	900
9579	8583
9845	8832
2899	1891
6722	5709
6234	5231
2937	1939
10917	9922
1554	558
5562	4580
2403	1420
8123	7121
3639	2644
6430	5424
9007	8017
4965	3951
2585	1602
4001	3016
4681	3667
3551	2568
3438	2431
7279	6269
7731	6728
10109	9125
7492	6482
4309	3301
7348	6351
7762	6770
7609	6606
2002	1000
8093	7087
8106	7103
3138	2127
6346	5349
3585	2588
5542	4537
5843	4828
9320	8317
9531	8526
9589	8604
8264	7264
2757	1763
8453	7460
7016	6026
3235	2242
1070	85
1902	897
6006	5000
3256	2253
1729	713
8016	7012
3191	2195
7992	6976
1137	149
2495	1487
6715	5703
8450	7437
3760	2778
8841	7850
10494	9492
10422	9442
7738	6741
4308	3293
9666	8673
3441	2447
10872	9874
7802	6808
7064	6065
8342	7360
6943	5955
4382	3376
5790	4776
10122	9108
4868	3861
9434	8436
10929	9939
9484	8474
8917	7935
10398	9409
2519	1520
8239	7230
9094	8106
5166	4165
1726	706
6666	5667
3780	2783
3866	2855
3466	2450
6490	5500
8977	7966
10937	9934
4325	3341
8023	7012
4597	3605
3773	2767
8743	7741
8338	7341
9856	8870
10046	9036
7495	6504
5834	4834
9596	8606
10602	9596
3729	2727
5324	4310
9894	8897
1954	934
2928	1910
6124	5138
9252	8236
6412	5415
7926	6934
9935	8933
9729	8711
5841	4852
4529	3517
7718	6705
3472	2491
6723	5707
1603	583
7697	6688
8091	7086
7349	6360
9213	8219
10546	9561
10055	9067
8780	7787
9388	8371
