500	596763
3830	2838
3210	2214
9487	8497
8074	7078
2176	1157
1407	387
9962	8945
7450	6440
2471	1465
2345	1332
5246	4249
5075	4067
8252	7253
10610	9595
2702	1710
1475	490
3842	2854
5191	4175
3332	2348
5245	4242
2336	1347
10044	9062
1591	580
5442	4453
4753	3736
2023	1032
7913	6895
6195	5211
7701	6700
4613	3611
7886	6892
8480	7498
8894	7898
9836	8828
7874	6894
3298	2301
3310	2303
7422	6409
9037	8041
7508	6515
9082	8064
4130	3119
2259	1257
3116	2114
6041	5046
1058	38
3866	2858
10255	9239
6395	5408
3562	2543
4053	3050
8564	7549
10507	9487
1850	864
7434	6439
2425	1434
1125	126
8633	7619
10251	9271
2711	1719
4430	3411
3301	2289
1461	449
8708	7703
1115	97
4155	3171
4924	3913
4780	3792
9404	8411
1848	848
8575	7592
9673	8690
2967	1952
8535	7530
6961	5941
1377	357
8139	7143
7985	6977
9053	8034
2755	1769
10467	9462
1984	1003
6512	5496
7886	6890
3498	2478
5228	4242
5424	4427
8779	7781
3347	2363
3556	2553
8376	7368
7089	6087
1349	357
5070	4074
6354	5340
10645	9648
8807	7788
2155	1158
7717	6730
10797	9796
7368	6385
9234	8237
1531	514
1380	363
8258	7273
10329	9325
4704	3718
1205	207
2646	1634
8739	7733
9941	8923
7827	6826
7509	6524
7290	6286
3834	2831
1763	753
2309	1315
1520	522
1729	737
9044	8043
2507	1507
6410	5408
7739	6753
8344	7345
7989	6972
10363	9354
7898	6889
9464	8475
7403	6389
3218	2238
1429	423
5055	4035
10938	9939
2546	1544
6937	5930
3739	2754
9598	8612
9856	8844
1431	441
3854	2855
3637	2644
5256	4242
9557	8543
7860	6870
10784	9769
1003	21
3910	2897
7747	6764
9632	8646
7836	6841
6259	5241
10181	9177
9768	8774
10219	9208
4114	3099
5151	4142
4987	3993
7206	6186
1026	42
3104	2117
10231	9213
4736	3750
1901	895
8589	7571
7457	6471
4139	3120
3186	2178
9620	8603
4811	3824
10185	9181
3631	2631
10490	9496
6201	5196
4575	3592
10644	9655
7472	6462
5055	4070
1886	890
7257	6248
3226	2215
7144	6157
2856	1859
8687	7706
4870	3889
6468	5485
3435	2447
2218	1234
4546	3556
2488	1489
8976	7960
6572	5589
8517	7511
9763	8771
10866	9859
6688	5701
1101	121
2028	1038
10483	9483
7881	6884
2650	1665
6131	5134
8941	7923
1080	86
9686	8684
3415	2420
2877	1859
7275	6267
8090	7098
6540	5553
7093	6102
3084	2077
3789	2769
3715	2724
3122	2121
1045	64
1488	492
2937	1937
4929	3913
3886	2870
10115	9099
9987	8989
6160	5160
9246	8251
1904	886
5594	4574
3216	2199
8242	7257
1364	377
8721	7728
9955	8955
9048	8061
3451	2433
6302	5310
6960	5975
2828	1809
1892	903
5398	4394
10439	9452
10202	9188
8970	7952
2478	1472
4345	3364
1608	626
6468	5453
6533	5552
3182	2182
5133	4130
9750	8758
5551	4558
9575	8577
1080	100
8652	7635
4074	3091
1012	17
6401	5403
9177	8188
3266	2261
3133	2152
5405	4395
6464	5452
8180	7181
3462	2451
2234	1243
7394	6376
7328	6321
1722	725
3046	2028
2311	1309
7237	6238
1149	130
9701	8690
1953	940
4728	3712
10408	9389
1916	898
4574	3589
6204	5192
2141	1160
9804	8822
1261	266
2242	1227
6417	5426
5982	4993
8596	7578
8569	7569
6175	5161
9318	8325
9907	8911
1983	965
3905	2901
1118	132
4074	3084
5395	4411
8609	7619
6148	5137
5370	4380
10642	9623
8330	7345
3726	2735
2623	1632
8488	7488
8205	7222
3642	2661
10184	9166
5914	4908
3331	2337
5959	4970
8991	8010
6619	5607
7132	6147
10485	9471
5418	4408
4286	3300
5921	4931
3854	2849
3368	2381
7221	6203
4330	3322
2813	1797
8623	7641
4609	3607
3279	2299
4674	3677
3754	2746
5545	4558
5939	4932
6405	5398
8302	7309
8459	7457
3768	2751
6081	5073
4882	3878
9862	8845
2306	1294
4230	3228
5493	4504
2218	1216
10752	9752
10685	9673
1879	880
4752	3752
2135	1127
7343	6338
4339	3347
1351	370
5117	4130
7945	6957
9250	8266
2391	1373
6308	5314
6575	5588
3974	2981
4317	3307
2066	1072
8320	7316
3011	2006
6896	5888
6684	5676
2396	1379
2386	1371
6982	5997
7769	6757
1947	951
6496	5500
4055	3064
5682	4698
4729	3748
7138	6136
1222	240
8504	7499
7592	6593
3933	2918
2190	1185
9314	8304
6627	5631
4308	3302
4728	3719
3187	2167
5133	4138
10161	9160
1712	713
4468	3488
9546	8531
7120	6138
6724	5736
6615	5628
5025	4025
8594	7585
9105	8093
8244	7257
5338	4324
8442	7429
2606	1600
1774	794
9029	8009
8078	7092
6316	5326
10907	9918
8367	7379
5122	4106
4777	3761
3741	2751
3294	2274
5797	4817
5850	4850
1647	645
4217	3209
8276	7287
1644	646
5207	4211
1983	978
4288	3306
3202	2194
10014	9005
4569	3560
4681	3696
7447	6466
2465	1449
3702	2702
9382	8368
3260	2263
6223	5206
10053	9042
3205	2214
5486	4480
7450	6448
3263	2253
9120	8125
9203	8217
5692	4704
6636	5617
10462	9473
5162	4149
4564	3582
2813	1805
1024	34
1165	172
4777	3782
7698	6709
6297	5298
10671	9660
4085	3088
2383	1395
8945	7963
1753	743
4790	3786
3525	2512
5396	4384
5311	4309
2579	1571
4748	3750
6998	5978
10691	9682
3445	2439
10641	9641
5442	4441
5644	4649
2915	1895
5939	4934
10694	9676
3373	2372
10592	9603
6522	5541
8898	7894
3814	2834
9476	8480
9051	8044
8302	7284
10520	9529
5297	4316
9702	8700
10902	9911
5189	4170
8464	7462
1125	126
5895	4889
8504	7515
10698	9697
4938	3938
10776	9772
3091	2085
6704	5713
5007	4022
1607	588
3162	2179
8640	7654
10711	9707
1222	218
5203	4197
4233	3242
5559	4569
2543	1523
3563	2564
6529	5539
2874	1858
8794	7793
2790	1793
5949	4966
5258	4240
9094	8094
