500	1947174
1205	218
2167	1171
1091	106
1305	309
9274	8259
10875	9886
5014	4007
10213	9232
4652	3672
9240	8255
5356	4339
6735	5746
2674	1681
9032	8050
2914	1915
4470	3490
7694	6675
10013	9031
1319	302
3839	2848
1838	832
8121	7102
3452	2442
5526	4518
4477	3481
9572	8563
3938	2935
9612	8616
4776	3794
4815	3800
6589	5590
10613	9630
1021	40
5933	4942
1509	500
8066	7076
10855	9846
2096	1096
4777	3776
6927	5930
4785	3797
4993	3981
10981	9978
7022	6025
2037	1027
4265	3268
4657	3644
8663	7676
5900	4895
7614	6612
5745	4731
7222	6204
7840	6822
2670	1688
8386	7402
1214	227
7973	6984
7251	6261
5745	4759
3640	2634
4937	3937
6825	5825
2493	1488
7736	6722
6843	5850
8173	7159
7855	6846
6561	5560
2259	1264
9659	8647
8426	7433
2066	1051
10010	8990
8183	7169
8902	7896
8507	7492
8810	7803
3444	2464
8207	7192
8215	7221
9330	8331
9413	8396
7406	6417
5881	4893
8850	7843
7368	6367
2564	1574
3081	2073
8007	7005
5110	4096
10928	9914
10142	9134
6679	5674
7275	6268
4210	3193
5804	4809
1928	942
3816	2820
9775	8775
3250	2244
7194	6192
10955	9974
6295	5289
7041	6027
3211	2218
9852	8868
5029	4011
5899	4882
5888	4894
6184	5169
5899	4890
4401	3398
7688	6697
8432	7416
2152	1142
9295	8297
5561	4565
8758	7778
3615	2634
7907	6900
6708	5728
8173	7157
5647	4634
7369	6373
10650	9640
10692	9685
10688	9706
3562	2560
7823	6826
3862	2870
9054	8055
9564	8560
8985	7973
2885	1878
8947	7965
8681	7665
6277	5274
1060	58
6412	5400
2198	1206
10490	9474
6061	5046
9080	8074
6001	5020
10304	9321
10613	9627
5435	4447
10586	9569
10983	9969
9483	8482
4349	3367
7075	6072
10295	9312
4723	3732
10911	9899
3660	2670
4330	3338
10364	9346
8937	7934
3472	2468
4342	3350
6654	5671
1477	490
7761	6749
10832	9833
2846	1856
2416	1432
7383	6395
2571	1588
6359	5372
4391	3393
3189	2185
3720	2718
7383	6371
6639	5625
6427	5436
9280	8268
7942	6953
7757	6742
10758	9770
9946	8939
3656	2636
4761	3757
7645	6646
7662	6651
9662	8679
6939	5924
2546	1555
4506	3519
10550	9545
10961	9955
3938	2955
7899	6882
1438	445
3305	2324
3524	2523
4720	3705
4374	3357
2960	1979
1945	961
4589	3598
3865	2857
7859	6844
5792	4785
1055	73
2195	1180
1441	425
6739	5746
5484	4478
4716	3696
1337	357
8386	7377
7963	6962
10660	9673
10856	9872
10787	9785
5298	4311
5988	4990
3113	2111
5373	4366
3820	2825
5276	4269
9592	8576
1133	141
3231	2246
7810	6811
7846	6860
3851	2859
8819	7819
7064	6077
7311	6307
1760	756
7881	6895
4565	3575
1034	39
8911	7922
6306	5322
8623	7620
8845	7860
9710	8730
1157	142
5901	4906
2896	1882
6031	5043
6394	5405
4615	3634
10988	9981
6489	5486
10990	9982
10573	9574
3022	2004
10875	9885
7789	6799
2408	1395
7987	7005
5431	4412
7585	6581
3166	2148
9210	8202
5777	4773
10822	9816
8581	7593
8700	7684
6344	5345
6059	5079
2268	1250
4644	3636
6182	5172
4794	3782
5415	4399
10939	9936
4544	3564
4729	3732
9902	8906
1719	723
7246	6260
5744	4754
8951	7960
4055	3035
5878	4872
9225	8211
9101	8091
5575	4566
7480	6493
6637	5649
8500	7508
7745	6749
10649	9653
8714	7710
3762	2746
5688	4678
7196	6198
4864	3867
5580	4590
6583	5569
1989	969
4650	3642
4415	3406
5860	4861
7866	6865
8632	7621
1630	620
10955	9957
8709	7718
1779	764
1175	157
2674	1684
5609	4606
8222	7211
9855	8836
8195	7205
5103	4093
8996	7989
7464	6460
3131	2121
2808	1825
8788	7796
6493	5483
4642	3642
7557	6556
7207	6214
9740	8747
7727	6733
8747	7751
5988	4992
2937	1956
3509	2507
6274	5294
1763	762
5709	4692
10672	9688
6698	5692
5388	4389
3868	2882
6466	5450
9498	8498
4780	3785
1629	643
6872	5854
1345	333
10816	9823
7749	6748
9211	8219
7602	6583
3170	2187
2620	1634
6393	5385
7911	6904
4631	3641
4066	3069
3007	2023
3488	2473
6942	5943
8615	7612
8693	7710
9626	8641
4898	3893
5157	4141
10894	9902
6004	5009
7478	6468
10571	9581
7245	6239
6660	5659
8737	7723
8796	7777
3223	2237
7054	6043
9085	8076
1014	2
2993	1980
1834	831
5348	4367
10993	9988
2895	1905
10524	9544
4610	3591
5582	4564
1828	839
1116	123
8298	7300
7909	6902
6397	5389
2196	1205
8436	7441
4244	3234
8540	7535
8750	7738
7308	6324
2836	1833
5120	4108
9847	8848
5098	4108
2408	1407
2177	1184
2948	1965
5514	4520
8400	7416
6705	5689
7228	6232
1277	282
6578	5562
10477	9478
1600	590
1769	753
1520	527
10335	9349
6801	5800
2131	1140
4731	3750
7096	6096
6899	5882
8536	7542
4189	3205
5124	4127
5694	4695
5297	4307
1109	94
7133	6127
7026	6008
10177	9180
3478	2477
2406	1387
8779	7779
4348	3362
5312	4307
2354	1354
7158	6169
8150	7137
7300	6291
9800	8799
5912	4905
3072	2068
6800	5797
3750	2732
5507	4514
1127	116
7567	6561
1490	498
7036	6027
4899	3888
6968	5960
2435	1453
1599	587
8265	7285
9247	8230
3297	2315
3481	2476
7137	6138
4440	3433
10095	9109
6079	5061
3346	2337
8829	7831
5922	4904
4597	3599
3355	2361
3878	2871
4893	3878
9871	8885
7774	6768
9853	8861
1101	121
8524	7509
9195	8213
7499	6499
2532	1536
3411	2431
9267	8276
6216	5226
3864	2884
7570	6587
3535	2549
6151	5155
7420	6400
5592	4577
10297	9285
2672	1689
6758	5759
8715	7701
2625	1605
3991	3000
6088	5090
8060	7067
4165	3165
10266	9275
4651	3640
9229	8238
1474	474
9934	8930
9724	8741
6293	5304
10181	9185
4477	3475
5711	4714
10847	9844
9600	8602
4188	3180
9652	8643
1392	398
