500	2259161
3064	2082
7167	6149
2239	1223
1919	906
9069	8078
7958	6946
8675	7670
6211	5205
2099	1100
5339	4322
4760	3761
10532	9520
5647	4628
8160	7164
10029	9013
6209	5216
4177	3180
8747	7729
7648	6664
3529	2528
3228	2248
8390	7393
10831	9812
4476	3476
10393	9383
8926	7945
7481	6495
5189	4188
4975	3962
10237	9238
1475	495
3081	2088
5677	4674
1862	859
1684	698
6456	5452
7589	6577
4751	3751
3324	2313
5792	4800
2771	1770
9762	8768
5655	4667
6494	5513
7165	6173
7287	6293
2890	1903
9446	8465
2752	1734
8229	7246
10994	9994
6481	5496
2039	1042
8316	7334
8854	7866
8134	7115
8016	7017
4494	3500
1717	729
9301	8292
2158	1176
8447	7459
8305	7305
1881	864
5170	4174
6019	5037
1763	760
1247	252
4879	3859
9345	8352
6384	5380
4649	3656
5957	4968
10917	9898
9165	8147
10894	9897
1317	328
1731	728
10163	9182
4812	3805
10860	9854
3184	2175
7468	6449
8876	7888
9437	8434
9094	8114
2578	1595
6689	5698
6753	5733
2175	1195
6332	5326
6641	5628
6959	5945
2549	1560
5634	4635
6725	5712
1518	521
7422	6418
3342	2325
9238	8251
8102	7120
2784	1792
2949	1951
6988	6008
9921	8912
2461	1463
4675	3658
10187	9204
5711	4727
10168	9162
3996	2993
3298	2317
10625	9639
5257	4274
10859	9845
2462	1465
8337	7350
5831	4833
10622	9642
1402	393
1667	665
2360	1380
5189	4187
6800	5806
9783	8778
3570	2556
2997	2012
5676	4661
1858	843
4549	3563
9687	8684
1502	483
2879	1862
3600	2609
3911	2913
1331	337
7422	6402
9734	8739
10594	9612
7817	6817
4156	3164
10006	8992
8727	7713
7334	6324
8075	7094
1976	965
8617	7622
9404	8422
8178	7178
6480	5468
2407	1415
7848	6867
1446	466
1848	838
8679	7660
8274	7261
4194	3174
4821	3809
5844	4862
10183	9197
1733	748
1585	591
3912	2893
8121	7109
4508	3497
2302	1285
6690	5683
8006	7001
1226	211
6544	5561
9784	8800
7187	6195
3228	2244
2267	1273
5119	4101
5596	4607
1485	503
7676	6667
4650	3657
3154	2143
5094	4090
10843	9833
3745	2749
3805	2822
5182	4196
7734	6714
1769	767
9291	8297
7654	6654
9159	8141
2043	1047
5314	4328
5983	4989
10658	9676
8462	7446
5642	4622
9009	8027
6690	5684
9706	8719
6563	5578
2231	1224
7456	6445
3832	2838
4187	3198
7021	6041
2853	1844
9352	8358
9468	8464
1227	209
5723	4727
3979	2986
3383	2370
3160	2147
1671	676
4180	3175
4316	3305
10638	9647
6009	5029
5614	4620
2236	1221
8157	7138
8671	7665
3504	2492
4689	3705
8080	7062
7138	6143
7921	6928
9505	8515
7049	6033
10717	9701
5079	4089
3909	2913
6613	5595
9426	8408
5290	4290
6821	5823
5525	4507
4599	3601
9527	8526
9582	8594
9904	8897
9409	8397
3999	3008
9902	8904
5755	4768
3096	2087
2801	1802
3138	2139
2680	1660
10521	9514
8962	7945
3626	2616
2748	1768
4070	3056
2699	1679
8991	7973
7868	6880
3656	2673
9885	8897
7875	6873
1009	22
3284	2290
3498	2483
1226	230
9808	8817
6361	5366
4543	3539
4522	3520
1161	165
3151	2163
9501	8481
7961	6948
7957	6970
1784	779
6035	5018
4789	3771
4700	3709
7959	6958
2372	1380
4079	3085
5624	4632
9369	8373
2793	1801
8375	7391
6434	5426
8915	7932
5846	4836
4563	3579
7608	6591
8109	7119
5586	4576
1689	692
8910	7910
7171	6152
8100	7100
8881	7877
3408	2416
9614	8612
6808	5788
8298	7302
2876	1877
8782	7778
7687	6682
10912	9922
7540	6555
10541	9542
6734	5753
9810	8802
7526	6526
6829	5829
6586	5585
1585	571
4875	3890
2069	1061
2229	1227
3343	2351
1779	789
4594	3592
5137	4132
4812	3824
4566	3546
5211	4214
2194	1186
10854	9858
9308	8323
5555	4555
10145	9143
7159	6146
3993	2996
6525	5522
2436	1447
4712	3722
9874	8860
7273	6284
2103	1097
6360	5367
5870	4885
7203	6211
10338	9344
8265	7261
8427	7415
4154	3166
7572	6571
3953	2948
6425	5441
7846	6860
10863	9843
9481	8501
9396	8410
1086	100
6691	5703
7269	6284
2620	1624
6701	5685
7028	6034
3405	2389
1365	368
6433	5422
6283	5295
5634	4617
10075	9056
1834	824
2639	1657
5568	4548
6517	5497
1522	505
6851	5864
10019	9008
5209	4229
9919	8926
3152	2143
3239	2219
2779	1779
3986	3003
10365	9372
3866	2848
5086	4067
7005	6025
1926	931
1026	24
3036	2051
10741	9758
2704	1721
9408	8397
2941	1928
7988	6974
8472	7465
3861	2879
1424	418
8441	7434
9353	8355
9564	8575
3265	2253
3619	2637
7338	6320
5936	4951
9292	8303
4395	3401
8537	7543
8185	7186
1177	187
4877	3895
2996	1999
7204	6195
7039	6046
3845	2836
8471	7463
8225	7217
7560	6559
9826	8824
10753	9733
3763	2753
7672	6687
9437	8423
1639	644
5090	4099
8372	7376
3302	2309
2418	1409
9882	8883
4894	3893
8593	7594
7799	6804
8088	7079
7091	6095
5125	4135
5400	4395
8228	7241
2091	1091
8990	7981
7618	6614
7035	6038
5067	4086
10494	9478
8431	7449
7041	6044
9760	8755
7883	6890
5041	4048
7865	6846
4162	3174
4048	3056
9097	8100
9292	8298
7806	6824
7955	6949
1919	921
5559	4542
3494	2483
2361	1379
7350	6355
2010	991
6289	5286
6698	5710
7271	6256
8002	6990
4575	3583
2976	1962
2767	1776
7546	6542
9308	8326
2243	1255
9503	8498
8747	7762
9172	8185
4924	3911
5900	4919
1845	832
1362	364
8181	7161
10814	9817
8227	7229
1337	351
6659	5648
8420	7421
8370	7354
2056	1064
8711	7723
5873	4886
8171	7156
6764	5779
10095	9085
9933	8950
4294	3296
1071	51
9808	8815
10369	9368
1416	418
5149	4169
2178	1194
4582	3589
1042	61
7003	6010
4276	3260
4201	3194
5650	4651
3640	2644
9224	8240
4022	3026
8830	7828
