500	613576
6232	5232
6075	5059
7090	6080
9295	8295
5090	4074
1885	898
10839	9855
4716	3710
7461	6472
4379	3392
6631	5645
8202	7216
1677	691
1671	688
6614	5596
1493	485
4362	3355
7150	6145
2583	1583
7555	6553
5969	4976
1822	830
1551	570
1140	155
3930	2940
9309	8299
5672	4679
1093	75
8650	7642
4458	3465
10436	9455
2402	1387
5704	4723
6768	5779
9452	8470
2080	1078
3251	2240
5523	4522
7214	6223
1170	190
7335	6355
9163	8149
7197	6198
2170	1168
7787	6780
5654	4641
8986	7991
8300	7312
3319	2322
2327	1328
10881	9884
1824	819
7210	6197
6106	5104
2903	1921
10296	9298
6299	5309
1805	792
2976	1963
7099	6107
7252	6262
4816	3797
4003	3014
4119	3137
9404	8414
7732	6722
10589	9570
2406	1394
4276	3296
7399	6381
6274	5292
4602	3615
1230	228
1895	885
8367	7380
5543	4545
10101	9115
7377	6363
1082	64
10951	9947
7403	6416
5136	4119
8505	7504
5569	4576
2636	1647
4281	3287
10823	9837
6503	5512
9954	8934
10562	9575
10034	9016
1083	83
2557	1577
10728	9729
5920	4902
10797	9787
2127	1125
2410	1390
9389	8385
1209	221
2702	1706
7770	6780
10890	9870
3210	2200
6657	5673
9253	8242
4105	3107
1795	787
7982	6983
8928	7910
10094	9081
5614	4632
9412	8401
10182	9185
2736	1722
7030	6048
4727	3738
1124	105
6697	5717
2309	1300
7700	6690
6328	5319
3960	2952
6990	5988
6455	5436
2463	1464
5086	4073
3715	2721
9547	8549
10578	9584
3427	2426
4829	3843
4957	3947
6392	5405
2530	1525
1304	321
4509	3508
8847	7833
3020	2023
1891	905
5415	4406
9549	8568
10667	9686
10906	9891
5579	4579
1799	814
6073	5070
6726	5718
3125	2138
7148	6164
2272	1266
6458	5468
7679	6677
3339	2341
9140	8132
7869	6883
9655	8658
4417	3408
10381	9382
7434	6435
8558	7550
2032	1018
1387	391
9321	8329
5838	4836
7031	6019
10859	9866
4380	3361
5199	4188
2731	1744
1899	913
1261	248
1581	601
9906	8903
6639	5644
2537	1553
2320	1338
2399	1410
1524	508
2433	1440
1563	565
9520	8503
9666	8682
8286	7283
8988	7993
7678	6676
10503	9510
5430	4427
9019	8020
5475	4474
10702	9720
3498	2482
9890	8878
1434	453
7129	6138
9894	8909
3287	2270
4734	3726
7888	6904
2460	1471
7445	6444
6546	5565
9001	8007
1877	885
6084	5064
8855	7856
1566	556
7661	6678
4716	3707
8544	7562
4336	3349
4163	3156
7297	6317
1584	594
8035	7042
4838	3846
7530	6524
8663	7679
1100	91
4771	3767
2517	1534
6119	5111
6922	5927
1577	586
6637	5639
10466	9446
2833	1844
7629	6640
4439	3434
9405	8401
10157	9175
9043	8030
4820	3813
7150	6167
3642	2642
4558	3551
10127	9142
5458	4440
7350	6341
5159	4146
2714	1711
10902	9901
8352	7362
1717	701
7740	6740
7683	6673
8989	7994
6137	5142
9251	8266
1501	482
9325	8306
10204	9218
4766	3785
3979	2964
7194	6210
2335	1349
7127	6140
7942	6956
9949	8961
3720	2721
10866	9860
7020	6019
4346	3356
6641	5631
10760	9754
9284	8272
3538	2533
1538	536
1720	721
2252	1259
1473	477
7825	6805
4391	3410
8814	7832
2274	1260
5070	4068
9964	8962
1498	484
4980	3993
10871	9879
6108	5123
3357	2371
5048	4029
9954	8940
5750	4734
9315	8326
1336	325
1978	966
2207	1199
9423	8406
5911	4909
3497	2505
4336	3321
7220	6206
4352	3342
5631	4649
1939	931
8349	7336
10955	9969
1410	424
8219	7231
9811	8809
1088	85
9045	8061
9459	8467
8331	7330
2309	1308
7561	6578
1718	714
3821	2818
4280	3287
5724	4742
3833	2835
8965	7947
9279	8263
8822	7825
1231	232
3631	2619
10483	9501
4738	3751
6646	5634
9832	8841
7596	6581
8984	7984
8616	7599
6071	5072
4925	3921
2383	1392
5667	4678
7365	6346
6957	5961
9523	8514
5026	4013
6055	5059
8784	7783
5696	4698
3198	2209
1635	645
2230	1246
7627	6643
9310	8329
9438	8449
6952	5962
7629	6618
5387	4393
6949	5930
10245	9250
2342	1324
10087	9069
10192	9192
2566	1577
6887	5867
1350	336
8724	7710
6742	5739
5651	4643
5052	4048
8793	7790
7614	6604
8999	8006
2786	1780
4232	3241
2740	1727
4780	3773
1597	597
2846	1854
10963	9961
1144	135
6389	5389
3772	2760
5519	4526
7498	6478
7886	6877
4752	3737
6632	5615
8710	7708
2543	1562
8042	7059
9476	8460
7252	6244
6143	5140
5795	4815
6537	5554
4694	3696
2477	1491
5510	4503
2764	1763
8856	7849
5948	4940
6334	5345
3018	2012
5883	4870
3971	2988
1247	252
7521	6501
4174	3179
8987	7991
10019	9026
996	1
7831	6814
4779	3766
2569	1568
3113	2124
10635	9643
7725	6733
3182	2165
2143	1155
8004	6995
4809	3803
6628	5643
10311	9314
9581	8601
3712	2724
2137	1117
3862	2868
2826	1839
1203	204
4182	3201
2455	1472
3984	2978
3546	2540
9997	8986
2624	1617
4048	3040
8678	7687
2742	1735
4149	3133
7742	6753
3802	2808
3362	2377
6645	5657
7837	6820
2408	1401
8643	7655
5306	4316
4632	3636
9647	8664
1830	814
7146	6136
3490	2475
8721	7727
10433	9428
4604	3597
8038	7035
2522	1512
6431	5438
10576	9588
7283	6275
7679	6667
10061	9057
9965	8953
3810	2806
9466	8446
5756	4752
9360	8365
1558	558
5411	4418
4745	3752
7828	6812
9976	8996
6181	5174
4043	3042
2966	1960
5039	4029
3139	2134
1673	670
7861	6876
6010	4999
9755	8749
2639	1626
10157	9167
3100	2105
10408	9401
2037	1032
2344	1346
8281	7271
3031	2016
4727	3707
6309	5299
9173	8193
9104	8112
2681	1690
1237	239
9841	8835
4461	3473
5309	4327
1851	870
10945	9925
1084	86
9758	8756
6705	5690
10982	9974
10145	9128
1264	246
9182	8202
4699	3713
4890	3907
9550	8547
8969	7970
5065	4072
