500	1862265
9748	8766
3467	2460
7049	6052
1092	94
8807	7787
8044	7055
3350	2346
8850	7857
5162	4170
5200	4193
1155	151
4609	3602
3008	2018
6335	5336
9726	8725
3272	2286
4946	3964
7735	6753
9365	8351
8267	7260
9658	8648
3738	2738
5951	4960
9864	8863
9292	8275
10637	9647
3951	2971
6617	5634
6105	5125
6062	5052
8620	7622
2165	1152
2449	1467
9318	8318
3721	2710
5310	4328
10360	9360
4686	3675
6988	5970
10323	9341
1375	356
1988	980
5310	4315
10154	9159
2236	1217
9203	8194
2994	1998
2700	1715
4039	3052
10246	9228
7270	6273
5430	4420
8160	7164
8136	7150
7994	6989
5891	4881
6066	5048
1066	57
10063	9066
8587	7606
4916	3926
10058	9078
7230	6226
2323	1327
9606	8591
7770	6765
9385	8400
3955	2957
10005	8989
5458	4448
6211	5208
1327	316
2861	1858
5576	4572
10838	9849
5382	4375
7146	6146
4057	3061
5493	4507
4016	3005
2884	1893
2362	1343
9191	8182
1562	547
9914	8928
3054	2061
8422	7426
4888	3883
10451	9463
5371	4364
10911	9931
9936	8935
10048	9045
9881	8894
4463	3483
9545	8536
9687	8699
10974	9992
4953	3959
3999	2993
3762	2767
3487	2500
6663	5658
3760	2765
7032	6046
8277	7265
3596	2582
7987	6982
1570	590
10800	9782
1945	930
3565	2575
7519	6510
6592	5586
6935	5935
3217	2237
4561	3580
7308	6317
5519	4505
5601	4597
1810	827
8946	7948
7399	6416
10061	9044
3635	2649
10850	9844
2683	1675
3574	2569
2852	1832
1552	560
9839	8837
1627	621
9304	8296
3269	2278
7235	6219
9752	8733
10006	9010
5175	4155
5304	4290
7886	6900
5685	4684
3647	2659
9382	8399
6781	5784
3197	2217
1246	230
5352	4342
9672	8677
3826	2840
6273	5263
5424	4425
1589	607
3867	2884
5631	4621
9713	8714
9778	8796
7143	6128
2610	1604
4172	3168
5855	4862
7144	6144
10399	9389
3974	2991
8173	7170
4842	3840
3357	2369
8273	7270
1235	242
8731	7744
7769	6775
9683	8664
4240	3246
2456	1438
10109	9093
1397	386
7847	6855
10500	9518
6234	5244
3346	2360
10571	9565
10268	9271
5646	4654
2451	1465
5388	4399
5861	4877
8131	7115
5385	4383
5842	4830
1660	640
10388	9401
7115	6120
4083	3079
4586	3597
9300	8283
9155	8167
6573	5576
7472	6480
9501	8504
9893	8913
8621	7636
10923	9923
3345	2326
5369	4361
7652	6665
9547	8527
6012	4992
9702	8693
4477	3459
9808	8825
10611	9599
5466	4476
10040	9052
2936	1933
7692	6680
8535	7528
9480	8500
6654	5636
10616	9617
4619	3609
8910	7916
9804	8812
3174	2168
1718	703
10035	9030
10101	9087
7693	6690
2884	1865
9685	8666
3374	2381
9927	8921
2975	1984
4411	3409
3010	1997
9151	8148
4798	3803
2131	1118
6812	5811
2973	1972
9055	8067
9857	8838
2234	1228
10664	9680
1875	893
7125	6118
10923	9914
9408	8425
2786	1799
4532	3518
3887	2873
988	2
10298	9281
9568	8564
9524	8516
2300	1302
7239	6228
9448	8452
5089	4086
5828	4819
1781	768
5659	4646
1120	139
6526	5508
1425	418
9729	8741
2819	1815
1788	790
6528	5542
9093	8102
8456	7466
2685	1670
2304	1305
5202	4187
6684	5695
8291	7302
1848	865
2622	1616
8021	7035
4762	3769
9288	8304
5062	4050
7103	6085
4253	3241
7611	6611
3708	2692
3113	2127
9792	8806
9057	8068
10512	9510
9399	8408
4008	3007
9186	8189
6250	5235
7746	6756
6579	5588
3884	2869
7295	6278
3860	2880
6583	5600
3642	2622
8938	7939
9253	8252
3759	2768
4343	3331
6089	5099
3186	2185
4072	3061
3574	2578
992	2
2403	1419
5540	4520
4650	3659
4477	3460
9724	8718
1525	542
3599	2616
9483	8477
2857	1868
4285	3297
4667	3658
1552	540
5777	4771
6905	5923
1759	740
6964	5957
6162	5180
6646	5660
4075	3071
7346	6330
1157	150
5917	4910
4097	3080
5791	4804
7262	6246
1516	506
3137	2132
6614	5632
5273	4285
7995	6982
8896	7888
6674	5671
3618	2600
8024	7021
3698	2705
7732	6723
1531	532
2306	1315
1408	413
3374	2392
9707	8693
1791	777
2806	1800
5954	4954
4072	3058
7240	6224
1922	940
3166	2170
2466	1470
1537	520
5075	4082
10438	9441
2550	1534
9876	8890
6030	5037
2369	1384
3421	2401
9485	8489
6901	5889
5197	4205
4359	3367
2026	1024
5647	4628
6914	5899
3041	2058
2528	1526
3331	2339
6245	5233
5290	4289
4166	3156
7481	6471
4767	3772
8791	7808
4801	3811
9374	8374
3327	2331
7715	6698
7676	6670
4427	3410
3891	2879
6175	5157
7895	6887
9817	8801
3768	2774
5571	4557
8811	7807
2464	1473
9037	8027
5754	4751
10273	9278
8235	7231
4263	3258
7746	6752
3096	2082
1214	223
1615	597
2151	1140
5985	5004
1793	801
8790	7788
2060	1047
8364	7344
4798	3794
5008	3990
3438	2443
5721	4731
4353	3343
7061	6057
6541	5557
7516	6523
8698	7680
5630	4620
3615	2629
10060	9064
9765	8753
8509	7523
8984	7982
7840	6855
7790	6791
7513	6506
5680	4682
3565	2555
5431	4429
3052	2052
3028	2037
4692	3705
7187	6206
8710	7703
4982	3979
3953	2950
3820	2835
6359	5360
6008	5025
7805	6792
9986	8977
1992	994
8915	7910
9644	8631
8084	7073
2376	1381
10397	9398
5988	4999
2162	1151
6112	5120
5327	4337
2479	1491
2146	1148
7807	6819
10657	9648
7996	7003
5747	4737
1294	312
7698	6680
7969	6976
6909	5925
3125	2106
8824	7813
4941	3936
5436	4433
2952	1964
5392	4404
10664	9674
2443	1433
1022	26
6074	5077
6450	5455
2311	1295
2808	1801
10399	9382
1972	992
5540	4550
9044	8058
1930	950
9944	8948
6609	5596
1960	944
2053	1065
6216	5211
7057	6062
7640	6647
8338	7345
2095	1084
5240	4244
10755	9739
3356	2348
2218	1218
7702	6686
7575	6555
10257	9237
4144	3153
8656	7676
2041	1055
