500	645752
8948	7949
9640	8647
8215	7207
6860	5845
10332	9340
8398	7387
10520	9536
3092	2073
7646	6660
8771	7774
10706	9725
4370	3387
6007	5026
10456	9439
9514	8529
6376	5372
7001	6017
7462	6469
3499	2513
6917	5932
10385	9393
8011	6995
5413	4403
4687	3688
9868	8876
1969	960
4751	3754
7194	6212
9457	8446
8611	7603
5058	4049
7625	6607
9512	8517
7742	6735
4669	3681
4672	3679
4920	3933
10239	9245
4535	3517
10075	9081
8942	7925
5713	4693
4382	3372
9094	8094
5553	4562
3770	2764
4849	3842
4669	3660
8999	7991
5855	4849
3941	2926
3497	2480
8500	7499
9138	8147
2252	1251
10367	9357
10596	9605
3939	2954
4726	3708
7552	6533
8684	7683
6449	5447
4868	3876
1346	345
5098	4091
1356	340
9606	8595
1184	186
6628	5634
4996	4008
9740	8745
10972	9978
3123	2135
9002	7982
4712	3703
9191	8211
2700	1713
5187	4184
2171	1153
3586	2570
1385	399
8166	7150
4888	3899
10129	9127
1203	198
9059	8055
7764	6760
7191	6182
6052	5032
9338	8353
3718	2703
1815	803
1983	964
1920	907
2137	1127
10140	9141
8282	7298
4975	3985
10826	9833
2848	1854
7851	6858
8818	7829
9988	9003
1666	664
2628	1615
8154	7165
5153	4137
3313	2328
8307	7307
3673	2677
5722	4718
1830	818
8747	7758
10597	9583
2474	1478
1158	160
9674	8678
10938	9934
1618	612
10210	9199
1606	617
7880	6891
4446	3457
6479	5497
5603	4584
8289	7305
10100	9105
10918	9925
9591	8573
6622	5609
7502	6489
4388	3377
4895	3876
2210	1226
10508	9488
6607	5626
5028	4011
2270	1281
2463	1483
1354	338
2736	1742
6920	5912
6236	5235
4216	3201
1428	443
6467	5474
7430	6436
2080	1082
8302	7306
6529	5534
2955	1972
8821	7827
2806	1798
3990	3000
3671	2664
1211	224
6207	5205
5019	4035
7072	6062
4134	3123
10728	9733
2792	1780
6140	5146
3946	2950
9920	8936
10463	9482
7490	6498
7568	6568
4366	3370
9259	8267
9289	8300
1192	191
2921	1919
6940	5924
1057	61
10933	9932
5667	4657
7151	6152
9376	8369
3931	2936
10663	9660
7335	6338
4624	3632
3757	2744
10388	9393
10673	9682
6082	5100
10482	9476
5446	4427
5863	4868
1787	790
6888	5893
3468	2459
6192	5211
1925	926
9928	8927
4902	3888
4882	3901
6548	5530
5334	4334
8524	7522
10145	9134
3133	2128
1916	900
8203	7218
6984	5990
7720	6711
2940	1931
5725	4712
6415	5428
7255	6267
2159	1154
7503	6517
2333	1321
3475	2463
7886	6894
1815	825
5155	4171
5487	4490
10544	9563
4450	3444
10153	9144
1281	264
1164	161
1699	695
6927	5929
1809	817
8220	7234
1447	431
8845	7856
9042	8054
9602	8606
7886	6895
5389	4369
7208	6214
4886	3902
8197	7201
7256	6269
7200	6206
4379	3395
7723	6735
6404	5420
4395	3398
2263	1272
7078	6077
6147	5163
9371	8354
1061	76
6145	5162
10299	9316
9107	8103
9110	8093
7647	6647
6915	5910
1941	926
2474	1486
2970	1959
7186	6177
1363	378
10127	9129
7659	6660
8515	7523
4199	3215
7811	6792
5092	4073
9621	8625
9752	8739
7187	6196
3218	2227
4898	3895
5709	4714
1444	427
5372	4368
6026	5030
2370	1371
7010	5991
3462	2446
9824	8842
8859	7872
5565	4577
1187	167
7261	6247
2373	1356
5114	4131
2205	1189
3086	2098
5129	4125
3518	2498
3715	2726
8586	7591
4557	3540
7145	6153
5014	3996
8989	7974
3377	2363
5844	4844
4016	3031
9286	8303
2565	1583
5214	4223
9928	8947
2637	1639
5003	4015
1644	636
3647	2640
7977	6996
4912	3921
7822	6814
5838	4841
7404	6387
10199	9205
5957	4955
8465	7452
1338	352
10868	9856
3617	2615
5258	4268
10829	9811
5855	4863
6600	5611
4518	3501
3672	2665
9924	8926
10452	9466
10584	9579
8746	7733
8347	7342
3998	2998
4261	3266
10389	9381
4523	3504
8451	7459
8281	7263
10196	9215
9932	8912
1074	88
6392	5400
5268	4260
6513	5500
9573	8571
4478	3464
2126	1128
8465	7467
9545	8533
1965	958
4200	3215
4971	3957
7059	6039
10038	9055
4035	3043
6230	5215
4012	2996
7136	6143
5164	4169
6367	5376
9876	8874
9699	8705
1321	320
10362	9368
6171	5185
1771	767
10813	9819
9182	8194
5397	4385
8233	7237
9976	8990
4516	3505
7907	6890
9347	8331
2823	1832
9518	8511
7125	6129
10099	9092
8009	6992
6634	5625
8320	7313
6272	5278
6693	5682
4367	3375
3011	2004
7499	6499
5155	4169
6951	5945
5932	4930
7748	6761
7234	6233
4014	3006
2177	1168
9322	8311
1534	550
9332	8334
2433	1435
7022	6006
9574	8567
1283	272
7467	6477
2858	1856
8534	7522
2050	1044
6563	5551
3270	2283
7609	6625
1858	876
6231	5215
2195	1210
3872	2865
3710	2706
8586	7594
9256	8247
6440	5426
10278	9266
5292	4292
8570	7581
8476	7474
1549	568
6576	5578
1498	516
7356	6336
1706	708
2584	1603
6220	5238
4428	3444
4750	3730
4575	3556
5050	4067
4495	3494
10885	9865
10591	9605
5581	4591
5559	4543
3263	2272
6475	5484
4470	3454
9394	8403
4510	3521
6928	5914
9237	8244
9889	8897
7636	6652
4284	3300
3344	2325
8501	7496
4820	3834
3950	2951
7597	6588
1567	574
9710	8718
1410	400
9903	8887
2959	1952
3519	2533
1446	463
4951	3963
2995	1983
2011	1022
10030	9013
2965	1949
9980	8970
9762	8747
4006	3007
4163	3151
11005	9998
7891	6892
10885	9895
5251	4243
4832	3822
5343	4354
10352	9348
6093	5098
2367	1385
8630	7627
9048	8067
6163	5145
4127	3127
6300	5306
7468	6451
8068	7072
10101	9120
6084	5103
5740	4743
6190	5170
10915	9899
2500	1517
4535	3521
5908	4906
10337	9322
8533	7534
1118	108
6904	5918
9645	8665
2567	1579
10719	9700
2764	1748
10839	9823
10634	9630
10222	9231
7043	6026
3031	2016
9038	8050
3854	2837
