500	2200385
1684	675
3133	2122
3057	2042
3381	2384
4685	3687
9787	8782
4726	3726
3004	1992
10611	9619
10156	9139
4926	3915
4720	3707
1180	178
8548	7529
9454	8453
9886	8867
4788	3779
9679	8676
5732	4747
6220	5221
1575	568
3135	2145
4041	3048
9796	8784
7634	6620
3878	2869
3121	2102
3484	2498
6688	5694
2472	1455
3658	2663
10528	9515
5787	4806
8805	7807
4910	3930
1765	785
1293	292
7363	6380
8333	7330
1010	9
9236	8237
9590	8609
8378	7390
3463	2462
8450	7448
8082	7083
1607	590
2102	1113
2269	1289
5840	4834
5275	4265
1319	317
10751	9758
7416	6428
1133	141
1115	117
7369	6378
5306	4287
4799	3786
3185	2198
2664	1682
10165	9150
10786	9770
1157	167
6371	5390
8694	7674
9642	8633
3674	2692
5655	4636
1321	333
2719	1722
2738	1722
3699	2682
4009	2990
7267	6283
5697	4681
2163	1143
6368	5383
3981	2967
4899	3910
1268	282
9581	8562
6116	5124
1349	335
10247	9263
3944	2946
5825	4812
5996	4986
10187	9178
5949	4931
7489	6478
6653	5670
3686	2697
3952	2959
9648	8636
2007	990
8615	7603
7843	6857
1272	277
9116	8103
10563	9555
5455	4452
9092	8074
1454	446
10603	9598
8320	7319
9222	8218
5806	4825
8972	7984
1275	269
8529	7510
3940	2950
5564	4571
2477	1481
4125	3105
7166	6184
6102	5091
7969	6983
5387	4400
6773	5761
3120	2136
2488	1473
7821	6815
3323	2336
10026	9041
4763	3751
10284	9274
7837	6834
4285	3271
2453	1465
1674	669
2297	1288
3037	2046
3332	2345
5235	4220
4836	3849
1399	380
1898	918
2858	1841
4467	3459
9747	8753
6458	5473
9335	8349
8649	7656
4568	3588
9856	8849
6695	5707
7738	6728
2010	1015
1291	298
10954	9971
6118	5121
9270	8264
10751	9767
10907	9918
1163	152
8026	7018
6812	5802
2220	1231
6996	5979
1885	877
5931	4933
5220	4238
9996	8999
5975	4977
9405	8410
8578	7581
3702	2722
7436	6424
8141	7121
9619	8629
8663	7657
4444	3437
4771	3751
7369	6361
9329	8334
7959	6952
5730	4732
7013	6031
2047	1031
2696	1693
8993	7989
6960	5946
4010	3007
4627	3627
10557	9540
5732	4736
8207	7202
1354	362
10323	9305
2053	1053
4072	3073
5502	4502
5089	4087
9548	8530
4743	3759
10840	9825
7516	6527
8135	7119
10321	9319
9846	8845
4756	3754
8168	7156
9250	8262
9175	8174
5817	4831
1159	179
10617	9632
3839	2822
2442	1424
2804	1790
5537	4521
1561	565
8798	7786
9699	8716
9862	8872
4833	3852
10783	9782
7204	6185
6694	5698
4656	3654
1607	623
9156	8146
7223	6211
6758	5777
9134	8138
6339	5348
10504	9510
2465	1468
2607	1627
3004	2002
3609	2616
9879	8888
1774	785
9939	8951
3720	2719
7955	6950
7668	6663
4572	3585
4916	3934
5466	4482
9309	8322
3390	2403
1425	425
2913	1915
6782	5776
9463	8477
1254	269
10832	9843
2469	1469
3927	2946
3061	2062
6980	5981
10215	9231
5254	4241
3779	2781
1093	79
4023	3025
7560	6540
10475	9468
9446	8441
9267	8284
9211	8220
6294	5286
8395	7395
5327	4307
9814	8828
2618	1616
5570	4557
5073	4077
9206	8223
2217	1200
8976	7980
3807	2789
8079	7072
7202	6216
6398	5397
7645	6642
8311	7296
7565	6552
5403	4415
3437	2457
2304	1316
8691	7711
7429	6449
4037	3022
1961	941
6272	5286
2034	1030
3364	2382
4217	3233
7296	6291
5787	4769
4615	3596
8635	7648
10675	9687
6587	5574
4319	3338
1965	959
7461	6461
9357	8363
1775	771
2764	1757
9605	8591
5049	4063
4470	3484
1006	13
1276	262
6813	5800
7540	6537
1332	346
5080	4094
4392	3399
5333	4318
3793	2800
3594	2606
1129	110
7998	7004
6987	5997
8936	7945
2797	1796
1745	758
2093	1103
4448	3444
10460	9468
9547	8560
3654	2663
5900	4880
2205	1197
3627	2619
10437	9435
7307	6297
9146	8160
7229	6244
8451	7451
5040	4056
10807	9807
3831	2841
10411	9403
6930	5942
8215	7214
1709	700
6352	5368
3436	2428
5850	4839
9639	8657
10137	9152
6699	5699
8393	7408
6754	5748
3616	2610
5432	4428
7588	6578
2233	1219
5174	4159
4512	3522
2673	1666
6951	5968
2992	2003
2446	1433
4222	3236
1796	804
3040	2030
9723	8724
9263	8256
9774	8786
1177	183
5953	4943
9822	8838
10525	9524
8089	7074
6110	5112
3554	2550
2193	1194
6439	5424
10144	9163
7921	6939
9477	8467
4694	3713
4363	3363
10238	9232
1567	574
4743	3723
10935	9945
6563	5578
2752	1768
10366	9350
8855	7865
2148	1128
3331	2346
1095	89
3468	2466
2611	1614
6635	5626
3847	2830
8039	7059
3130	2122
6080	5099
6380	5365
4753	3742
10592	9587
7174	6186
5326	4309
6651	5659
9858	8877
4807	3816
5069	4064
9867	8853
7525	6533
8906	7907
3429	2419
6265	5276
9793	8799
3445	2452
8790	7786
6216	5222
6663	5680
9355	8342
10161	9157
4771	3770
2205	1188
10897	9890
4699	3697
3436	2452
2509	1506
10436	9441
1198	211
2094	1083
4913	3912
8939	7959
4472	3465
4275	3294
8378	7367
8759	7776
2796	1812
1069	78
10022	9015
6130	5145
5424	4418
3806	2802
6896	5885
3335	2320
10869	9849
3587	2569
4078	3063
3613	2604
6628	5639
9188	8198
10412	9432
10621	9617
5091	4101
6115	5133
3553	2552
6675	5667
8827	7823
10436	9425
9072	8076
4899	3890
8680	7686
9344	8331
2503	1520
2647	1661
1125	142
1930	910
5755	4743
7743	6760
3172	2170
10499	9504
5332	4339
8206	7201
10391	9388
8872	7887
2291	1271
8646	7655
9847	8842
4662	3663
1270	257
6588	5598
7220	6206
1536	544
6268	5287
2466	1446
2283	1296
4111	3106
3704	2695
9606	8589
7643	6635
3344	2338
2164	1163
4126	3146
1956	940
7770	6773
6936	5917
6364	5364
4873	3865
1108	100
5456	4446
5595	4607
6117	5109
1783	786
