500	1246382
6208	5203
2166	1159
1952	969
4286	3269
10064	9055
6652	5653
7362	6354
3831	2834
9598	8586
3284	2297
8338	7332
8744	7731
2751	1754
4200	3185
3222	2232
8405	7389
5376	4390
6717	5728
7720	6721
8401	7388
4948	3951
7312	6296
2045	1025
1783	772
4627	3623
3983	2978
8768	7772
4953	3971
2048	1045
2429	1439
4342	3345
10047	9042
4520	3525
7238	6219
8323	7310
1632	647
9698	8687
6944	5934
1855	852
1119	127
5203	4199
3166	2171
3334	2315
8096	7092
9919	8931
7039	6047
10774	9771
10341	9344
10247	9232
3555	2562
3672	2684
10192	9175
9842	8848
1901	912
5533	4541
4040	3034
6589	5584
6661	5663
1410	429
1099	109
2271	1252
3478	2463
4614	3621
9009	8006
9359	8354
8454	7449
7509	6501
6347	5352
6970	5950
10237	9255
8597	7582
5206	4218
10127	9125
5877	4862
6982	5998
6458	5454
2888	1892
10278	9298
7311	6291
3848	2858
10274	9256
2887	1867
3323	2311
6729	5723
9580	8590
9305	8315
9148	8132
3208	2216
9503	8485
4077	3094
1733	716
1431	450
6782	5783
3303	2317
7284	6291
3774	2764
6313	5299
8327	7322
8765	7753
10558	9573
7047	6063
2002	997
3563	2559
7326	6336
6455	5472
3119	2099
7100	6117
3197	2181
8514	7496
2631	1651
1428	428
9238	8225
6487	5486
2180	1182
4620	3635
4584	3582
7377	6389
3900	2916
5539	4542
9576	8571
10234	9236
4117	3137
8260	7270
10043	9032
10092	9072
10264	9247
6046	5026
9918	8900
6033	5046
5691	4697
10132	9152
5090	4093
3660	2659
5343	4324
6585	5574
6306	5324
4293	3280
5163	4156
10096	9081
9840	8851
4966	3960
7741	6761
7536	6555
7047	6042
10249	9262
3103	2106
10776	9780
4532	3527
5282	4265
4918	3922
7553	6555
3241	2247
9434	8447
6080	5063
9304	8320
1522	523
5291	4295
9083	8099
5402	4386
5935	4925
9679	8675
3444	2456
1472	486
1755	775
2767	1750
9029	8028
3086	2102
4923	3903
2094	1105
4482	3464
2560	1573
7478	6480
3205	2202
6215	5218
7276	6296
7328	6334
5102	4117
2446	1444
9337	8321
4100	3101
6851	5849
5389	4383
10689	9688
7978	6962
8422	7434
3251	2234
3223	2215
10679	9678
4320	3327
9870	8857
4682	3700
10289	9300
4877	3893
3627	2624
2454	1474
8194	7208
10797	9783
2705	1717
4697	3714
5325	4337
3488	2480
5296	4276
10860	9845
7670	6685
8095	7105
7197	6203
2424	1424
6455	5463
7937	6918
7487	6506
2512	1510
4887	3897
6625	5641
10564	9576
2926	1917
3143	2157
2858	1852
7509	6490
3774	2794
1348	364
9257	8240
1039	29
8556	7564
3915	2935
6842	5840
9549	8558
3371	2381
7137	6150
2305	1289
2274	1256
7354	6351
1198	216
8991	7996
1767	776
4446	3442
4443	3451
6549	5536
5118	4107
1999	980
10751	9757
4328	3324
4897	3915
6688	5695
5011	4003
6297	5298
6819	5825
9811	8804
2052	1048
4691	3671
5019	4002
1643	632
3857	2847
4401	3398
7183	6198
3152	2162
10357	9354
2755	1760
8979	7978
6864	5883
5956	4947
8913	7915
4870	3880
7850	6835
5271	4270
7202	6202
10878	9881
8878	7895
5073	4067
9628	8624
9707	8715
10184	9204
9397	8391
1510	527
5774	4772
9598	8611
10209	9198
8385	7374
7384	6386
3929	2947
3809	2793
9666	8650
3880	2882
2775	1787
7744	6728
9101	8112
1160	171
10862	9847
8131	7150
9071	8051
4286	3266
2344	1356
1094	90
5390	4381
8569	7569
2051	1044
2154	1169
1466	478
10402	9397
5213	4215
3831	2812
5943	4955
4263	3243
2525	1516
6881	5871
6570	5585
4678	3668
4712	3727
7325	6322
8231	7225
7660	6653
9593	8575
9173	8183
5346	4360
2900	1896
10232	9233
2139	1134
3371	2388
10140	9155
8498	7502
3730	2716
7952	6954
7723	6738
9659	8676
8360	7351
8034	7019
7681	6699
2014	1005
2448	1464
10077	9085
6910	5918
9277	8296
10142	9135
4158	3158
7993	6997
6423	5414
6114	5116
3235	2247
5734	4743
1028	28
10171	9185
1981	995
2086	1068
4931	3934
6553	5566
9881	8884
8751	7758
6807	5815
7953	6937
2637	1625
3955	2957
3209	2204
6261	5252
9482	8498
5835	4815
3353	2361
10017	9035
4516	3531
3266	2284
4984	3974
7545	6545
2230	1246
3597	2585
5388	4391
2608	1609
7464	6473
9307	8307
6946	5954
3570	2569
6796	5791
6739	5723
8396	7416
8167	7159
7009	5989
4219	3212
3468	2449
5334	4317
7296	6287
5273	4284
8610	7605
6396	5379
5654	4637
3767	2755
10934	9944
3106	2125
1139	122
8690	7697
2719	1733
1280	299
9800	8813
1196	207
7596	6595
6139	5138
3414	2404
3041	2028
3913	2903
10325	9322
6981	6001
8265	7245
4384	3378
1625	610
3317	2318
8485	7483
5959	4942
6589	5579
8254	7272
6839	5827
5250	4239
1947	962
1808	795
4786	3771
5000	3983
8057	7051
4282	3301
1370	365
1255	275
6626	5623
10125	9140
10581	9580
6921	5903
6765	5756
1102	101
9928	8932
1766	771
10193	9197
7242	6254
2887	1899
9240	8258
6145	5130
1729	742
9210	8218
5766	4771
4210	3207
9731	8722
6768	5755
9381	8376
5750	4766
5830	4838
6805	5801
4996	3992
5347	4332
8666	7677
5823	4826
9808	8820
9515	8509
3927	2947
5371	4386
4720	3704
1163	151
2428	1425
1649	632
2590	1589
6207	5195
10189	9209
4860	3865
9220	8216
2728	1710
6039	5019
7920	6908
5310	4303
6401	5421
7516	6507
7420	6404
1424	404
3590	2598
9941	8930
5820	4830
4706	3690
2141	1152
7408	6418
10852	9865
3856	2852
1848	860
4610	3604
6789	5807
2788	1776
3648	2645
8428	7410
9230	8216
1496	497
4688	3688
6401	5420
7757	6741
10744	9737
7005	5993
5403	4384
5519	4505
10339	9351
6935	5950
1363	368
6043	5048
10440	9459
5063	4043
4459	3451
10030	9049
6903	5913
8360	7356
7987	7002
5598	4615
2708	1713
7744	6756
