500	1278286
1038	39
2362	1366
10486	9486
8338	7356
6861	5853
9437	8453
10060	9056
6293	5310
7991	6996
7629	6626
9770	8783
2687	1673
5789	4769
7861	6851
7013	5999
1470	468
5876	4860
2914	1904
2698	1709
9515	8522
4791	3809
7311	6316
10741	9743
4826	3814
7227	6229
2264	1266
2099	1119
7323	6342
9273	8254
6081	5071
9193	8210
7399	6396
6977	5994
8363	7372
8181	7196
7098	6108
6447	5458
8994	7997
2852	1835
3768	2783
1191	201
8622	7630
8176	7183
7526	6507
7946	6954
4059	3076
7763	6769
2756	1768
8850	7868
6247	5231
7419	6402
8922	7910
6324	5316
10843	9843
8007	7018
4832	3813
5446	4441
10047	9055
10636	9649
10124	9132
10663	9667
5491	4485
6748	5765
8483	7465
4195	3203
9929	8912
10123	9113
8790	7780
10632	9613
4799	3792
8903	7902
9820	8809
4787	3778
8198	7217
5216	4217
4507	3501
1052	67
9165	8147
1962	960
9398	8391
7121	6106
2517	1507
8359	7355
2158	1174
3823	2840
7256	6270
2233	1216
8938	7936
7190	6192
9150	8165
3956	2941
7818	6823
5349	4343
2670	1674
1173	166
10001	8990
1364	346
4733	3733
1656	649
6774	5776
5927	4930
6933	5921
1729	713
8301	7287
1515	527
1258	264
1151	138
9321	8310
4524	3514
8034	7044
3998	2983
3414	2419
8416	7429
6372	5375
3447	2436
10180	9165
3881	2879
10533	9522
7411	6420
9525	8506
9343	8327
5070	4085
8878	7894
9325	8342
6991	5975
5483	4483
5350	4361
1333	325
3298	2318
4290	3306
8983	7986
4059	3075
8736	7726
7494	6514
4948	3933
2502	1483
5394	4405
10246	9229
5317	4333
2184	1195
7681	6697
4415	3426
2390	1371
10068	9049
5417	4409
8060	7046
1398	391
9095	8100
6731	5734
3252	2259
1294	297
5893	4887
7281	6298
9686	8690
3673	2688
2979	1969
1136	155
6534	5522
6839	5840
7252	6244
1155	137
6292	5301
8969	7958
1730	722
6251	5247
7608	6620
1972	962
7708	6696
1163	179
8023	7022
5484	4501
6516	5496
9937	8919
2327	1319
9148	8134
1048	35
10142	9137
6221	5218
2111	1119
4906	3921
7237	6219
6780	5768
9078	8067
3764	2780
7853	6836
4770	3761
4280	3281
10682	9674
2664	1660
4274	3289
1068	49
4212	3192
4804	3807
7300	6297
7706	6693
7662	6657
2793	1790
4494	3496
7943	6932
4613	3600
8783	7766
5536	4549
10351	9347
3840	2837
6695	5679
8681	7684
5137	4127
9641	8656
1093	104
10348	9351
5889	4886
1949	946
9692	8702
7777	6779
10929	9940
9575	8558
4744	3756
10385	9380
10769	9771
6331	5342
8323	7343
7729	6711
7487	6479
7893	6913
9522	8525
6119	5125
7574	6562
4297	3299
8890	7904
10593	9605
6431	5433
8235	7236
4988	4003
5787	4782
7461	6461
9876	8875
4263	3278
10511	9518
9024	8028
5557	4563
9960	8940
9531	8530
6068	5088
10317	9335
4515	3512
2202	1219
1649	649
9944	8947
10262	9249
5066	4046
10851	9849
7806	6826
2830	1830
6711	5720
2974	1954
7136	6124
7267	6281
3965	2968
10221	9234
9883	8896
1197	204
3689	2704
9862	8846
5335	4323
2726	1713
10550	9558
8160	7147
7024	6025
4895	3905
7428	6445
3943	2946
7069	6087
9625	8636
7443	6463
10866	9874
1775	776
3200	2202
9847	8864
5414	4423
9480	8478
3412	2431
6825	5807
1760	771
2638	1650
4406	3407
5370	4359
1593	601
4441	3459
6533	5525
8520	7527
1502	508
10603	9611
7599	6613
5576	4573
6641	5646
5331	4335
4280	3280
2370	1379
3404	2399
10551	9532
10678	9663
7694	6695
9964	8953
4068	3062
4041	3035
5706	4710
7134	6124
9702	8709
10093	9102
7736	6726
1885	895
1961	965
3354	2372
3570	2587
5552	4538
4375	3371
6083	5073
3581	2583
1990	971
7630	6617
5674	4668
5348	4356
4735	3754
9989	8977
7117	6115
3971	2952
4954	3945
5523	4515
10059	9072
4613	3601
8117	7098
8391	7408
7648	6655
5917	4910
8353	7347
6459	5454
2197	1215
2288	1306
5018	4038
1206	221
5899	4890
5386	4404
10212	9198
8375	7393
3839	2828
2799	1808
3186	2171
1613	626
5862	4855
9619	8608
3516	2518
4097	3079
5304	4293
3246	2244
10659	9664
3034	2027
8521	7509
8903	7891
5098	4101
4077	3090
9054	8049
8630	7647
9160	8149
9011	8026
7493	6479
1546	547
9243	8232
3740	2759
4645	3638
2171	1162
1500	480
5791	4796
6656	5669
6546	5549
4783	3763
6531	5513
4554	3561
8644	7646
2616	1629
6448	5430
5883	4896
2941	1929
5480	4483
9898	8885
2239	1223
4317	3327
9973	8957
8767	7753
3670	2654
10488	9479
6091	5078
4805	3810
5880	4869
9451	8449
6944	5958
5884	4864
1585	567
10021	9030
10088	9082
5056	4057
992	7
2229	1238
2780	1783
9847	8867
10355	9366
10822	9816
9764	8777
4698	3709
3757	2765
2620	1606
8341	7346
5144	4129
7227	6232
9166	8162
1749	760
6345	5342
8561	7574
4009	2994
6126	5108
7745	6729
6285	5265
6249	5230
9503	8506
10216	9228
2812	1795
4066	3059
7701	6696
2899	1904
5171	4185
10154	9139
4974	3973
9474	8461
4154	3140
1586	573
4157	3166
10831	9814
2932	1941
10351	9343
4348	3333
2230	1248
4791	3782
3560	2579
2920	1937
1999	1009
6998	5984
6952	5948
4811	3824
7612	6604
3447	2446
2774	1756
1144	152
9598	8599
8040	7028
9862	8873
5605	4616
4898	3890
2449	1465
9243	8225
6378	5393
8425	7435
5141	4148
8773	7766
4377	3375
4177	3183
4957	3947
7109	6107
6947	5966
8399	7379
2316	1324
11001	9984
1517	502
9457	8453
3211	2207
8321	7311
6577	5587
5931	4943
5104	4099
1885	895
3638	2628
3054	2058
4900	3901
1521	515
6895	5901
3588	2579
3195	2185
8581	7580
7882	6868
2143	1143
3924	2925
5446	4437
6686	5680
9783	8803
6077	5091
10867	9884
5001	3990
6009	5017
989	7
1197	191
8177	7169
2548	1547
