500	1910516
1227	232
9643	8661
5974	4994
3688	2700
4135	3153
3636	2642
2533	1516
7599	6598
7921	6911
10057	9075
6317	5325
4631	3641
9720	8715
4555	3550
6314	5297
9005	7988
2951	1957
4789	3786
9640	8658
3074	2059
5123	4128
5581	4587
5992	4976
1590	570
5872	4892
8115	7118
1328	330
2913	1900
7406	6393
7683	6696
1623	631
3397	2385
9279	8296
1901	889
5676	4696
7919	6910
7723	6721
3643	2650
2595	1598
4625	3631
1035	50
4031	3048
4282	3273
9234	8225
9384	8386
2220	1221
7658	6647
1893	886
2311	1308
1620	640
4686	3668
8091	7078
10067	9061
7572	6572
9157	8166
3168	2165
8952	7964
1525	528
3460	2449
9814	8794
6554	5570
5625	4617
9469	8469
2857	1842
6807	5793
6898	5879
10551	9556
4923	3936
7943	6933
3281	2285
5336	4327
7021	6026
7892	6887
1574	558
1780	762
9597	8590
1879	872
10899	9908
3057	2069
1944	940
7653	6636
2683	1695
9898	8911
5851	4860
3652	2666
7515	6530
7276	6259
10358	9370
9527	8510
3626	2638
3155	2150
3847	2858
3218	2207
3213	2196
5485	4495
2202	1188
9669	8665
8141	7143
8503	7504
1181	165
10446	9430
6020	5018
4616	3630
1973	960
10053	9033
5852	4861
2388	1372
10127	9125
6898	5883
1368	363
4110	3111
10658	9677
8061	7065
5808	4803
9147	8161
3399	2410
6818	5810
1199	194
1438	455
5979	4969
2071	1086
5157	4176
9209	8227
8869	7880
5736	4748
7375	6391
10538	9535
5083	4082
1974	973
5335	4348
9771	8778
6537	5520
4105	3116
9334	8354
10289	9275
7005	6017
8293	7308
3808	2797
8666	7659
9373	8356
3512	2521
9790	8792
8462	7458
4705	3688
1080	61
4244	3225
6955	5945
4465	3446
10522	9515
10842	9851
3740	2722
5552	4572
5608	4593
4814	3821
7963	6980
7229	6229
7121	6105
8174	7186
7818	6828
5219	4223
8369	7358
8331	7347
10883	9880
2872	1858
5597	4601
5906	4900
8310	7312
4753	3735
1557	539
8717	7717
3668	2675
8779	7788
3678	2691
10455	9467
10438	9448
4170	3161
3395	2396
4068	3081
4854	3862
10720	9705
4585	3599
1303	322
8989	7982
10079	9070
9746	8745
9271	8259
3352	2369
9093	8113
9763	8769
6452	5443
2893	1878
5853	4852
3628	2644
8287	7277
2088	1106
10649	9655
8462	7448
8949	7958
10507	9489
6291	5296
7386	6394
10032	9020
9843	8835
10722	9710
6912	5900
6584	5568
9139	8141
4010	3020
2428	1420
7731	6736
8161	7169
3756	2767
7934	6927
7970	6968
10586	9604
8562	7543
7403	6416
8896	7891
8213	7224
9776	8771
6857	5870
6104	5094
4950	3962
2976	1978
9993	8996
4159	3154
9118	8114
4388	3372
9916	8902
6011	5022
9773	8765
9810	8813
6536	5536
5887	4883
3678	2675
3727	2729
4084	3104
3976	2956
4203	3184
3579	2591
3477	2476
4283	3298
1440	429
4356	3345
6406	5413
4289	3303
5760	4755
1156	143
4916	3915
7673	6684
10526	9541
4543	3545
4519	3521
4590	3574
5097	4093
9019	8031
5456	4454
9876	8894
7482	6468
6914	5902
10408	9392
8247	7246
3189	2207
3681	2695
1896	909
3735	2717
10831	9833
6871	5884
8868	7884
3167	2184
9831	8836
6134	5152
7882	6879
6170	5166
3206	2199
3268	2278
1532	516
2397	1413
9713	8730
9193	8179
4475	3493
2418	1430
4094	3109
3069	2060
5623	4623
7404	6405
3221	2235
2296	1303
3009	2024
8253	7239
7781	6761
5153	4169
9155	8164
10059	9065
5895	4888
10313	9309
9443	8437
8791	7803
1558	571
5193	4213
10558	9570
7553	6545
10254	9258
1340	335
2552	1538
5606	4614
3252	2242
5687	4676
3098	2099
6868	5871
2139	1130
8703	7686
9804	8805
8014	7026
3986	2995
9098	8098
2154	1168
4221	3224
3559	2540
1284	272
5835	4843
2555	1565
3307	2301
6746	5746
10028	9032
5951	4964
5542	4525
5734	4730
6604	5590
7127	6140
6219	5216
6215	5220
6428	5447
6428	5427
7199	6203
5354	4364
8066	7052
7652	6635
8859	7872
2628	1629
2032	1044
6993	5999
1416	411
10904	9912
5041	4045
2900	1904
5886	4873
6415	5414
7358	6378
2744	1764
4064	3066
3109	2116
10903	9912
6907	5904
7738	6737
10040	9038
2135	1130
10267	9259
7340	6336
4270	3255
4145	3144
6788	5777
1356	343
9317	8319
9611	8628
10545	9528
1635	648
8316	7336
1960	953
5830	4841
9909	8891
9875	8889
5767	4778
9093	8088
10802	9788
8320	7336
2218	1217
6981	5984
8994	7978
3798	2804
6172	5191
3939	2934
4396	3377
1502	519
8101	7104
7376	6366
1662	665
3315	2309
8164	7183
3142	2128
9145	8151
3106	2113
8269	7285
9331	8343
7108	6126
10132	9117
8556	7556
3990	2996
10833	9834
10269	9284
1578	585
4306	3300
5637	4643
10056	9038
2471	1476
8460	7466
10594	9606
10894	9910
3001	1987
9200	8185
10598	9586
5866	4877
7573	6562
2674	1676
8035	7026
8212	7212
4178	3167
10286	9287
7427	6413
10050	9058
5090	4083
5027	4039
9573	8564
1783	787
7933	6915
7379	6393
7513	6497
7577	6567
10576	9560
7726	6740
7038	6054
6740	5733
4876	3866
7090	6073
10168	9180
6011	4999
1987	992
3391	2392
1086	71
4224	3221
1681	668
4151	3149
9865	8861
6819	5828
3074	2072
10935	9928
3926	2925
4488	3482
1236	245
8832	7835
2242	1245
1580	566
7248	6239
1888	905
9193	8194
4648	3637
4636	3632
8941	7936
2667	1687
1240	260
4474	3462
2593	1608
2005	1011
10665	9673
5794	4792
3952	2934
1869	889
4659	3673
4636	3651
6633	5627
7116	6122
7897	6907
7767	6779
2759	1771
6646	5627
5275	4278
8570	7566
6639	5631
3994	2989
5223	4242
1760	745
2956	1957
2413	1432
10452	9472
6506	5517
8246	7245
10913	9932
2222	1227
2866	1865
10376	9363
4195	3204
6992	6000
2164	1176
6432	5437
8114	7120
8954	7974
10161	9177
10263	9259
3435	2419
1318	312
