500	1314495
5785	4786
1572	564
4973	3972
6424	5419
1277	279
4219	3220
5269	4254
3985	2998
9143	8157
9374	8366
1855	863
7305	6323
8098	7103
7203	6184
5273	4255
5855	4873
5280	4272
3797	2784
8115	7118
9397	8377
5208	4206
3241	2225
5495	4493
8358	7364
1763	762
9628	8637
1310	291
2205	1208
8778	7792
1735	731
7272	6280
10933	9921
1512	501
9322	8339
2901	1889
10456	9463
5286	4293
7433	6453
4760	3779
4638	3630
3704	2716
8248	7239
2429	1432
10673	9688
8498	7486
4251	3245
9284	8272
2272	1292
4009	2994
3214	2232
8617	7629
7126	6132
4313	3300
8083	7098
7528	6539
4795	3778
7477	6493
10743	9743
8552	7557
5310	4303
7614	6611
7734	6727
6196	5205
4589	3606
3482	2476
4542	3533
1824	844
7031	6047
6217	5225
10055	9043
5181	4162
9104	8088
10173	9191
4703	3717
4272	3267
6179	5165
7450	6444
5306	4313
7283	6292
9847	8867
10409	9410
3142	2135
10118	9137
4405	3385
6014	5001
7561	6570
3919	2912
9264	8271
3134	2144
4044	3063
3539	2524
9109	8115
10590	9597
1661	665
7543	6559
6688	5670
3838	2845
3177	2167
10068	9076
7772	6763
4892	3872
4516	3501
2794	1797
2891	1908
6330	5320
3951	2970
5838	4842
3984	2966
3150	2160
9547	8544
8695	7711
5586	4590
6224	5226
10587	9574
9835	8827
7740	6758
2020	1011
4364	3365
4018	3034
3097	2093
6063	5043
2559	1560
9185	8171
4793	3773
6256	5246
7548	6555
3859	2858
6308	5298
1472	463
7290	6300
5455	4473
5679	4695
2321	1330
5237	4250
8376	7366
8290	7291
7310	6302
8603	7592
3469	2479
9220	8222
6804	5810
9161	8158
2168	1166
5116	4106
7407	6423
8843	7824
1911	896
4094	3075
3936	2927
9785	8789
1079	67
4264	3274
3238	2254
4812	3797
4301	3282
4930	3932
10154	9136
10446	9454
6129	5146
9858	8877
8124	7120
8518	7523
1344	332
9303	8292
2642	1656
1384	377
10628	9624
7499	6508
10442	9429
3119	2100
8141	7134
7998	6980
1726	709
4680	3676
7644	6664
5636	4655
1532	515
6999	6019
1138	156
6782	5797
10172	9162
7698	6718
3660	2644
4358	3341
1686	697
10392	9402
6613	5614
10674	9688
8940	7940
9870	8872
9754	8767
10151	9139
6305	5316
7216	6213
5666	4677
7834	6816
8041	7025
5737	4750
2409	1429
8064	7072
7911	6893
2102	1112
6929	5942
10842	9858
7672	6684
5019	4014
3507	2511
5683	4699
1749	756
10382	9399
7438	6438
5936	4926
7119	6128
9199	8209
7794	6798
7040	6024
8720	7705
6473	5456
2015	995
2872	1877
6618	5606
7383	6364
1882	878
6667	5657
6740	5736
6375	5366
7673	6662
8009	7019
5311	4304
10784	9783
5557	4566
6229	5232
3178	2193
3557	2552
1350	332
2583	1571
8447	7459
9004	7993
8930	7937
1166	173
7600	6602
5654	4641
9519	8523
4089	3083
3836	2828
6086	5066
5976	4979
2925	1944
7784	6784
4927	3916
9321	8307
4626	3613
2404	1423
10029	9021
1095	78
5299	4310
10385	9396
10417	9401
1644	645
6297	5299
7199	6181
8124	7130
1157	142
4479	3483
4923	3943
4232	3241
4758	3753
9361	8374
8620	7618
8625	7645
9094	8086
2130	1137
7653	6648
1751	756
7456	6456
10476	9465
7085	6084
9900	8916
3352	2361
4578	3570
10849	9856
9188	8199
10423	9418
8515	7507
9371	8381
6681	5686
8486	7483
11007	10000
4100	3080
5507	4497
8118	7101
5820	4801
7855	6852
10890	9887
1881	873
2256	1261
5127	4138
4328	3329
4283	3278
10908	9896
8256	7254
10128	9120
6602	5601
4657	3643
1398	386
9986	9006
2995	1982
10345	9352
5885	4894
6907	5916
7244	6257
3666	2670
6176	5173
8295	7304
4834	3846
10301	9300
2365	1350
5183	4197
6595	5577
10529	9532
6821	5832
2079	1095
7549	6535
2817	1837
3850	2864
10682	9690
8845	7848
2226	1232
1502	516
3199	2212
7635	6628
10704	9692
10306	9297
9860	8865
10042	9062
5355	4366
9048	8060
9338	8340
2529	1522
3496	2514
3863	2850
2027	1031
7416	6410
5596	4605
6013	5007
3285	2274
8495	7502
9682	8676
7965	6983
2942	1944
5464	4476
3948	2939
6948	5943
5031	4040
2617	1603
1899	914
2848	1828
1105	103
4817	3804
6596	5607
9706	8706
5330	4350
5486	4481
10052	9045
5380	4366
9501	8521
3405	2418
10371	9378
1305	316
5201	4215
2052	1035
5382	4372
6289	5272
9905	8907
9507	8490
7412	6419
5625	4632
3364	2347
8319	7316
1329	338
2685	1667
1636	637
5078	4074
2383	1390
5959	4969
9113	8093
2063	1076
10575	9591
7178	6177
8720	7702
10635	9628
2769	1769
7883	6891
10375	9383
9898	8908
7738	6730
5710	4723
9501	8488
5452	4437
4745	3756
5282	4289
9873	8854
1156	160
4283	3301
6471	5460
8813	7815
5103	4121
10537	9537
10920	9934
3110	2108
3801	2800
7753	6765
9567	8581
3178	2196
9030	8022
6723	5718
7482	6497
5706	4706
2923	1922
10440	9460
8611	7594
8596	7585
7905	6908
9910	8892
7890	6903
6832	5825
8116	7111
4990	4006
3051	2052
5392	4407
8403	7393
1975	955
2734	1753
6593	5583
10389	9402
4819	3837
6853	5841
9474	8489
10199	9188
7207	6208
6669	5678
4136	3122
8451	7436
6631	5635
10212	9208
10781	9786
9857	8861
3867	2865
3066	2059
10427	9411
6896	5881
10090	9079
7424	6432
7187	6179
3394	2393
3120	2119
3790	2770
10984	9997
4260	3264
3738	2756
4031	3044
8632	7631
7981	6988
6317	5304
7346	6338
3179	2173
7626	6646
6848	5867
6649	5643
6568	5550
4220	3234
3094	2085
4455	3454
3372	2358
8658	7676
1291	290
7296	6297
2899	1888
1521	541
8709	7697
10233	9220
8342	7333
2508	1524
10973	9972
4369	3355
10744	9761
10501	9515
3062	2081
2608	1615
10627	9613
9882	8895
10500	9520
9758	8752
9844	8829
7667	6651
9475	8489
5855	4840
1095	97
1537	550
4755	3767
