500	1860494
7922	6903
4629	3642
1089	69
5851	4848
3973	2985
2142	1135
8206	7219
4820	3800
3171	2175
9715	8707
8100	7111
3380	2376
4905	3919
9557	8555
2540	1520
5058	4060
1847	854
1945	945
7551	6535
5711	4730
8416	7420
10729	9715
3567	2552
8869	7869
10027	9037
2997	1979
3711	2704
4304	3319
4219	3232
4588	3572
8420	7437
7402	6396
2810	1804
8124	7121
4397	3384
2894	1876
4549	3566
3659	2663
6660	5672
4384	3365
3533	2546
7504	6515
5917	4897
9519	8499
4784	3794
3402	2402
1780	775
4822	3824
7957	6972
6415	5430
2717	1715
5768	4765
8577	7585
1450	445
6926	5910
9535	8527
4465	3450
5138	4118
8752	7761
6836	5845
10056	9073
9609	8593
3842	2827
3428	2444
9138	8155
6157	5147
8755	7770
2258	1243
8927	7936
9568	8558
6581	5599
2869	1888
4724	3710
1508	517
9918	8934
3602	2586
2843	1847
2830	1811
10526	9514
1587	568
6031	5023
9463	8452
10671	9664
8108	7100
4746	3738
2037	1025
3184	2178
9122	8132
3170	2172
10799	9790
2106	1108
10342	9352
9296	8281
5318	4300
1572	557
8380	7398
6581	5585
3978	2992
5723	4731
3473	2484
2189	1182
8490	7476
9194	8196
9619	8609
8948	7952
6156	5152
8185	7195
7861	6848
2337	1323
6637	5631
8587	7585
6632	5636
2244	1244
8848	7862
8645	7630
11000	9994
2729	1720
1311	302
10071	9055
2319	1313
4658	3652
9315	8303
5021	4031
8139	7159
8030	7040
7874	6884
6379	5364
6381	5396
3640	2621
4705	3697
1136	119
8089	7073
9766	8776
10312	9295
1519	532
1797	813
4622	3621
6145	5165
4745	3749
4655	3649
2645	1627
5584	4593
1583	598
8426	7438
7488	6489
10412	9431
2099	1101
7733	6735
10948	9928
3076	2082
8994	7995
6047	5049
10719	9721
7040	6038
4534	3531
7080	6068
3549	2532
9324	8332
1465	463
9984	9004
10121	9141
10388	9383
8527	7535
6159	5143
6575	5589
9746	8751
1323	342
7490	6504
6867	5873
7145	6147
3371	2380
3926	2930
8919	7921
6392	5402
2951	1942
2845	1851
2187	1197
5348	4348
7090	6089
10431	9449
8573	7582
9918	8918
5755	4758
3165	2179
2817	1808
2148	1147
2700	1686
8666	7655
2058	1043
4188	3200
3068	2081
10042	9054
7897	6900
3328	2331
6259	5241
1654	650
8851	7838
3710	2716
7525	6531
9318	8304
4852	3848
2496	1490
7167	6170
4632	3642
7904	6920
4521	3513
8656	7656
4786	3795
10830	9825
1614	624
5562	4557
4206	3195
8536	7552
5087	4106
8229	7211
3497	2503
7008	6003
6791	5810
5940	4946
1131	124
3890	2901
1696	685
10674	9670
7364	6347
4666	3647
10576	9563
10118	9098
1289	278
10669	9678
1178	178
6053	5072
3862	2866
1586	581
3484	2475
3325	2317
6228	5227
2409	1411
5790	4788
6149	5161
2578	1581
1845	848
7137	6120
10115	9102
7452	6461
1549	541
1474	459
1495	490
9108	8113
2457	1464
1796	814
3794	2802
9999	8979
4724	3732
9475	8469
6370	5372
10043	9060
9458	8448
3478	2481
9029	8039
5201	4214
1266	263
2893	1877
1046	28
3011	1995
8469	7488
2463	1481
4318	3300
10002	9012
4365	3383
8565	7558
3386	2395
1777	766
10282	9276
10080	9098
10573	9589
4671	3680
8548	7546
10706	9707
10152	9141
1990	982
9408	8403
4511	3523
5100	4117
2509	1490
7131	6128
2168	1167
8964	7966
6263	5254
10700	9714
4991	4005
10467	9457
2541	1528
8190	7193
7591	6585
10971	9971
8989	8001
5562	4557
3632	2626
7492	6495
6670	5650
4170	3178
8140	7123
10062	9071
1049	67
8242	7246
6907	5927
9046	8045
7200	6183
4516	3519
7646	6626
6847	5858
4022	3023
2920	1929
4104	3112
7447	6454
1577	569
4632	3638
4053	3050
5310	4301
7268	6287
10509	9498
6217	5231
6534	5547
3036	2039
8996	7999
5581	4575
7347	6366
6392	5376
4585	3577
1444	459
3738	2739
2987	1990
3306	2293
5718	4721
6456	5439
4911	3911
6361	5355
4394	3377
10158	9177
2973	1956
2851	1853
7285	6274
4948	3944
2852	1866
9604	8610
7995	7015
3855	2869
6416	5401
9530	8541
9990	9004
2457	1472
8952	7953
1740	743
8997	7999
10452	9444
2772	1788
8985	7987
9065	8084
2675	1677
7514	6506
3264	2272
5534	4534
7378	6385
9883	8885
6809	5811
5645	4662
10428	9419
8584	7578
3183	2195
2815	1826
3109	2109
2645	1641
8438	7419
7066	6056
3678	2683
5095	4110
2860	1858
1335	337
8067	7080
1726	743
7666	6686
2624	1637
2319	1328
2992	2009
7658	6639
4153	3142
1834	827
8402	7382
8202	7192
8733	7742
10430	9436
3635	2648
10672	9677
6174	5164
8135	7119
1223	213
5690	4678
7139	6139
9727	8739
8582	7588
7120	6112
6357	5375
2485	1488
3180	2175
9393	8411
10481	9471
5186	4176
8591	7572
5681	4678
10694	9699
7541	6553
7146	6137
3276	2281
10030	9044
1583	565
8609	7626
4802	3810
2480	1492
2202	1184
3683	2678
2475	1489
6416	5417
2017	1026
6654	5673
4930	3925
2870	1876
10281	9262
8986	7997
7356	6374
9669	8665
6636	5629
2715	1701
3532	2541
2907	1897
10487	9485
4379	3370
8921	7912
10976	9958
2583	1596
8516	7523
4829	3824
9937	8933
10840	9848
1881	898
5824	4828
3175	2173
6932	5927
9071	8080
5679	4686
9412	8398
9953	8941
1820	826
2971	1974
4600	3598
4147	3143
9402	8386
10145	9142
3080	2091
9031	8011
6871	5860
10382	9367
1353	357
5334	4352
4187	3169
5161	4160
3614	2624
7707	6700
2410	1408
4216	3233
5832	4827
5267	4256
8772	7765
9625	8626
2419	1436
6439	5439
1895	911
1344	336
3005	1987
6720	5738
2089	1093
6028	5025
8698	7713
10195	9192
4824	3805
8812	7794
1470	470
9253	8258
8754	7763
3065	2047
8540	7558
9828	8825
8715	7717
8785	7799
7601	6608
6770	5776
6711	5716
5804	4806
10912	9897
5279	4296
2084	1068
