500	1283897
6482	5498
7328	6328
3417	2433
2620	1604
4815	3816
10583	9580
7471	6455
7721	6703
10287	9305
9348	8361
10658	9645
3459	2469
3376	2356
7138	6141
8856	7840
4350	3347
6381	5368
1517	511
3394	2403
8786	7804
2527	1533
8199	7218
3021	2023
4126	3115
993	5
4154	3145
10939	9938
2930	1945
6143	5134
6136	5120
2254	1262
6148	5133
6725	5738
8552	7563
2822	1813
9136	8147
1993	991
5832	4842
5674	4663
2125	1130
5578	4592
9168	8187
10346	9341
5356	4356
2097	1096
8774	7778
4940	3933
3486	2475
10407	9426
9303	8283
6482	5490
4715	3716
8241	7255
5011	4018
8782	7768
9437	8451
8694	7693
2524	1524
1137	125
10523	9535
5066	4068
4468	3472
10259	9243
6309	5324
5539	4519
5343	4332
4646	3639
5074	4085
1938	937
6409	5417
7763	6760
7776	6795
9043	8054
6412	5421
5657	4673
10153	9141
9945	8965
9949	8955
1921	931
10227	9236
3242	2229
8970	7977
5609	4597
9455	8460
4879	3862
10180	9189
5296	4276
1967	951
2583	1581
9602	8609
2596	1588
10397	9401
8216	7226
9317	8304
3174	2158
2324	1333
10716	9731
4823	3827
5665	4670
10335	9352
3711	2730
4145	3148
7386	6377
5288	4306
5712	4700
3097	2112
9030	8013
5262	4265
6845	5847
7295	6283
1589	586
5471	4476
8330	7337
5384	4372
4073	3080
3032	2026
9358	8338
10022	9034
4051	3058
4471	3477
8081	7094
7491	6488
3838	2836
10327	9329
7501	6505
4797	3811
5571	4557
3949	2929
2586	1575
8415	7415
8142	7153
1893	891
6341	5355
5048	4051
9348	8359
7576	6573
5827	4824
3426	2435
9113	8128
3094	2088
1054	70
7367	6358
9279	8297
4381	3365
7600	6598
10410	9395
10904	9923
3250	2230
4029	3029
2185	1183
6258	5241
6723	5707
9330	8326
7215	6209
7976	6959
9544	8545
1627	631
4388	3407
9020	8027
4336	3334
5220	4238
8248	7237
3440	2446
8772	7786
5565	4558
10130	9123
4599	3584
5130	4114
2920	1939
1875	859
5227	4242
5895	4889
7717	6723
1869	865
2560	1568
3060	2073
2993	1980
8410	7412
3218	2234
3532	2536
3048	2031
2798	1785
10885	9899
1249	265
8080	7068
2134	1150
1970	951
10947	9933
1706	687
6229	5223
10211	9223
2604	1618
10532	9547
9981	8999
6234	5233
1850	854
9618	8628
6374	5366
3853	2839
7239	6253
9795	8810
8163	7164
2646	1662
8881	7877
1379	367
9545	8539
1057	47
6953	5960
2596	1599
1026	9
2377	1380
5114	4110
7216	6219
1263	250
2549	1569
1940	920
8488	7506
8945	7944
6837	5839
1376	361
7741	6744
6088	5079
1623	607
6950	5950
7616	6606
7798	6812
10289	9274
2551	1566
6841	5848
9141	8129
5912	4904
10120	9128
10581	9596
7616	6625
2270	1270
3339	2328
2850	1833
6197	5206
7207	6194
9416	8429
4493	3499
1633	631
3454	2457
2466	1478
8489	7503
10803	9793
5598	4607
8669	7677
6481	5481
8371	7361
1974	964
7689	6708
2661	1659
4704	3694
8271	7287
9359	8365
6330	5347
5372	4355
3929	2920
5212	4197
6194	5187
2895	1890
7843	6849
5424	4416
3390	2390
9390	8374
7551	6568
7382	6383
5546	4536
7230	6236
7478	6479
6912	5896
5085	4096
2210	1204
5846	4836
2442	1427
3896	2897
2923	1905
10836	9820
8967	7949
10123	9110
9593	8598
2790	1799
7950	6954
7234	6235
10497	9508
7486	6479
10452	9468
2493	1475
3793	2807
1766	764
10217	9207
6433	5426
2549	1535
5947	4940
4241	3232
10200	9201
2871	1868
3697	2686
10104	9087
10363	9348
1178	194
3117	2107
2831	1813
3495	2481
2773	1789
2625	1621
5872	4878
9208	8191
6914	5911
3657	2648
10176	9163
1213	226
9569	8564
10968	9967
4398	3418
8008	7027
7700	6702
1277	287
4085	3099
3759	2741
6102	5116
10734	9745
7683	6673
8634	7630
5066	4068
3828	2809
3502	2482
1126	118
3425	2431
6363	5383
7893	6902
7425	6445
10355	9340
2558	1557
4247	3257
10479	9463
10971	9970
8482	7502
5671	4665
2634	1651
8071	7090
5083	4067
8846	7849
2502	1493
5723	4707
10604	9603
2022	1016
9795	8776
3992	3000
6336	5348
10754	9768
3060	2048
3405	2386
2698	1696
5136	4124
9863	8855
7685	6693
9395	8408
7188	6198
7448	6436
5052	4069
7479	6485
9681	8697
8646	7627
7417	6406
4223	3237
7944	6941
1793	810
8737	7741
8201	7210
8178	7189
2428	1430
6947	5934
3714	2733
9184	8176
4609	3603
4091	3081
10746	9736
5333	4320
10282	9294
4382	3389
4739	3720
9257	8248
6252	5259
5711	4730
2204	1188
5709	4690
9027	8032
5501	4484
8813	7828
5219	4205
7847	6850
10538	9524
6815	5818
9671	8680
5383	4395
8625	7611
3317	2330
9112	8128
10999	9999
4799	3797
4791	3788
5201	4199
2643	1631
10900	9881
10807	9803
7074	6059
10439	9450
8777	7769
9347	8332
2765	1754
3401	2411
6021	5009
10523	9504
5094	4099
8579	7589
5279	4277
5562	4568
6927	5909
5634	4654
1897	914
6133	5119
1290	272
2932	1950
9027	8041
7759	6773
9364	8364
6073	5081
1207	196
10903	9915
2605	1599
3016	2010
5093	4095
10391	9396
10492	9484
3300	2319
10357	9377
7528	6516
6352	5346
9277	8267
10283	9287
3002	2021
7827	6807
10486	9498
2093	1095
1665	645
6115	5115
5910	4905
8153	7173
6733	5752
6351	5343
7707	6702
6125	5131
6412	5394
4650	3652
5575	4595
4140	3157
4390	3385
2240	1234
9998	9007
8354	7353
6064	5082
7164	6152
3222	2239
10018	9033
10260	9278
1865	860
6405	5410
1937	940
10865	9854
3227	2229
5085	4072
7021	6006
5117	4116
4337	3344
1771	789
2103	1120
7334	6349
2885	1901
8223	7220
5977	4959
10056	9064
9419	8430
7627	6645
4167	3178
3415	2418
5301	4281
6687	5680
7116	6121
9300	8281
10051	9039
9577	8591
2876	1880
7076	6082
6826	5837
5138	4123
10696	9710
4750	3739
1740	736
