500	246210
2570	1566
6685	5682
5965	4975
2751	1771
9285	8276
3658	2643
4356	3354
6256	5248
7931	6937
3461	2443
1474	489
10304	9314
1763	782
5325	4319
7729	6747
5929	4920
4177	3183
6139	5137
7163	6177
4720	3727
9813	8798
8712	7727
5385	4374
6713	5703
5109	4124
9919	8903
8796	7795
7118	6110
1727	713
2850	1850
2926	1911
10833	9815
10773	9790
8170	7161
1027	36
9283	8283
9858	8877
8910	7901
1941	933
6166	5160
4838	3858
7742	6727
2399	1394
6574	5572
1116	100
9325	8306
7355	6359
10868	9866
9122	8114
4445	3445
7898	6895
10662	9663
2835	1821
10560	9546
10364	9373
7765	6754
1535	542
3542	2529
10383	9382
4558	3569
3496	2509
6291	5292
5120	4136
6084	5068
7210	6196
5201	4210
2771	1751
9768	8759
3218	2237
2284	1283
7602	6599
6688	5686
4191	3174
1442	440
6185	5178
2071	1069
2236	1250
1017	16
2629	1614
3530	2531
6492	5494
6340	5325
3927	2916
3739	2738
3343	2362
6561	5561
7373	6389
7350	6364
5227	4243
5405	4394
1843	834
10001	8994
4811	3819
4385	3366
9880	8887
9659	8657
8783	7765
7497	6513
1622	607
9447	8435
9999	8991
4522	3542
3356	2362
7833	6843
4999	3984
3320	2317
3392	2399
10153	9145
9176	8182
6596	5587
9108	8095
7889	6897
3358	2359
4454	3449
4830	3810
2693	1694
9294	8285
5776	4759
8235	7241
10063	9065
9950	8948
10676	9686
6270	5268
2194	1183
9174	8188
9727	8708
5245	4256
3768	2751
10566	9547
6130	5137
7489	6485
5944	4953
3737	2749
5641	4622
7105	6124
2005	993
1571	562
9938	8933
1548	566
8689	7669
8967	7983
5749	4741
7634	6645
3756	2738
7137	6142
3614	2615
10626	9630
7556	6565
6049	5063
9439	8436
6324	5336
2819	1807
8267	7269
6438	5456
9404	8410
2294	1283
4765	3751
2548	1551
5387	4396
2410	1404
2312	1292
4349	3354
9681	8669
4927	3939
2051	1052
3956	2958
4614	3598
1485	475
1793	787
3264	2279
9839	8821
10066	9072
10268	9283
5775	4789
2505	1497
7781	6782
1018	7
9792	8811
5349	4341
3266	2269
6040	5059
9779	8764
1234	245
5576	4557
7731	6748
9516	8536
10398	9408
8074	7066
4952	3962
5303	4321
2045	1039
5049	4041
3638	2632
3556	2572
2187	1171
6235	5249
4470	3473
5212	4193
4863	3868
7381	6393
8534	7553
9719	8712
4798	3810
2543	1530
9241	8222
6576	5590
4712	3714
6684	5687
8866	7885
4766	3756
5602	4621
10048	9056
7758	6765
8445	7429
5957	4970
7190	6170
4305	3291
9647	8665
2460	1463
6414	5394
10196	9213
8254	7256
10795	9778
7314	6315
6712	5701
4192	3182
6958	5959
2030	1027
3904	2909
5518	4516
4228	3247
1011	25
6135	5123
6942	5953
1992	976
8174	7154
3785	2798
7296	6312
4118	3136
9225	8209
1784	788
10976	9988
4465	3462
9156	8154
10492	9488
1904	909
5600	4583
10116	9097
7185	6188
1741	736
1708	717
10745	9756
7082	6073
4623	3618
2509	1523
10490	9472
3345	2327
9624	8615
4817	3801
4542	3539
2409	1425
6240	5231
3350	2341
10590	9574
8480	7494
6272	5292
3775	2772
7982	6994
5943	4956
2332	1336
2405	1389
2505	1495
5826	4846
9908	8924
7112	6106
4712	3700
10119	9114
4735	3749
10579	9583
3213	2213
7459	6448
5463	4451
6941	5960
9693	8683
2529	1542
2821	1821
5524	4518
2915	1929
3487	2489
5547	4559
3772	2758
5932	4941
1274	288
9710	8717
10362	9349
6819	5812
10839	9857
4684	3704
9064	8053
6301	5305
6702	5694
6395	5407
8747	7756
3941	2946
10336	9324
1415	415
6154	5154
5851	4854
2671	1688
6901	5895
1656	663
1694	702
4842	3828
8098	7117
5484	4493
8763	7749
9767	8750
9536	8547
10091	9106
8846	7862
3325	2306
5234	4216
2243	1255
3804	2791
10601	9597
6720	5701
2414	1407
4261	3242
5558	4571
3976	2991
7002	5984
2572	1575
2728	1739
8048	7058
4678	3659
2852	1862
5864	4876
3271	2267
8372	7374
2562	1543
1956	953
8791	7797
2953	1964
9296	8280
1154	159
9991	8996
6571	5575
3291	2305
10096	9106
9599	8610
9143	8131
2352	1355
1910	904
4070	3075
8862	7869
2338	1328
7968	6984
8257	7246
3179	2186
10234	9239
7429	6434
3885	2881
4774	3783
7984	6975
8491	7503
3474	2467
6291	5287
10264	9275
2009	1016
7361	6355
4854	3867
1490	493
3954	2943
5125	4135
8865	7854
3309	2314
3196	2210
10327	9323
4813	3801
5182	4200
3386	2406
6704	5701
10986	9968
4272	3290
1507	515
10562	9570
2860	1847
2046	1034
2293	1280
6757	5745
3991	2985
8564	7579
7407	6390
1045	37
1703	712
1682	700
10606	9608
5433	4438
6206	5196
3004	2012
10556	9576
6053	5070
2290	1286
2845	1851
7440	6452
9554	8563
4014	2997
6526	5521
4745	3730
999	6
9077	8076
5057	4070
6650	5636
9769	8763
5284	4289
4936	3925
1069	67
3527	2536
1745	748
1947	954
2798	1790
7417	6430
4236	3238
9191	8176
8459	7453
1112	112
10918	9906
3590	2600
9166	8163
5351	4354
1714	700
5772	4780
10764	9761
5119	4131
8593	7613
5522	4526
3221	2230
3368	2380
7923	6922
4802	3800
2875	1864
2814	1814
6767	5753
4687	3685
3853	2836
8772	7792
5276	4283
4587	3572
1379	389
9863	8869
10634	9618
3230	2234
9226	8224
10761	9781
8959	7951
3147	2151
9144	8125
9451	8447
8097	7094
7571	6568
5726	4739
9311	8328
9959	8966
8274	7288
6403	5390
4869	3864
2616	1632
5879	4870
8728	7721
9253	8245
1283	283
2125	1130
6997	5982
4432	3438
9546	8546
8064	7045
8260	7268
10091	9108
5599	4589
1060	75
8337	7317
10021	9038
10745	9757
9994	8995
9763	8776
4372	3378
3621	2632
2910	1925
10314	9308
3707	2708
1984	964
9259	8256
4227	3222
1992	999
1459	440
3218	2238
8840	7851
1646	665
1828	831
10219	9226
