500	1207747
2419	1424
1078	91
7240	6251
4355	3367
6855	5860
2017	1001
10623	9628
2710	1702
10813	9800
1091	77
8575	7594
10360	9348
6884	5886
8435	7455
7121	6136
3547	2530
8215	7224
5986	4972
8272	7270
8100	7082
7179	6159
4576	3568
1179	190
9735	8737
7284	6271
10176	9183
6266	5254
2553	1541
9739	8756
7715	6720
2107	1116
9073	8070
4056	3066
3529	2544
2187	1197
3743	2754
9303	8311
9574	8579
5528	4512
1704	705
2989	2002
6583	5569
7548	6568
7190	6205
2272	1280
2524	1531
1062	75
9944	8934
8614	7633
2575	1565
2220	1231
2387	1388
8226	7235
10537	9539
2734	1740
11008	9991
10182	9184
5553	4550
1255	268
3689	2678
7140	6133
1337	344
5007	4009
5512	4519
4194	3189
4460	3456
8057	7059
4172	3157
4016	3012
8375	7357
9447	8430
2840	1859
10417	9428
3319	2317
2228	1240
8099	7116
2676	1683
4252	3270
7503	6521
3434	2417
3215	2211
7027	6021
2134	1129
5742	4731
8062	7067
7851	6849
2230	1242
3414	2407
10844	9828
7611	6595
3560	2567
1313	311
9355	8352
6949	5963
1327	319
9119	8113
2131	1125
2872	1891
8263	7245
5587	4604
2679	1683
10518	9535
5523	4512
10150	9140
8963	7980
4256	3236
5614	4619
9838	8844
9263	8262
9396	8405
4618	3609
2023	1034
7928	6935
1687	687
1977	957
4665	3651
1669	654
6536	5525
3929	2942
5339	4358
7211	6227
6401	5396
9001	8011
10729	9714
6095	5112
5474	4473
2698	1712
7836	6849
4581	3585
10422	9441
3924	2934
3748	2749
9300	8305
8749	7733
3645	2647
8765	7751
6328	5332
3958	2948
8297	7317
5172	4177
6550	5553
10526	9525
5776	4775
7420	6420
1862	850
5317	4308
7394	6408
9248	8258
6496	5481
9959	8961
2946	1928
3352	2362
3284	2284
10810	9819
6107	5096
10034	9053
9693	8702
6377	5388
3399	2382
1137	122
1342	328
4754	3740
10298	9292
10032	9042
6925	5921
8652	7654
10258	9254
2730	1746
1258	243
1771	771
3187	2191
4565	3562
4490	3491
2818	1812
4440	3423
3397	2406
6833	5824
3488	2481
8637	7651
6203	5199
2451	1470
10922	9917
4929	3934
1807	787
1380	364
10973	9973
4376	3389
5543	4541
1049	49
8059	7077
3675	2667
8621	7616
1351	362
7554	6554
6747	5732
2993	1982
4100	3116
8371	7381
3556	2568
1549	532
9801	8809
8628	7643
9559	8579
3121	2132
3735	2736
5230	4243
8362	7343
4898	3893
5607	4620
4792	3801
6093	5087
9086	8095
3284	2302
2828	1819
1149	168
6092	5100
1754	760
10143	9135
3912	2899
4977	3982
9973	8987
6844	5841
7317	6332
1445	432
8020	7010
9861	8854
1210	220
4676	3661
1208	227
4086	3073
1083	92
1392	393
9989	8978
8687	7681
3889	2876
7112	6127
2698	1714
10031	9040
9013	8013
2531	1519
10422	9429
3585	2591
6131	5124
6371	5383
10938	9937
4973	3958
6575	5578
1785	804
1485	488
10628	9647
6845	5848
9670	8652
5505	4492
3320	2309
10871	9883
5386	4377
6728	5712
10496	9489
9511	8505
10104	9085
6754	5762
1138	155
6645	5655
5145	4157
1760	745
7465	6470
10778	9787
7971	6952
2914	1922
7187	6191
4110	3091
7566	6551
5153	4138
7191	6174
10140	9133
6792	5812
6251	5266
1691	687
4755	3762
4106	3123
8569	7556
1552	546
2541	1544
6367	5357
1503	493
8026	7011
7136	6130
9509	8513
10779	9766
8314	7300
4238	3233
9265	8261
1673	671
9295	8287
3554	2546
10249	9261
2535	1546
4636	3639
4833	3813
3314	2314
3055	2049
4406	3395
10774	9772
4296	3307
1128	116
4111	3130
9694	8707
10439	9431
7605	6591
8865	7874
4137	3124
9108	8118
9560	8563
6564	5570
9071	8062
9210	8205
7677	6686
5051	4031
9819	8810
5403	4413
6451	5441
3509	2497
7138	6152
2186	1174
3886	2894
2396	1416
10525	9527
2573	1569
5946	4961
2748	1741
9629	8641
8605	7609
10565	9555
2244	1227
4014	3024
1947	931
2044	1032
6561	5569
1188	169
1187	197
7676	6672
5465	4449
10174	9155
6057	5043
10809	9795
7909	6890
5377	4395
1214	196
10602	9618
1027	19
10061	9055
9437	8438
9359	8362
1938	954
5623	4607
8981	8000
1618	612
2295	1302
9481	8496
7803	6816
3440	2420
7043	6026
2198	1201
1672	662
2564	1584
1214	203
7199	6218
9207	8192
1893	894
6367	5386
5521	4526
6898	5911
9255	8247
1598	589
2649	1649
2604	1613
4916	3912
3558	2570
7163	6165
2329	1335
6192	5209
8933	7915
5431	4424
1823	804
5603	4587
4013	3014
10675	9664
8633	7619
5228	4244
7570	6584
2812	1815
5409	4425
7685	6688
2175	1185
1939	949
3966	2984
3952	2950
4497	3479
4583	3599
6166	5164
4328	3339
5087	4072
1734	733
3632	2645
7280	6266
3630	2650
3266	2282
7528	6511
8316	7314
1950	933
5919	4931
10784	9782
4284	3268
10422	9412
1244	244
5643	4662
7790	6795
2764	1773
3812	2823
1722	726
6468	5464
9137	8139
9386	8395
10408	9420
3843	2851
4145	3158
5324	4308
7365	6365
8139	7148
9943	8944
7007	6012
3008	2001
4806	3795
5776	4768
4904	3885
6772	5752
3455	2435
9312	8307
3486	2502
2325	1312
3637	2638
1766	778
6330	5322
5371	4384
6275	5286
10581	9570
8994	7977
10970	9960
10490	9503
10003	8996
8705	7692
9534	8548
2171	1155
5075	4081
3592	2572
3741	2760
10136	9156
4275	3262
4384	3399
1944	940
9747	8736
6085	5090
6214	5217
3546	2543
5294	4290
3148	2141
7865	6849
5065	4049
2654	1669
4198	3204
4815	3815
1627	637
10439	9457
1578	578
3466	2481
9760	8770
10570	9571
8120	7121
10192	9194
4770	3771
8375	7368
2974	1970
7989	6986
3843	2861
9545	8535
6219	5230
6794	5783
8894	7906
10203	9198
8509	7502
7711	6722
3429	2428
4967	3959
2607	1600
10450	9467
7748	6761
1600	609
3724	2724
4129	3145
9999	8990
