500	1864210
6136	5148
10683	9693
3227	2232
3831	2817
6375	5384
1088	108
9340	8320
3902	2917
2360	1366
2430	1433
3448	2433
10511	9499
5566	4578
1522	536
4401	3401
9769	8759
5584	4601
10549	9536
8665	7674
9756	8743
1217	220
8155	7143
3252	2260
3971	2961
4979	3996
10963	9955
9947	8947
5378	4376
2303	1311
8099	7118
7183	6182
7028	6038
4911	3897
6173	5191
7107	6094
3780	2774
7078	6087
7395	6404
1282	267
3913	2932
5433	4446
4552	3553
10573	9593
2370	1360
2430	1436
5898	4917
6375	5395
1327	323
1424	432
7607	6602
4648	3649
7866	6856
9546	8563
10916	9935
7796	6815
6668	5670
5269	4266
7237	6240
7680	6693
5236	4219
9689	8701
7697	6677
8244	7248
8340	7355
3639	2659
6413	5407
9759	8760
3048	2045
3401	2390
9243	8234
4937	3928
3777	2781
2545	1546
9352	8349
3808	2811
3210	2207
8399	7417
2018	1005
4585	3578
1487	498
5846	4850
4664	3647
5081	4099
7466	6467
2049	1045
2417	1398
6804	5808
10246	9252
4820	3825
2403	1405
9422	8428
9680	8698
5844	4853
7030	6010
6930	5930
6522	5522
7372	6354
9151	8151
6683	5689
2682	1667
9623	8617
2745	1734
9752	8753
8943	7937
10364	9377
1828	844
6866	5870
1831	847
9083	8089
4401	3382
4603	3597
1985	990
8206	7206
2986	1994
7323	6310
1367	369
9084	8092
6203	5217
9055	8036
8304	7295
3693	2689
5554	4538
6548	5537
2948	1936
10559	9577
10169	9165
10492	9487
10527	9533
8986	7988
1161	179
4021	3016
6117	5098
10135	9150
10615	9605
5482	4469
5540	4546
10352	9363
4749	3764
9349	8369
3683	2665
9151	8156
3803	2819
6722	5721
7393	6413
8693	7704
8232	7224
9693	8690
9002	8020
10335	9326
4208	3223
6014	4997
7722	6712
1047	36
3346	2340
8619	7634
6592	5575
8179	7170
6497	5480
10191	9172
7686	6699
1002	17
5322	4311
7926	6908
3517	2532
5792	4773
2429	1444
6275	5257
8227	7226
8984	7975
9532	8541
1019	1
1231	246
2979	1959
2343	1333
5533	4532
8279	7287
1797	790
4893	3903
2675	1667
10451	9450
5171	4184
4789	3805
9087	8098
2164	1184
2159	1177
9387	8382
3597	2578
10158	9158
7462	6464
4602	3589
6368	5388
5869	4863
10218	9219
4969	3976
9660	8646
9423	8426
3783	2793
7006	6015
1826	839
5005	4022
5996	5003
10680	9677
5925	4925
10067	9067
9670	8667
3986	3000
7821	6816
6826	5845
5852	4867
1508	493
1644	647
6811	5805
2699	1705
8782	7795
4662	3650
4092	3078
7253	6242
2209	1216
10584	9568
3714	2731
3516	2521
3610	2598
2872	1875
2417	1428
6934	5917
1513	519
10002	9008
2661	1679
9025	8014
10552	9535
2371	1364
2769	1772
1852	848
5024	4035
3615	2627
5667	4672
7342	6357
8694	7709
10982	9978
7825	6836
2568	1577
7340	6329
9983	8964
4388	3406
6189	5184
3089	2094
5650	4648
3384	2370
1730	748
3697	2711
5149	4161
1113	127
2049	1063
6150	5154
4511	3522
3099	2116
7206	6224
7676	6675
1651	644
7059	6041
3484	2501
9851	8848
3394	2376
7653	6656
9320	8301
5766	4769
9795	8794
5886	4899
2735	1733
9036	8033
4592	3572
6936	5927
7862	6847
9023	8008
3418	2435
8784	7767
2889	1895
5365	4375
1593	589
5403	4407
8850	7854
4482	3479
4798	3817
1613	626
7472	6462
4348	3348
3910	2927
10090	9100
10470	9465
8328	7346
1162	176
2581	1592
6316	5298
7843	6843
2253	1242
7863	6857
5902	4904
4149	3151
7076	6090
3995	3014
9600	8580
8157	7169
10114	9128
9040	8036
7102	6121
1869	850
8349	7349
3942	2940
1173	175
3411	2402
10298	9287
9791	8778
9268	8288
8919	7899
6218	5221
3887	2904
2155	1136
7365	6346
5488	4505
2773	1779
6526	5540
7681	6676
5354	4334
9926	8922
5349	4346
5572	4554
10767	9749
8040	7031
4549	3543
3392	2411
2579	1561
10445	9436
10121	9133
2045	1034
2149	1162
10272	9292
8874	7878
5044	4038
8420	7417
9224	8212
8684	7670
10348	9341
6797	5788
6722	5711
2423	1439
9064	8051
5223	4227
4988	3976
2557	1538
5719	4736
7901	6919
8568	7565
5161	4145
8542	7523
5518	4503
1502	485
6461	5442
1746	755
10431	9445
1462	474
1714	711
6839	5854
3058	2067
2516	1522
5376	4387
2301	1314
5003	3999
8945	7956
10160	9173
2836	1831
10717	9704
10251	9231
9409	8418
7782	6783
2697	1700
1708	699
1435	440
2477	1488
9744	8725
2006	988
9291	8301
3527	2532
7717	6719
7331	6329
3968	2962
7959	6957
1273	274
8132	7113
1982	999
5110	4111
4406	3403
10537	9520
3997	2987
1856	858
10069	9061
2136	1155
8057	7067
7187	6195
2401	1413
9403	8421
3975	2973
4730	3719
6177	5181
10151	9138
1717	736
4556	3575
8713	7703
10441	9439
2666	1653
8819	7821
10855	9855
10410	9396
1193	183
7977	6985
1890	899
5110	4118
7373	6375
3105	2093
1130	128
5336	4329
3691	2674
9230	8239
8390	7399
3637	2622
9434	8422
5338	4350
7252	6242
7727	6722
9912	8907
3916	2922
6642	5655
1020	37
7818	6838
9817	8803
10001	9014
7543	6554
8813	7821
2888	1871
3592	2598
1810	812
3338	2320
6214	5227
6733	5736
2705	1696
4481	3480
6465	5465
7629	6612
2673	1685
1247	266
5638	4626
5635	4621
4500	3492
7659	6648
5083	4091
7649	6644
1449	446
7267	6262
5231	4222
5720	4740
7790	6809
4836	3830
9028	8044
9273	8259
5392	4391
1521	541
2992	1985
6476	5465
9162	8156
9336	8319
1899	881
6656	5646
9579	8583
1051	61
9373	8372
1893	888
7488	6491
4240	3254
3557	2569
7835	6845
8388	7386
8152	7161
9960	8962
3437	2450
8976	7977
6935	5934
5940	4953
6416	5405
1640	641
2328	1317
6134	5144
2850	1835
6562	5554
9636	8653
8976	7996
4317	3326
1261	242
8352	7365
6665	5664
7183	6195
9247	8266
