500	240574
9464	8465
6275	5258
1188	203
8768	7782
3733	2736
2648	1655
5096	4090
7326	6337
2072	1070
1020	38
10061	9051
3106	2096
1195	195
10516	9513
2624	1626
7874	6873
7633	6651
9689	8678
3615	2630
8655	7665
2856	1855
9243	8227
4976	3996
3195	2187
1573	570
7071	6086
9610	8624
8777	7793
6222	5216
7957	6948
2595	1612
9623	8625
2019	1029
8459	7474
7524	6529
3139	2152
4710	3694
6518	5508
7495	6479
7415	6406
8806	7823
7378	6371
7832	6845
7667	6671
5244	4253
1324	316
5543	4554
4024	3019
3980	2968
1003	7
7951	6947
6476	5465
4340	3339
8306	7308
6775	5785
6943	5936
9749	8761
2503	1483
3620	2633
6706	5721
5989	4995
1837	850
8093	7105
6372	5377
6218	5201
2747	1742
5391	4391
8078	7076
2937	1921
6924	5904
5032	4024
6518	5500
7019	6002
3780	2787
2410	1400
1889	872
10130	9131
6276	5265
10032	9033
5666	4682
1267	271
10362	9370
9632	8633
4002	3004
9847	8863
8378	7374
10595	9585
2865	1851
3798	2809
4732	3734
4908	3912
8028	7041
5690	4699
9713	8725
4058	3041
1653	654
4864	3884
4757	3757
10871	9872
1385	399
1772	771
1780	769
4554	3534
1405	408
3225	2234
2992	2010
10687	9667
7651	6649
5077	4089
4388	3397
4873	3884
8161	7170
8222	7205
4113	3111
8318	7327
4139	3123
10578	9584
3793	2792
7394	6389
7679	6669
5644	4654
3020	2023
5845	4846
7140	6122
7955	6954
10422	9419
7697	6680
10199	9217
7838	6847
4577	3565
10411	9410
2277	1288
6952	5950
7255	6263
3949	2945
10476	9485
2158	1145
1259	272
3355	2337
3973	2964
6180	5199
3975	2979
8437	7442
2230	1243
6922	5925
9875	8865
2198	1210
2474	1458
3508	2506
7784	6786
2550	1564
3927	2925
6464	5449
7658	6653
6632	5626
4130	3126
1737	725
4017	3010
10774	9769
5420	4439
3390	2398
9965	8961
6853	5838
5292	4275
10750	9746
6555	5536
10508	9488
3852	2859
2720	1716
8794	7794
8389	7404
9765	8756
2435	1427
2703	1685
8384	7383
7477	6469
7668	6670
5120	4131
2553	1572
9112	8112
9186	8193
991	2
7685	6689
8052	7035
9622	8609
3583	2581
8536	7545
5671	4662
1053	62
10921	9909
10529	9543
3579	2571
8722	7717
10468	9484
2725	1731
8685	7691
2238	1239
2787	1807
9427	8432
10433	9441
5199	4197
9781	8796
10847	9855
10937	9934
10417	9418
1203	207
2843	1826
2230	1213
6435	5446
5769	4780
7556	6558
4608	3613
2504	1507
1799	804
9658	8662
6780	5764
6211	5196
4872	3877
5642	4627
6301	5299
9542	8554
10302	9299
4676	3688
5196	4183
2541	1539
9683	8700
6392	5412
2145	1141
3411	2411
8397	7380
1971	977
4275	3260
1539	531
5261	4256
9483	8469
4639	3648
8139	7157
10588	9608
10379	9391
10023	9036
7126	6140
2510	1512
8018	7008
2804	1789
6699	5682
2929	1938
5122	4139
4840	3840
3980	2967
4253	3262
4743	3756
4357	3361
8156	7147
5177	4161
6025	5023
7274	6270
7781	6770
2733	1742
3396	2397
7112	6117
9660	8653
1511	512
3447	2437
7994	6991
1930	914
8610	7617
5960	4973
4780	3776
8504	7517
9625	8628
10195	9203
2170	1183
6007	4999
6978	5994
9884	8884
8171	7157
4696	3700
2128	1129
6990	5988
8140	7122
10054	9061
1997	989
6411	5396
1126	128
4730	3728
2163	1173
1808	788
2860	1848
9191	8210
9670	8670
6037	5032
6370	5354
5824	4843
2884	1901
8815	7811
6847	5842
10165	9170
8123	7111
1319	314
1310	295
9716	8725
4264	3270
6748	5746
8350	7333
3734	2744
3590	2581
9660	8664
2207	1223
6743	5748
3335	2330
4749	3732
10530	9513
2694	1695
9389	8381
5265	4260
8140	7123
1242	253
10626	9624
10675	9669
6364	5377
4051	3037
4728	3725
10086	9091
7455	6461
7861	6879
2505	1501
8233	7241
6775	5769
4243	3242
7455	6461
6572	5587
6166	5178
2168	1148
3671	2686
8566	7566
5785	4804
2965	1968
8706	7704
3467	2466
5254	4239
8688	7698
1692	677
8260	7277
2275	1291
7363	6367
1207	198
6880	5874
10820	9815
5291	4271
6315	5327
5768	4780
4118	3136
3552	2565
9112	8096
2219	1231
3402	2393
3636	2627
3140	2146
2632	1643
2431	1438
3229	2235
3194	2189
5920	4939
3379	2366
9983	8965
1656	643
10106	9110
5531	4520
2132	1140
4908	3920
2858	1862
4297	3285
4253	3240
10765	9758
4521	3513
9379	8376
10725	9719
4212	3226
4465	3485
3957	2945
5765	4759
3328	2339
1974	972
8190	7195
9595	8580
10594	9610
6165	5157
1158	142
3039	2023
1699	679
9986	8969
2307	1319
8199	7181
1125	145
6955	5936
5202	4196
8951	7931
9009	8008
8398	7415
9075	8078
9875	8882
8613	7599
4996	3978
1814	829
3561	2577
7151	6133
8771	7785
10751	9762
5178	4190
5501	4521
7112	6119
1841	832
4176	3158
8942	7941
8397	7391
7869	6854
2003	1007
1026	13
10159	9150
6480	5486
8616	7623
4281	3280
2683	1678
5281	4262
4179	3162
6199	5190
996	16
6167	5169
7287	6286
4966	3957
1974	989
3955	2950
3724	2736
7661	6656
1686	683
6661	5647
2986	1991
2908	1925
2699	1687
9862	8876
6451	5434
7477	6483
7753	6741
7228	6228
9653	8634
5609	4606
2140	1157
8697	7703
7595	6606
6500	5519
6469	5465
6237	5249
8591	7597
4472	3457
3398	2405
6744	5739
2482	1492
6287	5278
10823	9814
3492	2490
7578	6574
3507	2490
2035	1042
5102	4086
7588	6574
7216	6217
10662	9659
5501	4484
3720	2716
3137	2138
2319	1321
3428	2411
2242	1222
2398	1386
10432	9421
1358	345
2859	1848
9817	8799
4112	3113
2230	1224
4261	3270
6701	5708
3921	2929
2030	1028
5661	4673
8210	7216
4748	3742
5655	4635
4615	3624
1439	423
6011	5026
5039	4036
1493	478
8453	7467
8986	7978
6992	5975
5169	4182
3785	2788
1708	703
10984	9992
