500	636349
7850	6865
3291	2282
2224	1212
3734	2729
7533	6547
1225	206
10508	9503
8988	7999
1244	246
7755	6737
1966	975
8962	7963
7280	6290
6293	5274
6259	5269
10336	9355
1255	237
9495	8492
9080	8064
7761	6746
9775	8784
9845	8852
10884	9893
3010	1990
7805	6808
10711	9714
9371	8384
7923	6911
10338	9337
8434	7434
2217	1215
5696	4687
5142	4144
10919	9907
2609	1597
7669	6665
9868	8853
9863	8871
1109	106
9200	8196
7779	6785
4584	3564
7672	6657
3545	2526
4883	3900
1791	809
5398	4383
7201	6220
9478	8460
3049	2033
2580	1590
6572	5562
1545	532
4574	3571
4112	3132
4702	3715
2225	1227
7883	6874
9321	8323
10017	9020
8764	7755
4110	3104
9523	8540
3397	2403
1326	322
9315	8307
6012	4993
10173	9175
9656	8666
10603	9608
9940	8939
1240	226
2483	1495
2186	1168
5267	4284
7847	6831
4931	3938
4188	3168
3934	2954
5451	4453
8148	7153
5892	4879
4248	3242
4647	3661
2444	1428
2197	1212
10063	9053
9684	8694
8029	7021
7800	6804
7800	6800
1180	177
2965	1956
4769	3788
9886	8868
3462	2474
3864	2848
7319	6313
5824	4805
8928	7924
5752	4740
3333	2348
4558	3556
8718	7701
8023	7037
9126	8146
6254	5271
8402	7419
3002	1991
1994	997
10283	9286
1776	773
8990	7986
7410	6422
3821	2813
5960	4952
3955	2967
5162	4153
1834	846
6638	5622
6451	5466
4567	3559
10572	9562
3273	2266
3242	2228
6729	5709
7280	6265
4037	3018
1787	801
10797	9783
5889	4870
10537	9533
10568	9559
9476	8479
5151	4133
10685	9704
9944	8950
10305	9287
9181	8190
3076	2075
1098	99
10034	9014
5471	4489
5560	4562
4461	3451
3204	2219
3991	2991
9347	8354
4566	3555
5608	4620
6568	5582
7550	6539
4277	3281
2858	1876
6124	5123
2675	1660
10205	9201
7451	6437
9332	8323
10093	9073
9205	8202
2381	1365
6320	5339
2711	1702
7114	6129
7680	6699
5612	4608
1207	189
7958	6944
10107	9087
8594	7590
7928	6948
3082	2073
3402	2399
6594	5600
1603	587
7763	6765
7657	6645
6284	5270
7724	6711
7663	6644
9519	8515
3869	2865
3122	2115
9099	8093
4504	3519
9032	8050
8003	6984
6661	5654
2637	1647
2933	1923
5799	4805
4903	3919
5409	4415
2852	1844
7172	6155
8367	7355
5031	4050
1943	925
3611	2606
4978	3997
3629	2636
3095	2107
3142	2149
10402	9416
7193	6194
8205	7204
5429	4429
1718	702
2556	1560
9601	8581
3924	2939
9780	8761
9527	8524
10064	9083
5094	4098
7287	6291
8460	7465
6415	5404
2636	1649
7654	6648
6417	5422
9136	8143
4466	3462
7047	6043
10004	9008
2071	1087
8726	7725
2678	1672
9777	8765
7742	6757
2425	1443
4393	3406
3509	2512
4329	3321
9843	8856
6111	5105
1371	380
3285	2304
5053	4045
9647	8637
7190	6179
5392	4405
9296	8285
9434	8415
6268	5272
9586	8594
1648	653
10010	9023
10292	9290
10360	9376
4393	3404
10767	9758
7862	6851
4569	3568
9504	8509
4041	3039
10150	9135
9337	8317
7780	6791
1625	635
8940	7941
8299	7297
9066	8079
7777	6775
5260	4261
1756	741
2289	1298
6648	5640
1379	398
3063	2070
6471	5482
7023	6014
2077	1083
7538	6520
4563	3569
9862	8870
7843	6851
7659	6643
9588	8585
5705	4701
6506	5486
6502	5488
4026	3026
1844	840
2578	1588
6991	5974
1286	301
8027	7031
8039	7030
7822	6806
2838	1836
7950	6930
2134	1116
8825	7835
8731	7731
9511	8525
4233	3245
6548	5532
2266	1254
5696	4695
7732	6750
10001	9011
4712	3709
1644	661
10380	9392
2152	1172
5611	4616
3999	3012
9594	8602
6284	5294
9186	8170
4238	3242
8092	7108
2483	1491
1546	551
5622	4615
1277	289
8921	7934
4697	3680
8653	7639
4306	3303
8471	7470
3273	2273
4562	3569
6076	5056
4732	3718
3987	2981
3005	2000
1998	994
1082	99
6137	5150
10289	9283
7220	6223
2468	1453
9754	8773
9753	8764
1487	496
8189	7193
7001	5982
6579	5580
4981	3967
2317	1322
4343	3355
8026	7017
9996	8993
8432	7448
2577	1597
5530	4538
1421	430
10608	9624
4759	3777
6161	5146
3677	2682
10324	9344
10441	9458
8309	7291
5879	4865
4786	3795
2838	1842
8606	7594
4411	3412
6410	5395
5955	4971
8435	7448
2152	1160
8021	7011
6751	5770
10451	9470
9389	8398
1060	79
8481	7499
9107	8114
4582	3597
7650	6648
5065	4059
3479	2471
6759	5761
3760	2752
10547	9545
9097	8080
10261	9279
3643	2638
6551	5555
7723	6729
2704	1713
5671	4657
7037	6053
1280	291
1855	853
2075	1085
5372	4369
8638	7632
1431	426
9984	8977
7384	6365
7673	6661
3706	2700
1449	442
2918	1915
4370	3363
9239	8250
7785	6783
1023	15
6056	5049
6890	5880
1943	923
9851	8853
7671	6665
4940	3921
3462	2460
9705	8689
5124	4125
5470	4490
5259	4254
3202	2196
6247	5266
1940	932
4062	3073
4038	3037
7468	6474
9159	8175
9925	8923
2344	1361
7547	6538
2036	1034
6949	5955
10526	9534
4538	3540
5800	4792
10070	9087
6578	5590
7691	6701
7648	6650
7564	6577
9982	8966
3785	2787
8570	7569
10026	9038
2038	1057
4643	3656
5793	4787
8822	7829
7603	6620
6737	5728
1694	678
1039	29
3972	2971
9941	8960
3717	2721
1477	471
2973	1966
10982	9995
10423	9403
6738	5755
4367	3350
2571	1570
4346	3360
5118	4098
2161	1164
5344	4332
5961	4960
7609	6597
5904	4889
9085	8089
2904	1920
6302	5284
6759	5773
7750	6741
9895	8889
6339	5349
4792	3798
8377	7364
5610	4596
3642	2629
8048	7057
2829	1815
7583	6579
10487	9507
2840	1859
1843	855
10509	9517
3004	2004
7220	6236
7966	6975
3779	2795
2403	1423
6506	5486
8833	7831
10101	9087
1227	216
2769	1778
3851	2833
10458	9470
3513	2518
9061	8077
1171	156
8642	7629
3759	2775
7633	6649
