500	244460
10175	9173
2107	1096
5819	4829
2873	1883
3375	2393
2786	1805
1722	716
4570	3555
8775	7761
6386	5403
10539	9545
9134	8118
2360	1340
10093	9084
3488	2506
2889	1889
1457	468
1039	27
4954	3962
10906	9899
10000	8999
6398	5415
10578	9566
3414	2434
4414	3417
6500	5487
6941	5952
8220	7219
3129	2120
6960	5978
3479	2498
9806	8815
10954	9935
7178	6159
3232	2215
1604	613
2234	1225
9865	8883
8002	6996
1636	650
2326	1336
3902	2894
6784	5790
2148	1140
8831	7840
9639	8634
3784	2772
2720	1701
1954	950
10928	9908
6914	5917
9820	8811
6987	6000
10122	9116
5717	4710
1059	76
2393	1391
4133	3119
8215	7230
2914	1896
8804	7786
1598	614
4315	3332
5771	4784
1415	416
1389	407
8643	7648
6171	5170
6648	5641
6604	5597
2452	1472
3148	2161
8707	7709
3115	2102
6634	5640
9638	8621
4470	3468
2101	1118
1172	160
6308	5305
3437	2421
4845	3843
2067	1069
6383	5393
3058	2050
3585	2578
3245	2252
3188	2187
4992	4000
1518	502
3586	2572
8673	7661
3456	2470
4172	3183
8551	7533
7885	6901
5662	4681
6013	5022
5872	4857
5260	4242
5074	4088
8192	7196
3512	2503
8003	6989
9061	8065
10931	9927
6191	5208
1996	980
2587	1607
10808	9800
1257	267
3400	2405
5817	4821
9750	8732
8278	7281
9521	8535
6076	5076
6123	5116
5097	4079
6820	5840
10979	9988
2100	1104
5716	4716
10246	9240
2482	1502
10530	9525
5025	4027
10591	9579
2329	1349
3606	2614
1292	293
8079	7088
6995	6014
5573	4576
7898	6894
6378	5394
5128	4145
9218	8204
1212	228
1740	755
10360	9349
3911	2929
10904	9915
9541	8523
10361	9365
5450	4460
3379	2382
6837	5848
4563	3549
8037	7028
8568	7581
9564	8568
1036	51
6440	5428
2103	1095
8119	7120
10328	9308
10194	9205
1263	250
1459	478
4797	3815
10083	9073
8970	7986
1235	224
1528	542
9147	8139
8773	7791
6704	5684
6185	5196
8193	7189
6568	5565
7045	6051
10111	9114
9876	8875
6229	5242
5507	4523
1433	436
6511	5522
8325	7305
9498	8478
8423	7433
9569	8551
3269	2282
3925	2919
5701	4714
4623	3625
4597	3586
6353	5361
2860	1869
4521	3537
8528	7521
6575	5590
8631	7616
1817	830
10514	9522
10478	9462
1869	864
10510	9499
4104	3091
7984	6981
3672	2674
7440	6446
1265	264
1154	164
5942	4941
9900	8886
9983	8978
4603	3612
8159	7158
1949	934
6567	5565
7159	6159
9817	8836
3908	2918
3777	2777
7606	6588
6423	5438
3277	2283
3896	2913
5900	4904
10122	9110
4164	3178
10892	9896
2231	1234
3034	2045
8951	7947
9117	8125
1373	353
4905	3889
8076	7094
1415	398
2048	1056
4632	3647
3220	2231
8510	7492
8556	7541
5911	4922
10947	9966
5703	4709
8966	7956
10331	9345
1141	141
2628	1609
4175	3195
10475	9495
1960	943
2160	1156
1756	739
3676	2676
10442	9429
6520	5536
9325	8310
9936	8936
8743	7727
1759	748
4971	3970
3536	2526
7766	6778
2690	1684
2391	1382
8362	7344
6726	5714
7963	6977
10570	9551
1681	684
5805	4798
5473	4469
5283	4267
5949	4936
4799	3779
2447	1466
10272	9253
8087	7098
3393	2390
10002	9011
5775	4787
9447	8435
6925	5906
5461	4454
1702	700
3497	2509
6473	5487
10574	9563
7234	6250
2867	1858
10818	9808
2509	1519
1629	611
9117	8117
5048	4062
4638	3651
2000	1013
2299	1311
10939	9936
10258	9240
9313	8331
4435	3450
1286	299
10209	9222
2414	1418
8906	7924
1296	291
3637	2647
2286	1282
5005	4019
6541	5560
9625	8634
3266	2267
7422	6416
8524	7533
1392	399
7291	6284
5925	4910
9340	8355
10157	9147
3124	2116
8048	7048
4655	3662
8497	7509
4484	3483
2353	1366
7577	6579
7465	6481
1471	477
8271	7279
3679	2661
9979	8992
5163	4172
9461	8442
2369	1357
4012	3024
6331	5339
3648	2666
1643	631
1487	500
4422	3441
2904	1913
2528	1542
8760	7778
9649	8642
9961	8964
9316	8297
5836	4855
2648	1628
1162	149
7075	6059
7070	6056
9876	8880
3470	2461
2164	1172
9522	8530
3585	2589
9705	8715
5835	4834
7539	6559
3251	2233
9186	8201
7361	6381
8102	7092
1242	236
4796	3816
9602	8583
6114	5126
4513	3530
3721	2718
4951	3967
9122	8129
9616	8613
10613	9618
9145	8152
6708	5691
5464	4449
10998	9994
1266	255
4428	3443
7242	6230
3297	2283
3801	2795
5569	4562
6032	5050
8684	7665
10952	9947
9101	8090
2618	1623
1805	824
10950	9967
3523	2542
2777	1757
10593	9580
6768	5773
10127	9111
2598	1581
8490	7480
2250	1255
2014	1004
5189	4170
2535	1543
6465	5481
3357	2357
10337	9324
10128	9124
4825	3842
7944	6951
1601	583
10301	9300
5219	4236
9820	8802
4944	3947
4268	3276
3882	2874
3767	2749
7359	6356
5746	4748
4094	3109
8370	7390
8377	7391
5916	4922
3055	2052
3209	2213
2602	1587
4901	3896
1547	552
1235	253
9956	8955
10809	9812
2585	1581
9547	8563
4732	3744
2368	1387
1487	497
8021	7006
2200	1186
4060	3059
4678	3683
3291	2271
1170	161
6495	5513
10014	9020
9822	8816
7697	6708
3155	2162
9506	8489
9429	8444
9296	8293
1553	552
7923	6939
3699	2713
3732	2746
1497	497
10093	9074
10883	9899
4192	3186
3223	2211
9366	8381
3759	2774
5904	4923
2871	1857
8758	7750
4634	3622
6532	5546
8682	7682
3843	2843
10444	9453
7837	6854
3942	2959
3058	2042
5246	4241
4738	3736
8079	7084
4744	3739
5776	4762
7439	6454
5501	4504
2637	1638
3448	2436
2782	1802
4068	3068
9812	8794
2684	1693
4872	3852
1713	704
3282	2279
6444	5457
8523	7527
3577	2580
10436	9436
9393	8381
8670	7689
5144	4128
8023	7030
9870	8863
10198	9178
8662	7680
9019	8026
2702	1715
6308	5293
5813	4805
10530	9515
2791	1783
6131	5151
