500	626288
7857	7857
7854	7854
4995	4995
1760	1760
4866	4866
3190	3190
2156	2156
5463	5463
9438	9438
1306	1306
4534	4534
2015	2015
6368	6368
6624	6624
7348	7348
6139	6139
7941	7941
1371	1371
9204	9204
6003	6003
7445	7445
1398	1398
2656	2656
3281	3281
485	485
1055	1055
3644	3644
3797	3797
6408	6408
2754	2754
3814	3814
5691	5691
1939	1939
2083	2083
7036	7036
3324	3324
8993	8993
1972	1972
1753	1753
7024	7024
8633	8633
5399	5399
2549	2549
6452	6452
3657	3657
8949	8949
5356	5356
6146	6146
6189	6189
9874	9874
8297	8297
1524	1524
7773	7773
5544	5544
5604	5604
8172	8172
76	76
4764	4764
7778	7778
7425	7425
8176	8176
9042	9042
2075	2075
121	121
3591	3591
9121	9121
7811	7811
4202	4202
3412	3412
3155	3155
6524	6524
5696	5696
5743	5743
8202	8202
4423	4423
2961	2961
1713	1713
2178	2178
5034	5034
7808	7808
7126	7126
64	64
905	905
1767	1767
9531	9531
8883	8883
9712	9712
9355	9355
3328	3328
185	185
6063	6063
5823	5823
1416	1416
3540	3540
3941	3941
814	814
8530	8530
3102	3102
3340	3340
4580	4580
7664	7664
2138	2138
193	193
6707	6707
6617	6617
2073	2073
3863	3863
5359	5359
7380	7380
965	965
4690	4690
3417	3417
5182	5182
4534	4534
8642	8642
7299	7299
2086	2086
3137	3137
955	955
3154	3154
4365	4365
6614	6614
9147	9147
8003	8003
5606	5606
2589	2589
2808	2808
5477	5477
1081	1081
660	660
6	6
8672	8672
1611	1611
1270	1270
5019	5019
7586	7586
7473	7473
9344	9344
3653	3653
179	179
6968	6968
2750	2750
5942	5942
6769	6769
7654	7654
5850	5850
1621	1621
1459	1459
3881	3881
5385	5385
549	549
2289	2289
4295	4295
3210	3210
5670	5670
8502	8502
9139	9139
7903	7903
8791	8791
9616	9616
3233	3233
1072	1072
4785	4785
2878	2878
5384	5384
8266	8266
3158	3158
2586	2586
2383	2383
1468	1468
1843	1843
6350	6350
9131	9131
4364	4364
486	486
8221	8221
5469	5469
7330	7330
2804	2804
3681	3681
4119	4119
9949	9949
1230	1230
4246	4246
8415	8415
4948	4948
7726	7726
9410	9410
8732	8732
4284	4284
1812	1812
4872	4872
6724	6724
5476	5476
7129	7129
8228	8228
174	174
9101	9101
295	295
968	968
8518	8518
8555	8555
6071	6071
8442	8442
7377	7377
8674	8674
2360	2360
1899	1899
6290	6290
2557	2557
4988	4988
9477	9477
5902	5902
2622	2622
5928	5928
5612	5612
8634	8634
1224	1224
8550	8550
365	365
9398	9398
1466	1466
9479	9479
3299	3299
3560	3560
1297	1297
9957	9957
8714	8714
9739	9739
8613	8613
8220	8220
5408	5408
5744	5744
3297	3297
7256	7256
7621	7621
6404	6404
9876	9876
5101	5101
8383	8383
3649	3649
6998	6998
3075	3075
1366	1366
8669	8669
7479	7479
2683	2683
7591	7591
667	667
9950	9950
7620	7620
5028	5028
9521	9521
870	870
3577	3577
1676	1676
3151	3151
3899	3899
5486	5486
9111	9111
4922	4922
6486	6486
9780	9780
7055	7055
2943	2943
4770	4770
2746	2746
916	916
273	273
9080	9080
5165	5165
1798	1798
3725	3725
5485	5485
8585	8585
4690	4690
9236	9236
7516	7516
7257	7257
5429	5429
8713	8713
353	353
5033	5033
5123	5123
9287	9287
7516	7516
2907	2907
6538	6538
9438	9438
6274	6274
3568	3568
8649	8649
8961	8961
9552	9552
3424	3424
4346	4346
686	686
7955	7955
5963	5963
7759	7759
2399	2399
4473	4473
5952	5952
565	565
7673	7673
675	675
3189	3189
1486	1486
4649	4649
3384	3384
7085	7085
2254	2254
4229	4229
6104	6104
925	925
1098	1098
1835	1835
4442	4442
1979	1979
9647	9647
1499	1499
6628	6628
3018	3018
4096	4096
3019	3019
6833	6833
9104	9104
1822	1822
351	351
8932	8932
3045	3045
4057	4057
6142	6142
2080	2080
3125	3125
9245	9245
5355	5355
5387	5387
2508	2508
8443	8443
712	712
9982	9982
8553	8553
4516	4516
7680	7680
9691	9691
5395	5395
1116	1116
2686	2686
4850	4850
3082	3082
2079	2079
2899	2899
6013	6013
2786	2786
2928	2928
9269	9269
226	226
2577	2577
2202	2202
7240	7240
9883	9883
5308	5308
8872	8872
1067	1067
7718	7718
6113	6113
9958	9958
4478	4478
6239	6239
3939	3939
576	576
7498	7498
7213	7213
8208	8208
1351	1351
5973	5973
1695	1695
6237	6237
2268	2268
62	62
2447	2447
3023	3023
8015	8015
959	959
8168	8168
4604	4604
2316	2316
370	370
265	265
1649	1649
7136	7136
9608	9608
6269	6269
2905	2905
5531	5531
1027	1027
8969	8969
6925	6925
7472	7472
4039	4039
8143	8143
8254	8254
5953	5953
7050	7050
7701	7701
2725	2725
3148	3148
5782	5782
2894	2894
1990	1990
6760	6760
6003	6003
2372	2372
6665	6665
4090	4090
1520	1520
8544	8544
2603	2603
4004	4004
8858	8858
3110	3110
8437	8437
3119	3119
9015	9015
8848	8848
2381	2381
524	524
7619	7619
947	947
4326	4326
2717	2717
3212	3212
3503	3503
4953	4953
4421	4421
806	806
6977	6977
5845	5845
4535	4535
5815	5815
3876	3876
2761	2761
2684	2684
436	436
2682	2682
7544	7544
4509	4509
87	87
6301	6301
8082	8082
1456	1456
101	101
4636	4636
9338	9338
5789	5789
5959	5959
1543	1543
4684	4684
3807	3807
7881	7881
243	243
8333	8333
6047	6047
4089	4089
1288	1288
5856	5856
3136	3136
6584	6584
9375	9375
2114	2114
3933	3933
6833	6833
2981	2981
6117	6117
2835	2835
9271	9271
5609	5609
8841	8841
1334	1334
7834	7834
8059	8059
8925	8925
1365	1365
5005	5005
5461	5461
7196	7196
7340	7340
1646	1646
6676	6676
7255	7255
9744	9744
4092	4092
8864	8864
951	951
9343	9343
5723	5723
3303	3303
5654	5654
831	831
