500	240511
2857	2857
9808	9808
621	621
8223	8223
6057	6057
8731	8731
4276	4276
7223	7223
5854	5854
5885	5885
4706	4706
259	259
2831	2831
2168	2168
3942	3942
8545	8545
1853	1853
9910	9910
7802	7802
7663	7663
3603	3603
7731	7731
7261	7261
8208	8208
9220	9220
6061	6061
8073	8073
9614	9614
714	714
6380	6380
2151	2151
9732	9732
9650	9650
8266	8266
7713	7713
4588	4588
8909	8909
7300	7300
9957	9957
2325	2325
5079	5079
8971	8971
3365	3365
1126	1126
6403	6403
250	250
9793	9793
787	787
8582	8582
1269	1269
9626	9626
441	441
9581	9581
1697	1697
8268	8268
4492	4492
8057	8057
5959	5959
7965	7965
6622	6622
1874	1874
7196	7196
7699	7699
4246	4246
540	540
5893	5893
327	327
390	390
7870	7870
1973	1973
8175	8175
6442	6442
1256	1256
3674	3674
4305	4305
8232	8232
9822	9822
7987	7987
9629	9629
2374	2374
9729	9729
1686	1686
3976	3976
5936	5936
4254	4254
9983	9983
2712	2712
8731	8731
3322	3322
8560	8560
247	247
3578	3578
6992	6992
6366	6366
5679	5679
1906	1906
7482	7482
1731	1731
6843	6843
2136	2136
1170	1170
4632	4632
6676	6676
9733	9733
1393	1393
5089	5089
6053	6053
2673	2673
2033	2033
6063	6063
2879	2879
9743	9743
8319	8319
8009	8009
9304	9304
4849	4849
8434	8434
4496	4496
1474	1474
6569	6569
6550	6550
9102	9102
5889	5889
9650	9650
3923	3923
2283	2283
181	181
4431	4431
173	173
8729	8729
4220	4220
3649	3649
6295	6295
4615	4615
1444	1444
1281	1281
1390	1390
9135	9135
403	403
5179	5179
1719	1719
5779	5779
9989	9989
2890	2890
7508	7508
2589	2589
4527	4527
8889	8889
3710	3710
3642	3642
2354	2354
2204	2204
5998	5998
5093	5093
5436	5436
7721	7721
2427	2427
5088	5088
8241	8241
8582	8582
3730	3730
9844	9844
2351	2351
9241	9241
5320	5320
3635	3635
3834	3834
8140	8140
5565	5565
8466	8466
70	70
6694	6694
1376	1376
9016	9016
3484	3484
5620	5620
6520	6520
3685	3685
1468	1468
6267	6267
2430	2430
3648	3648
209	209
5521	5521
2073	2073
3913	3913
4290	4290
5378	5378
6445	6445
5497	5497
306	306
3580	3580
3397	3397
4040	4040
3218	3218
3406	3406
3936	3936
6540	6540
811	811
7558	7558
8224	8224
1660	1660
132	132
1426	1426
1589	1589
1466	1466
7783	7783
283	283
9516	9516
6479	6479
858	858
1979	1979
7461	7461
5552	5552
1529	1529
2687	2687
4249	4249
4659	4659
1465	1465
9935	9935
3402	3402
8464	8464
5789	5789
9298	9298
7512	7512
2743	2743
619	619
1903	1903
44	44
447	447
4045	4045
5147	5147
5714	5714
1987	1987
6142	6142
8972	8972
2879	2879
3881	3881
932	932
3922	3922
9058	9058
8407	8407
9830	9830
8787	8787
5141	5141
2240	2240
5568	5568
1850	1850
9267	9267
5757	5757
2588	2588
8374	8374
1512	1512
2300	2300
773	773
3251	3251
81	81
8692	8692
1698	1698
5292	5292
7806	7806
7103	7103
4003	4003
4663	4663
4265	4265
6341	6341
4817	4817
4020	4020
8766	8766
906	906
1544	1544
5778	5778
7475	7475
3484	3484
9352	9352
3911	3911
404	404
1649	1649
6953	6953
1209	1209
3118	3118
7431	7431
9893	9893
6337	6337
4236	4236
9740	9740
2070	2070
6353	6353
2180	2180
6231	6231
7388	7388
1975	1975
8863	8863
5007	5007
2825	2825
2641	2641
6394	6394
4314	4314
533	533
2956	2956
1142	1142
112	112
1400	1400
9601	9601
8345	8345
875	875
983	983
5276	5276
4081	4081
6503	6503
976	976
2648	2648
3111	3111
4733	4733
4484	4484
49	49
3515	3515
5151	5151
4068	4068
5754	5754
898	898
2774	2774
4133	4133
226	226
3316	3316
14	14
1395	1395
1846	1846
9068	9068
3916	3916
7395	7395
4784	4784
3118	3118
4067	4067
9002	9002
1928	1928
2570	2570
7527	7527
1141	1141
5829	5829
1414	1414
551	551
6546	6546
8808	8808
1838	1838
2337	2337
9124	9124
8760	8760
7295	7295
6696	6696
1003	1003
7466	7466
1736	1736
3239	3239
472	472
5712	5712
6167	6167
1664	1664
6048	6048
7569	7569
5864	5864
3194	3194
1114	1114
6502	6502
1082	1082
1209	1209
8761	8761
2732	2732
2186	2186
48	48
9527	9527
8592	8592
5277	5277
1213	1213
4727	4727
3264	3264
6426	6426
7441	7441
6417	6417
8944	8944
2736	2736
5280	5280
2395	2395
9492	9492
3113	3113
3199	3199
8525	8525
3371	3371
723	723
1363	1363
1350	1350
3504	3504
280	280
4479	4479
8622	8622
5523	5523
7338	7338
2896	2896
6472	6472
9959	9959
7935	7935
5100	5100
8830	8830
6415	6415
9747	9747
9040	9040
6417	6417
5774	5774
9631	9631
1211	1211
3226	3226
8278	8278
1648	1648
3719	3719
3353	3353
4059	4059
1449	1449
7356	7356
3855	3855
1865	1865
3862	3862
5967	5967
6830	6830
1662	1662
3037	3037
7313	7313
7175	7175
4096	4096
693	693
911	911
8060	8060
7887	7887
3024	3024
783	783
6113	6113
8428	8428
197	197
1218	1218
9292	9292
3881	3881
4576	4576
7081	7081
2574	2574
4771	4771
1277	1277
5283	5283
7886	7886
7494	7494
458	458
7565	7565
2817	2817
9789	9789
4587	4587
1683	1683
2546	2546
3411	3411
3180	3180
6191	6191
8537	8537
8892	8892
843	843
9743	9743
2891	2891
750	750
5528	5528
5753	5753
1034	1034
6208	6208
9234	9234
9791	9791
3977	3977
1162	1162
57	57
8494	8494
7271	7271
1189	1189
3628	3628
8630	8630
3942	3942
1126	1126
5875	5875
486	486
7952	7952
4976	4976
4887	4887
5995	5995
3797	3797
1748	1748
4053	4053
4151	4151
4979	4979
1707	1707
5371	5371
24	24
4124	4124
8373	8373
3112	3112
3737	3737
5859	5859
7428	7428
