500	2130867
1060	6636
9507	4084
8499	1215
2847	5443
1515	5095
6992	5282
7867	5129
8712	456
4734	2050
153	8425
7518	8513
8241	6882
9211	2917
1373	3478
5614	858
6693	2322
1620	4699
4728	8296
8963	6152
3544	6681
3666	5408
3366	9324
6216	8054
3689	3625
5213	6484
6312	675
28	4191
5040	8498
2912	6850
5552	8827
7483	6964
7751	3323
4514	9281
8976	1032
4914	6554
9628	3311
3458	434
6452	3523
8238	6243
2087	4828
8620	7721
5570	5073
976	1403
7096	7975
1505	1410
9667	8851
9046	8896
6503	3725
6506	1657
5840	7967
7271	9726
5815	7197
8401	4326
6432	907
5818	1589
95	6734
4074	6740
8820	6664
5867	4503
6172	1467
2810	9622
3081	6418
3624	2335
7198	4057
2159	884
4185	5852
8207	8893
2003	470
1262	6165
8963	4857
278	520
9384	7203
4397	1197
2712	9799
4778	3016
7971	1411
5789	8723
7046	549
3788	6321
8866	4785
5408	3611
6332	259
4874	6840
2420	3258
2412	7563
7657	3962
2069	1459
9492	4107
7408	181
6586	6417
2306	960
2768	3435
7813	8266
2928	9555
8690	427
6568	2366
7315	7157
1777	8652
3878	2049
4741	1047
6829	3737
9303	2968
1192	4529
576	4893
7268	9489
9549	1756
904	9088
9655	4343
8603	4026
7368	6187
2242	6982
3494	5646
588	9140
3011	9305
3942	6938
9548	783
1234	7024
6460	5817
5562	6934
9761	4692
8828	8735
2133	8892
3507	2398
3000	5146
4967	1384
7047	1181
1780	3940
2658	3892
8158	482
3535	220
270	7132
369	3524
7835	3659
2239	759
6044	2598
993	5543
6302	4739
4804	1290
6758	3811
2329	3292
4661	6659
7487	5166
1857	6072
4864	8701
7629	1187
4677	6843
6399	238
315	9060
4589	6825
5085	8211
8740	9380
7637	335
2085	3669
3195	8177
465	7708
1807	9929
7873	1056
2509	4797
7824	13
6795	8248
442	9914
4810	4774
6962	9184
4172	7529
7763	862
1660	5792
7309	1537
8933	8305
2271	1649
8563	6222
2493	767
3407	8777
6952	5285
4892	6679
1730	3001
467	3170
7703	4882
9435	6144
3901	2205
5577	4863
3109	5313
3601	7659
4173	7796
4816	388
1430	3365
4598	5397
8151	7788
9773	9736
3612	606
9504	3322
6565	1944
8236	9534
7756	6301
2182	5617
8194	6199
3624	5939
3879	2424
55	153
3508	278
8499	9850
1666	9495
1837	3712
3653	5751
7138	2272
2397	1492
9230	2693
3092	3043
7333	1135
9213	2818
3678	4162
4792	6020
3860	4987
2895	2383
3913	4002
7172	3997
3995	6273
5305	404
9224	9501
6423	9413
7833	1172
8476	5666
2634	407
3987	526
3498	5452
9020	9113
9894	141
99	5416
6127	5821
4098	4823
2488	9170
1005	4302
345	861
5563	3290
928	4463
4593	7043
4456	8985
810	4663
9266	5646
1939	1464
7663	8687
5132	3213
1953	5760
3690	9977
5566	4009
7986	4932
1564	6272
3764	124
7214	8677
7751	7711
7613	9410
7914	4734
1204	7434
5286	2571
3393	555
9769	4064
4737	6894
3329	9716
7483	6284
1488	8389
5885	7820
6005	762
1106	6715
633	3565
8796	6594
5600	4345
5720	6162
1297	8504
2350	2008
9827	3751
3781	7039
5193	6274
4799	1326
4025	2719
1240	4334
8561	2837
2531	3156
259	7781
1726	2300
6564	3734
2748	806
3388	4555
7306	3447
8173	4573
832	4767
9808	473
1948	5698
6099	4630
4548	9957
8648	1466
3124	3591
4065	9259
5535	9145
9845	2373
8844	5179
9363	755
2349	816
7171	5710
1310	2035
4839	1304
2741	4453
5159	438
1631	3755
1790	1388
7844	9014
7745	1190
1840	7801
3658	6808
5276	5311
8003	671
5482	4650
6386	3372
7174	1700
1331	6670
9771	6981
7838	9573
4823	5716
2345	4853
3363	4880
9239	8548
6889	3676
8289	1700
644	9509
7023	9813
2508	8493
9384	6186
6625	5139
853	2106
7524	2492
5776	9868
2486	8874
3204	5967
5962	8518
836	6668
3411	3567
5618	4892
3217	9591
137	9240
1541	8472
1218	6042
3085	38
2153	599
3668	5145
2684	2090
8231	3631
7385	5347
1006	1488
8915	4919
7067	4214
8482	2820
1301	7761
1765	937
1210	1680
5041	6893
4610	8178
4402	424
2653	4006
2007	3130
1044	7198
7312	223
8561	7175
1613	5844
7751	1547
9842	5406
3947	2099
6438	2120
3636	3690
4999	4414
663	4242
7340	8897
8016	4796
6976	1318
2169	6473
5788	5811
6143	7929
577	1707
118	9756
2806	2539
2077	2744
2714	974
9402	4869
6325	4576
9368	8478
591	8061
9308	938
4606	2992
5519	2615
8438	1284
5479	103
2461	2915
1159	4422
8431	1902
1903	2590
4011	5546
1734	4549
663	5613
6948	7650
2740	3768
8644	1635
6798	6038
4224	6515
3307	5892
1857	1764
1424	3930
6793	3037
5441	5540
8616	3693
7133	42
1870	1617
7160	7772
6522	9056
1172	7802
1985	8332
1188	3382
2674	3046
4826	5134
5307	4516
4861	9800
340	7499
9396	6829
3435	1955
145	7767
2878	403
189	2973
2574	3833
745	2029
3671	1947
6089	3099
2128	1237
6065	863
7392	7128
9543	9882
6695	9848
5799	1272
1256	895
3072	7264
6978	7795
7955	5871
6735	1741
751	1794
7483	8999
3241	2222
2693	8453
71	1338
4699	2055
8266	7448
4278	5095
3294	318
8792	138
1511	2392
9640	1108
2680	4036
4460	1752
8885	8558
7677	6091
2217	5239
6507	4958
2729	7109
8190	104
811	7629
5727	4113
504	9349
1085	1238
5985	3951
4476	2208
9817	5359
7709	7168
1605	332
7613	4825
7029	8313
7710	9772
4905	4481
5247	6156
4301	1568
7492	8139
7114	95
4012	1435
2967	2355
1452	5895
5252	6473
6516	7550
7282	7070
6702	2487
5975	6597
7013	1216
6729	6646
2633	1264
3611	1514
9762	9883
2241	1306
677	2286
7855	2529
4101	979
4914	6864
7365	1444
7892	6126
4322	3734
2797	2919
2675	6881
3291	6669
2841	4080
