500	2304229
5426	4336
7941	5152
7648	6389
679	1822
4417	9287
6940	8222
7015	8623
9095	1737
842	4130
4865	1385
8904	8476
3393	5526
5204	1486
2900	5069
4718	8788
2375	9285
6318	2600
9261	5295
6522	4837
6782	4123
2383	4220
6584	8250
927	4238
2110	7468
5695	3755
7774	7453
5438	1478
2585	488
8962	863
8681	83
275	1512
884	2419
9388	6122
2227	7056
3918	9111
5627	2905
3464	1175
2139	9662
1303	9333
754	3134
4099	3295
4738	6934
5481	3472
3390	7476
5390	6878
1526	8060
1977	8362
5719	2377
2367	1336
5361	6800
5985	6225
2807	5933
6512	4083
8227	7612
6793	2492
2340	9179
9660	5521
4905	7609
6729	7252
6967	2402
9404	7150
2485	9741
4432	9688
2917	9266
6591	1175
2019	9330
2806	1227
4476	1596
1351	6269
3344	4244
6706	9821
5599	7218
2225	4130
8009	8234
8383	398
9600	4831
7930	7658
5953	4122
1136	1462
1911	9522
5304	8865
6778	412
7102	9444
6907	6907
7969	560
4871	7541
6776	1504
6479	3788
332	8909
7802	8041
940	7264
8204	607
7844	5882
3281	1581
1687	4542
7247	8216
2449	9203
1707	7104
7726	4360
7639	6210
942	1394
6683	8572
591	5706
4412	1064
8625	8649
8227	5412
930	3080
6759	3650
8308	1882
9816	7433
8972	4243
7848	7867
9650	3534
870	9549
9328	2242
2769	5378
7728	3740
8540	4301
856	9146
1837	4778
8127	1650
862	5614
8161	7024
696	6227
5792	1956
8819	1093
2862	2038
6424	6855
534	8428
5718	1385
9463	5740
1764	8330
542	1037
6855	8466
1261	5028
381	3016
5686	9459
9214	4053
6798	8528
832	1344
547	9967
1665	5502
1191	3814
1826	8801
7155	558
9044	3395
4309	9734
7888	1956
6751	6004
9717	9485
5512	1160
826	8027
7496	6404
9801	7051
7229	9554
6945	2385
4377	1986
7433	7902
3631	7642
6976	4319
1375	1856
8566	1145
193	8376
2276	4027
8697	3378
2246	8557
7083	6036
321	8680
2298	8471
7238	6472
7638	4249
4875	3350
2762	547
4286	6199
572	8979
4813	877
4779	2766
6210	4925
1657	6451
5246	437
6647	1737
4411	4430
2762	5364
3282	4594
6875	6841
9278	9516
3164	7770
2830	1201
9206	1023
1557	1690
4756	4916
2296	2689
7466	3191
1352	1500
4323	1253
8723	2602
8548	1873
6529	5284
3917	6511
5460	3708
5488	4164
3568	1564
2032	8365
6907	8425
7058	8448
6177	9396
8890	7580
1676	6264
8230	9089
1996	6101
1869	2166
7150	7884
2940	1351
9628	5463
4278	8279
229	6696
7346	7129
3445	5518
4928	9239
401	1119
5750	3801
9271	9720
6904	5913
7140	8535
2469	5336
5616	6819
4801	1656
7757	388
8060	1754
1082	91
3012	2854
5032	6949
3463	8035
3609	3181
1518	7258
6183	7929
7631	8710
9397	3461
6227	2480
2768	2442
431	2045
4252	3252
7246	2881
1580	6773
2654	5524
1390	5365
1227	1173
8168	8429
6043	6050
323	9364
6521	9021
3814	5259
2741	6340
8233	4283
3979	1774
5833	1604
3263	6942
8653	4701
6132	3752
1282	9056
8959	7982
977	7383
4830	206
5912	1500
5593	7577
6119	1832
2678	8606
9155	9151
3003	7721
9561	4729
2421	4794
3625	9396
9824	1040
6611	5539
1337	7950
1132	4798
4152	4144
79	7451
2076	9522
2221	5239
8969	2350
5990	2563
1147	5243
5186	3668
6376	7250
9333	4352
202	3286
9639	4406
7844	7550
2505	4732
8270	8192
3612	40
5786	870
8919	7770
2616	8594
2632	1705
9178	2456
64	2875
6563	4328
1024	7498
1963	4052
4045	7426
5297	1309
9972	6340
3934	7387
5316	935
6782	3918
2343	3233
2010	8813
1614	1533
2994	2622
9026	1985
8359	2558
484	7712
9471	3095
7437	5372
3402	6114
2368	7840
1331	1392
3635	1441
9158	2015
3472	4512
6803	3205
6143	9570
8102	1564
2639	408
5604	8532
2547	7856
5278	9363
9758	490
3126	2712
5519	9989
2697	2102
2385	5916
3223	693
8408	3489
9897	8580
2171	9844
6576	9934
9250	4949
5305	4129
3212	6135
8554	5502
7850	7305
2277	4130
9061	4254
5696	8887
2233	8141
4581	2312
5509	5732
8171	8755
5997	618
250	6355
4694	8891
9144	2965
6969	6465
1144	5561
4834	506
2150	2182
8156	7362
185	5928
941	9223
6097	8286
2851	8482
1966	8697
9200	4705
4784	269
9169	7143
3081	4967
4201	9257
1565	7166
6431	5939
6468	4783
1061	4084
6424	679
9450	7129
5998	7769
5027	9901
4515	6677
3019	959
4913	3474
3529	1192
3935	344
2356	7707
8876	5152
3620	8976
3416	9391
954	9936
1375	2201
893	1290
8084	2889
1836	635
1609	6799
2032	349
5784	1328
4549	332
4423	1252
455	9602
3702	9080
700	40
7413	2575
4882	4618
5743	8365
4899	1705
4824	4814
7188	6874
3268	5728
5021	8716
402	4586
28	6999
8076	154
4331	6238
646	2923
3307	903
2216	1203
1106	5960
8027	9535
484	6654
8691	5518
3222	259
3663	7277
5101	3371
6988	7535
704	2109
8145	1685
2080	2775
7271	4701
6499	8982
8440	3388
8135	8662
2026	3428
166	612
1991	4450
6051	8534
3350	2362
9798	786
9946	3240
7408	7288
4937	6894
212	2529
2775	9919
9654	4140
7600	1563
8121	4122
5562	442
8452	8278
4661	5057
289	2364
8251	8996
1212	1317
9456	8819
7788	2963
6113	3845
8724	2055
8665	9095
6521	5090
8307	8222
3422	9487
5598	8394
7351	1340
4280	9577
301	7173
4795	3168
2208	5221
8306	9301
4439	7458
4559	2590
7648	2673
7302	5344
3678	9161
8525	7576
1189	5542
2739	4233
4684	7413
593	2797
5258	1100
3393	5192
7528	3779
5041	1497
3730	8621
2687	4163
3468	1394
3165	2624
900	3615
564	2461
2977	5299
4749	2678
4008	7379
1497	5550
1016	3824
8815	8174
8206	4823
1017	2386
6617	4493
4101	9872
8264	9235
5857	6707
4881	6399
1479	8706
4920	1566
