500	232627
9450	1393
6825	2195
8683	6093
388	8786
8472	5385
6757	2337
2812	571
9833	9394
7836	5938
5276	7190
6654	1114
5934	4157
9510	423
2707	6882
3036	1792
4712	4564
6174	2866
7402	8805
2498	8651
2257	1677
3225	1296
7132	4004
1364	5548
2492	8588
9093	2605
501	8734
9066	6962
8347	3807
5871	767
4357	4755
3792	5221
7783	824
7709	3239
6562	2461
4995	428
4711	9363
1584	1267
2911	5767
1190	6629
4363	7245
9720	1526
1069	1111
9360	7731
8957	4824
2122	9181
7869	1052
9789	7919
4598	1970
5666	2880
4343	8100
5513	9507
9306	4616
4620	3710
5953	3138
1342	4107
5451	6096
1911	2552
3370	8659
7359	5571
9246	9561
9225	2273
5951	8303
6227	2534
366	7791
5614	1125
2423	17
7278	3118
285	2116
2890	8750
4203	705
9598	1321
683	684
2241	5720
6491	6751
1796	8652
6786	7417
5477	5968
1528	3258
2334	5557
9126	8306
4071	7884
2330	3483
2376	872
1412	1831
1017	669
4682	1649
3256	4510
6430	3252
9143	4909
3746	6023
6517	5193
6981	2200
5615	9301
2159	1866
1143	6361
3053	3843
8737	7587
1727	6832
9887	9482
7747	415
917	5041
7601	178
5421	1008
6386	4445
3747	151
4367	2732
3510	7953
7799	894
1200	9925
4314	3445
6201	3685
4074	2494
3963	8192
3718	5338
9972	9786
3475	2100
5055	4314
3751	3217
2326	4729
9826	5970
5167	3151
6576	1412
7236	7982
644	4247
526	6891
6965	9748
871	4591
9594	8248
7051	6494
6637	4014
8124	1479
8884	681
9305	5935
9438	3486
1237	2527
2472	8151
8802	2005
7634	4924
8673	8405
9395	4884
824	4680
9578	4715
2500	410
3584	3614
1788	4160
39	6496
8798	3772
6440	4402
8734	2487
5803	5345
2561	9852
1501	6381
1805	1557
3775	6686
2608	577
809	392
1901	84
4108	6208
157	2727
7506	4803
4548	7694
3643	865
8146	3222
7931	5693
7571	9578
912	7982
7406	4288
779	1783
3361	4427
8427	5672
7349	8450
4491	4022
1162	8960
6539	9082
8658	4837
201	5113
4467	9475
4518	1544
911	704
1126	5858
8710	4901
3848	3437
4487	1039
9333	6964
8233	124
2916	959
8063	4337
3712	3446
1411	2558
6104	7729
8374	1798
4026	3962
4321	5009
5716	9942
5032	7710
8082	8418
74	8472
7413	6913
161	6164
8338	3228
4964	4625
3484	3418
781	1346
2250	998
3780	9018
913	5149
5035	4238
3705	6226
8146	7136
1154	3579
4598	420
2243	7752
3994	320
321	5964
8449	3879
8709	6633
4727	7566
3777	19
5676	5461
6065	2636
1959	882
4083	2589
2666	6233
5032	9770
5197	7046
1237	3558
2136	1408
4547	6270
4796	9977
658	9090
7838	4441
3825	3039
5002	856
6252	6938
3236	1324
9534	2312
2923	7746
148	6095
2806	5244
6833	2224
2981	1393
6343	6840
999	2730
8037	3663
1216	3755
3651	3692
2424	5785
6485	8833
9948	1762
4468	9343
1854	5970
3452	1878
6382	3693
4176	1310
9596	5759
6907	1921
2772	3906
2155	7033
3199	6360
3410	8735
3008	190
5676	720
7835	7856
3939	332
7956	6906
6433	2612
6841	4734
4519	1705
7745	3685
3284	8926
3197	7136
5904	7316
1141	94
2318	1806
2964	8182
2222	5767
968	7950
2312	7352
678	3892
5035	7029
1629	7473
4321	5821
5855	3978
1115	1842
2404	1241
3593	8527
6014	7999
9065	8662
8410	323
921	4528
3197	5620
1293	2429
3773	2502
7594	2463
2455	3102
3320	7542
998	2244
5157	7901
5923	3954
8587	8633
405	4499
9462	8526
8736	4150
9234	1417
3323	513
5054	4497
8563	7999
2533	7775
9344	9595
870	1836
1310	4344
7093	3741
6689	6869
3870	8603
746	4537
529	1738
8915	6674
8909	4939
9130	902
9782	5228
3603	6569
5753	6016
8323	3658
5591	4454
2948	2251
66	7632
319	7019
1572	3480
7425	3995
3433	5252
2443	5473
5578	4464
2332	6068
6174	9212
8570	2066
2034	6299
9907	9443
5927	5272
5793	8416
1393	6059
7517	640
4343	8424
5213	6000
2826	1412
4799	1668
3672	1056
3567	9927
5888	9743
7641	603
2958	6832
6947	7798
136	2973
8850	5744
6601	4103
3174	3323
8766	1746
627	3742
3489	1155
8444	1395
6970	2387
3324	5752
884	4149
4907	2315
2817	713
6035	3296
9719	4565
1886	7998
8290	862
4856	3096
18	2930
617	7201
9372	2700
2836	9983
3674	271
83	243
649	6587
8485	3727
902	2772
7912	5344
7194	4723
4950	9593
8864	9829
5359	3862
2899	7671
381	151
9107	9937
4433	7185
7406	5957
727	6472
1387	1959
9938	3279
3376	1941
7135	2103
941	7892
9813	2820
5161	1653
3074	1822
6214	3786
5749	485
6738	721
518	5764
6791	7353
8046	7574
7236	5365
4092	6622
2371	4196
2106	8227
661	1129
717	3797
4678	4751
228	6950
3432	2315
2566	7738
5810	642
9674	2291
1053	2353
5595	376
7008	4284
6624	6486
3994	4261
700	308
9043	5937
9597	8265
8388	7163
5119	1753
1370	545
2856	1300
5265	2512
3454	3125
9604	5826
3335	9047
1371	224
714	8865
6061	703
5076	6458
1099	1490
7744	6657
9276	2724
9291	2019
1285	2526
7267	3282
3766	6060
2704	9538
6552	6991
6211	5336
7868	977
3585	4491
7887	7979
406	3988
1078	5385
1195	8140
4098	58
7564	4809
6178	8680
300	9244
1414	3354
2292	1966
9589	6578
587	4605
4886	5554
9955	1000
5940	5910
7080	7837
7787	3241
9322	6293
9445	278
435	7166
1735	6176
5518	808
9887	8334
3165	7454
596	5777
396	7835
469	7726
5016	576
4874	9251
561	83
7588	4136
4964	4800
4413	8263
3735	7405
7483	7532
7985	6781
2364	2384
5527	786
7906	3695
4619	682
5723	4088
2328	1297
4748	4046
8111	5251
5134	8203
4476	3004
5672	25
2677	7421
9800	634
9398	3950
6866	2626
3408	5178
8120	9534
