500	2287709
9529	9449
178	3195
5484	4408
642	9996
2652	2509
9979	9255
7685	3921
6403	2836
2773	6088
2534	8456
3142	3680
8524	5288
1845	8207
4285	9040
5799	1475
1749	7647
1282	3785
5362	9024
7103	3067
4889	8545
7968	809
4256	2032
7529	7078
7358	3092
9034	3325
5104	4940
5325	8088
4675	9661
1978	5050
549	1070
7883	988
7138	1254
3530	7919
2427	2629
9028	4963
2019	2954
45	4591
8	7472
7195	8176
590	172
6994	1528
8953	2370
2042	8133
5208	6418
3631	8170
4447	3517
379	3178
124	7544
1755	5457
3125	2532
3640	2850
4454	3176
4527	4415
4196	6504
5271	3858
8992	5028
2701	5944
7020	2911
7949	9741
6856	9619
4669	5539
7688	2183
4354	8379
9363	2532
3243	7157
21	1991
678	6662
6558	8255
7588	2787
6972	1624
3061	6140
6657	1897
9653	2606
2890	950
784	3967
859	8618
6036	901
3390	3219
6862	6574
8445	6305
6948	1235
5139	3898
2295	3544
7745	3439
6630	7479
6006	9720
1969	4806
8642	9899
9811	2203
3238	4692
8362	8666
1102	8849
9763	8611
252	8224
4622	7398
9699	2619
1955	2383
2737	2487
4596	1047
7432	9761
4670	3632
8691	377
3070	9327
954	1894
4639	1934
989	3463
9593	5015
4413	9727
8334	9433
4921	7898
5449	1066
4964	8729
4454	3682
3155	4532
8249	2681
6542	318
4892	9552
3750	7381
653	8775
3387	9047
3628	3661
4281	9508
8728	4544
8570	2200
1534	7464
1221	6940
3029	9535
6561	8784
3698	3138
7713	3024
6623	8967
9294	3766
1043	8127
5563	2586
2300	2947
2100	4264
1274	2319
4801	8848
4450	1917
1563	5104
6523	3108
3349	1788
6849	3732
1921	8999
4550	3824
4864	9250
1480	3473
6451	685
7666	6338
5610	7622
1766	7332
3571	8619
6960	7106
8974	348
4063	5835
9776	9382
3598	1296
2811	5900
9384	806
9026	9958
6766	1923
1769	6080
9847	1645
3507	3329
3709	6916
4286	1068
1965	4069
4523	3550
1213	3933
3891	8724
9725	1241
6514	4296
6296	9458
2765	4500
3018	2461
1288	5366
5810	3743
6139	7638
5905	9636
9601	7166
8638	6718
2151	6834
1565	2654
6601	390
8698	6021
2663	1419
5312	7842
9079	3231
1866	4830
1414	3895
6472	3889
7190	4618
403	9128
598	2915
3088	6134
409	3412
542	1759
1045	7306
208	870
3880	2489
2821	874
4805	2853
3011	1571
7431	8628
7677	625
2133	1118
237	1641
8419	3194
2999	7180
3064	8024
2766	4266
8086	8462
1048	7187
9424	2705
1284	2034
9661	6904
3382	8538
8703	2302
2168	7614
6740	8405
5683	5056
4429	7138
8281	8705
9884	2284
2589	2973
257	4546
4826	1586
5084	6080
231	1560
4868	9483
9900	2257
1069	8221
805	3002
6156	21
634	4860
8026	406
5973	3092
4806	3224
3649	4072
7917	5648
4150	4351
2605	9403
2128	1431
9539	8454
1129	5572
2970	2225
6591	6410
3764	1967
5910	7491
1889	8641
2304	4375
7459	2254
7331	8279
1397	6169
6126	8771
5547	443
6504	197
9342	6050
9165	3660
44	7480
6992	8577
2764	7332
9286	4347
6029	4865
4027	1100
1112	8411
5128	7854
869	8752
9020	9516
4114	8083
1081	6720
1431	3367
2344	8548
8370	7151
9599	5761
9496	2116
5459	9885
8817	4902
5517	7314
4686	2582
6761	383
3177	8842
5926	9349
7149	373
4991	6531
6991	5327
5821	4833
554	1399
7322	6696
3890	456
2055	134
4116	2853
6872	1532
2170	7445
118	5614
5779	7137
7649	4430
9112	48
9174	9743
4469	9481
2863	6967
4671	3674
5847	6796
2902	4491
7511	4274
1771	8120
3388	5407
9694	6391
7088	6966
8323	4300
9140	3543
8306	8261
3954	2635
6922	3767
7183	6369
1011	9489
6272	7380
9877	7598
6325	5727
3299	213
7065	6507
5115	2085
3194	1426
1374	5596
5785	4936
2107	532
6900	2702
1501	2977
7081	4262
520	4957
9923	7771
5922	5017
6748	3231
9151	723
7737	4209
1984	4062
2117	9392
9630	801
9916	7750
2029	9188
2198	7271
1552	4386
3660	8701
8516	8444
2526	7994
7359	4215
223	8163
4622	8326
2294	6974
6129	8238
1562	9518
8525	8086
6556	5327
4527	2031
6043	2622
6616	9127
1236	5196
2707	5686
9443	4635
9178	1363
8101	9849
6184	5900
6849	8602
9195	335
3238	871
5593	1858
4696	2272
6615	744
7527	8630
7074	4058
8184	342
7593	2488
4787	2276
6421	1268
7081	5565
9429	630
6757	4333
8899	5385
2952	1831
5224	9127
1314	1562
8402	3839
6270	8827
1720	1981
7044	2685
6726	1560
8045	9139
7307	2931
8585	4180
570	7716
8183	2997
1112	633
789	3285
946	3811
1685	1023
9318	4581
8047	5571
4968	6052
6106	6832
832	3807
7519	8608
7851	7873
6089	2937
817	6301
6403	3845
978	4051
9596	7308
9843	589
9553	9626
8588	987
1826	9388
9781	5374
7482	9537
4749	7565
5741	3574
6964	4848
3469	264
7351	8759
2487	6315
4115	2814
1633	3234
8828	7316
6183	7372
54	6437
7339	5680
6738	444
4301	7969
6553	7883
4561	9954
8425	2967
8263	2902
5678	4041
3661	3251
9846	5789
4089	2511
5518	7917
233	1923
732	3234
6414	9329
5346	354
2580	6413
5529	6926
4499	4216
845	3300
5609	4966
9134	4637
6853	672
8876	966
4674	8717
8877	4799
2581	3323
5924	5073
1895	5267
9599	3395
2365	3005
1699	5751
593	4491
4385	8140
2965	9662
9694	6402
9301	4906
5841	7539
2241	2940
5983	2869
5583	2661
9807	3860
7121	5087
8387	1295
2996	7315
56	4534
8215	9587
867	2925
8987	6977
6368	7360
8259	8696
4931	7171
2059	6542
300	8555
4890	8437
5531	6080
5897	7573
6909	9266
7087	9672
4556	4569
8238	8477
6637	491
8567	2677
9668	9439
7507	7018
2521	8329
7602	771
6530	2756
870	3243
774	7910
5511	6148
9656	8780
3663	6284
7849	5271
6990	5126
8832	774
