500	239384
4391	9429
6742	7448
1318	980
5542	3111
6649	3493
735	9916
5432	8686
4732	5127
4453	3830
8500	6887
3211	433
864	959
9658	2750
672	1357
9057	1160
113	4794
1374	1394
7780	2611
9218	659
1431	2331
2870	1153
6320	2017
6307	2738
3832	9276
9194	8761
3588	5538
5260	2371
4405	4217
9754	8559
3530	2963
1016	4076
4656	4540
7355	9321
3534	5062
8160	2547
7821	9260
6166	8334
8197	4170
8212	1986
3169	5761
1716	84
6842	5914
3201	2216
4641	4782
8316	2220
2700	8767
824	1679
6307	1187
8655	7774
4980	6202
7590	6811
6182	3121
1559	5119
3191	2429
4935	4769
3703	7886
1027	776
2439	3318
9237	1638
9154	6371
8230	102
4349	504
7779	6024
6724	6538
398	9607
5049	8564
687	8562
4918	6418
6900	5299
7312	7237
5455	1861
4471	5373
3952	3410
4611	5547
6780	8201
9107	6536
3027	9675
1504	8889
8409	9190
3135	8232
9052	4226
39	2355
6401	6812
5081	8125
3515	816
201	7386
8364	3774
5560	3704
9610	3013
1205	67
342	8738
2152	8577
1603	9488
3117	5962
4635	3643
9336	9534
9998	6164
3304	7756
4007	9446
4364	634
7225	7392
1627	367
2549	6826
81	3087
7314	4604
2018	3301
658	540
8508	3236
171	9818
9514	6866
5558	2899
3664	5198
1099	1029
6226	8101
1819	1774
7988	9968
8752	9584
7882	9168
2676	1927
9776	6119
8664	3528
5925	5645
9715	905
6410	4906
4039	6307
892	3098
6878	2782
96	6893
6813	1666
5139	2420
1073	3041
3468	6412
1538	351
2489	7687
8711	759
59	2308
9274	9949
7268	5616
6020	9222
674	5548
5331	4270
3324	425
8050	2026
3442	8317
9644	8251
985	7185
6589	3114
8362	5111
6970	9679
2356	2958
8819	5539
3564	7737
9834	856
4503	8358
8815	3120
8165	4058
1834	2336
3984	4437
3765	115
9592	6873
7515	7173
9391	2980
3310	8949
3209	94
3113	9618
7583	6815
3318	8303
958	1523
9774	4639
4153	5410
7758	6309
7270	3319
7124	854
4793	497
1951	1837
5839	5184
7603	3222
2196	6627
5055	2416
7041	6922
5222	5360
8530	8354
5628	8682
853	3195
9711	2920
8295	7305
7739	3354
2904	9876
7742	1717
972	6458
4673	9931
4523	5049
883	2459
7978	4268
8573	603
5311	1763
5449	6192
2670	4036
8354	294
755	3381
6424	8313
2039	5356
6000	3965
1898	2471
994	3826
7677	6548
9038	7729
7724	2069
1649	4394
1018	8183
4421	281
9973	1378
6436	6206
4463	5085
4786	2432
1704	5899
2573	3840
9250	6048
9602	8268
9608	5076
812	9441
9052	5271
5035	1048
269	7887
6822	6099
5118	5194
5220	7210
5618	216
6808	4051
1651	8731
3244	7798
8414	6954
9708	9698
2064	4293
8384	463
1825	3376
5749	1667
4959	7742
7520	7825
5414	5313
1115	9803
1806	8692
151	531
4517	3215
5993	118
6647	4995
6767	5263
4687	568
9152	4382
7350	3551
3948	6480
1951	413
8082	2139
3792	2237
497	5121
20	7845
9539	668
8517	558
6970	5704
855	1498
1613	1493
2653	3024
5145	9517
2592	7887
6363	512
2299	4113
6461	1027
2069	2398
6399	888
6059	4535
7619	3781
6366	4125
6489	8243
5694	3592
3730	512
3753	4324
6053	7729
4604	1562
6795	7032
9415	5508
7316	4706
5080	3317
7598	9357
7530	2502
7568	696
7553	5326
4228	9591
5204	800
5626	3791
898	543
4140	9587
6088	4171
8105	8350
5221	7277
1261	2323
4282	3124
9430	2219
9091	1392
381	5556
4635	9679
2474	4716
9881	8383
3530	9095
152	2576
62	143
7752	4465
152	6865
3461	6439
8278	5854
5133	6601
5521	2966
5222	9979
9832	833
7556	3914
2940	7796
8079	4464
8798	587
8687	4812
7108	2714
6530	6074
229	7994
6648	998
4658	7723
7403	2381
6805	2744
4754	603
1069	4438
5720	368
5772	4096
8681	4544
9357	4405
6093	3951
3864	4623
3662	524
6564	6070
7200	5073
1078	9516
9634	6593
8480	2483
224	6262
4168	1314
7133	173
6739	4194
954	4342
6776	5365
7519	8860
6919	6502
6059	8497
3989	5588
5330	3765
4128	481
6878	4909
3184	6066
5288	4007
2268	6731
4709	2753
135	5629
5927	7933
1418	3806
5906	7719
1037	4869
2303	3275
9050	3874
253	5786
1645	6514
7509	1019
3872	9067
4758	8239
7760	3063
7464	6465
8676	1948
1714	7199
9402	4466
1333	1817
2561	6921
1609	2606
9740	380
4909	9773
1577	800
582	6498
1000	8266
8763	933
5280	7991
4531	398
4325	7040
1532	1808
8505	115
4451	8388
5677	6412
5578	8777
5312	9968
7196	505
746	2245
7447	949
5824	2627
7722	5322
3764	7731
2919	9101
5986	6536
4222	9160
5144	1279
9595	5268
8682	1896
4775	4198
2822	5926
5312	4143
2102	3741
6523	4345
5456	9219
13	3862
207	1419
3707	8019
9202	3949
9858	3979
7089	3325
5476	6491
3621	6794
1315	1722
176	3397
345	7883
5958	1762
5832	4266
7609	2385
2551	5156
9972	2330
564	5457
8771	8620
9438	2221
9622	1598
7131	8316
3896	7871
5400	1231
331	5782
2106	6212
4852	1637
4085	7945
3381	323
1196	6916
6709	7507
1167	2744
6487	6583
884	7122
2930	7348
2651	2777
6383	2945
6324	2904
4884	9499
5711	2289
2999	9668
7954	2751
8973	9054
4220	4085
280	1211
8896	9291
4529	766
6302	7648
9306	4296
9527	7962
8136	6107
6354	362
8590	2217
3749	6043
1611	8249
5140	4702
4761	8998
6923	5079
7890	6580
2448	1373
2806	9924
8404	9850
6866	7097
474	1990
2511	2767
8916	9394
7558	5260
8148	2874
2766	3407
3908	1044
9965	4470
7333	1865
5599	1244
276	990
8454	6009
8690	7791
594	3640
7534	2563
8832	3430
7497	8401
7506	9623
2507	6437
1970	4801
5828	3523
8424	3423
4392	2901
3586	9531
4504	2676
7704	7196
8830	4837
7967	3233
1121	368
