500	1903991
7741	92
2036	6523
1802	923
9382	7785
9058	5394
9069	2581
165	4652
7294	8757
8335	6785
5967	5551
7008	9056
2129	3565
4073	1065
4244	263
5013	1339
935	3553
9451	9822
4601	7895
4714	4819
9653	4821
874	8268
5127	5641
9686	2145
7042	9927
6314	879
5971	8014
5557	4093
7705	5705
4443	1899
8515	679
197	1997
7025	125
8992	7091
4821	3610
1039	2102
568	3544
3262	9273
5982	3639
8648	5685
3104	748
7498	3253
7762	7239
6714	8216
5421	6322
7898	5922
3071	6560
3610	6648
775	6956
6119	3230
7848	8000
8583	19
3206	2181
9254	2674
5649	301
9917	4795
5025	5525
4184	6557
8592	3919
29	6178
4389	840
9307	5824
9306	4211
5867	1110
454	1933
3640	8241
6727	8507
5390	2959
975	2457
197	8597
1836	6718
7617	7259
323	6772
3051	1126
9288	9637
7156	5211
4765	5136
3390	451
3480	2103
3583	6686
2917	8068
3458	8781
2882	4999
9989	1717
7667	9013
4277	1532
2511	2877
4928	2981
4304	6458
2904	4973
9517	8219
4640	8987
8787	42
436	880
4652	5981
6550	4794
26	3394
6240	5948
4204	4179
6958	60
8512	9020
1027	4087
8967	9464
9882	3567
4671	405
9397	2609
9801	3826
967	6003
3395	7790
1918	6485
4959	5565
9175	3133
7345	7936
1341	2073
5928	6204
6141	5345
2398	7495
5312	7234
6118	3259
4507	7351
1821	9411
2222	2855
2084	4579
5081	8091
1355	3484
1691	9365
7060	6538
3912	7925
4650	6604
4991	6161
3349	9971
5161	5539
9445	2921
773	5014
6470	299
7494	7966
299	3831
7846	4506
1676	4237
6032	7723
8497	5640
1252	7424
688	4968
5713	6780
9108	1681
8595	7746
640	6125
8870	4609
7485	6012
1703	5287
3569	886
6715	2189
8876	7643
99	4283
5213	4544
4670	82
9378	6612
8438	8705
9636	7718
4454	1876
4172	9503
8840	8733
1612	5479
2266	2400
9494	6535
3195	6836
1381	3888
1731	6580
5168	7232
6613	6278
2892	6373
7219	704
6698	1619
6906	6635
6499	744
6772	1467
318	6382
4415	5291
4260	5000
2918	8482
1210	4893
9433	9164
5592	1956
4076	1174
3175	11
2712	6213
9105	26
6799	1023
1181	9858
7985	6791
5047	7862
4043	5700
8352	8075
4784	4893
1498	7715
6804	5152
1758	5138
1704	9544
5636	6159
5573	5713
7052	6107
4466	613
8330	8755
8594	1402
1247	160
5047	6585
9864	1252
5390	9337
1015	4092
458	2382
2266	8991
3000	9884
2348	2010
2164	3344
7059	892
9749	8348
366	4989
414	1403
2756	2938
7430	1145
4707	2760
501	5989
5418	6205
1820	3686
495	8581
628	9485
9190	2713
4794	3738
9212	8558
5563	5884
621	3883
431	4692
7543	1948
5116	4252
81	1382
3570	8432
7608	4142
2729	8866
7516	954
699	8240
7795	3221
1125	4033
4136	4737
6111	7535
3439	6975
8324	9792
4605	9049
8221	9504
8016	2338
8779	9039
8905	7151
7317	9774
2664	7098
4147	3461
6906	1328
5895	2985
6352	6807
2713	1813
4199	2599
1235	8014
3943	8874
3928	5078
9248	8426
891	6034
7457	6061
4211	6270
6048	2653
5967	3151
1570	5965
1616	9432
1066	1114
2337	2768
6790	1761
7250	408
9071	9058
7620	6923
8603	5247
9196	7335
5903	8101
4067	5060
9258	6443
4929	8538
1633	9048
9470	7916
7924	645
9895	5957
4912	7914
6896	2509
4790	6627
7248	2228
5292	819
4584	9191
6020	1346
826	9072
7671	3399
1560	9147
8047	497
7114	6024
8539	4425
3726	1478
6798	8103
3893	2098
8810	3270
2900	7433
1070	7877
8870	2883
5649	8375
8983	2218
2587	5348
1251	3631
9266	2368
7786	2651
4315	2416
5292	3858
9691	8087
8224	8557
922	8371
4039	7670
3721	2159
6003	3845
9250	6042
5782	2642
3738	2392
998	5369
9637	4821
5994	5357
2956	2453
7414	4337
3555	5313
1145	3495
7332	7429
4269	3840
8300	3277
2215	9859
5297	281
9386	2711
7740	7689
629	2902
6070	1800
2742	3006
6471	4253
5690	4149
1566	6950
7667	6267
7529	8149
1746	4967
5923	4017
3468	8796
8570	6134
1277	6675
82	8950
6831	3508
3686	2691
5024	7848
1708	9840
3656	5979
857	5706
6634	1435
3972	1700
5794	4722
6958	1967
4602	8483
5462	9394
9362	6170
7180	6284
702	4535
1971	191
4375	1460
8376	7810
2366	2881
321	357
7303	7937
1723	6390
2937	1661
1904	9730
1519	4016
7277	301
7044	6285
9510	5433
8820	7813
4982	3688
6434	4680
1022	839
3405	1477
7818	6492
1761	4
2786	5388
7158	7576
7454	7490
4326	3695
630	7115
5899	7776
1048	6196
6001	7140
3781	9311
8447	54
3973	6075
1964	4362
3560	4003
4289	3271
3184	1960
2960	1421
4074	5731
7776	8911
543	3621
1262	1829
5968	2084
931	5494
3789	1855
1410	6847
6938	3937
2658	2755
3189	2004
5828	4895
2124	7315
2885	5230
6734	1599
1365	7498
190	3035
221	3247
4910	36
6501	6960
8919	1514
1227	4234
4966	8442
6803	6195
6537	4341
8379	1791
465	3795
3663	8663
718	4076
5672	8905
8573	2202
9169	4327
7251	2091
2713	6536
6206	4436
9637	9671
8327	5264
5642	2654
4602	2990
59	9323
5681	1678
6552	918
4793	6307
7822	6860
1264	9175
6059	1217
4012	4311
2625	3295
6196	8173
5503	40
6966	4750
2425	5503
2824	4563
5823	3424
6248	5962
175	3661
9897	5510
6080	5430
8980	5861
8677	7652
7800	8690
8164	9092
9117	8554
839	1602
3346	7652
5026	3712
703	4164
9496	7205
3421	8689
1918	2315
8167	6862
8965	6115
3220	8897
2741	5132
9192	591
6476	9289
2245	344
8677	3653
2925	6006
9404	8809
1127	7755
3729	9125
8377	9750
6452	8943
3039	6103
3722	2660
950	3976
8887	4649
2798	9775
8348	157
7818	1924
4871	9081
7208	2212
4620	9588
6770	5653
4817	9829
5532	7550
346	8417
6962	1855
