500	1243004
8246	1953
8695	311
8760	8670
8862	1067
8434	3281
2765	9583
5231	9840
4011	8490
5083	4179
8525	8203
5165	5351
281	7770
4219	3192
9957	817
2598	171
7985	4279
3005	7225
2737	9256
1004	1611
9378	286
4233	681
5232	4462
6312	9362
8076	2347
3333	4444
347	4182
3002	2629
2867	5710
5141	9239
9883	5603
9655	9160
2178	2491
9630	6929
2123	7776
7155	3493
8445	2354
3236	6985
3448	7705
7004	5159
7297	796
342	5257
1568	3030
7584	5619
7867	7846
3698	570
1063	4726
7778	74
9059	804
684	9661
9068	2631
8260	8716
2364	6000
1048	2365
3163	2171
5404	5243
6380	4820
498	2719
6656	5092
370	6097
5058	6943
2119	3659
7514	5225
9129	4693
5949	7830
9979	3962
9998	7604
4753	5676
3537	8327
811	2104
3499	9373
75	1155
626	3681
3661	9110
2309	5504
4517	3702
3267	406
3084	3937
2480	4897
6557	6529
3278	1375
2956	696
1786	3732
6558	5469
2513	6834
4730	4402
3756	1152
1270	7441
9138	8025
2738	405
1751	3648
9742	4336
8329	8924
8738	318
4322	6703
3964	7116
1065	8833
3010	959
5059	5896
6929	9323
3576	7191
3303	8420
9985	5642
9753	5431
6037	6128
2804	8286
4386	7558
9086	2883
9821	5925
3624	1341
8056	5485
1963	4530
2678	3176
827	9258
6754	6156
4568	695
1564	9886
4494	8795
5834	5351
5683	915
5896	9571
1440	4688
5961	3093
2405	1254
9930	9531
5821	4741
5583	766
7986	686
5845	313
5166	3041
8429	495
1887	4868
3423	7222
879	291
7043	3660
5908	7825
4782	5997
4214	2420
8679	8921
7540	9787
5659	4290
6311	987
4269	3377
4450	7456
7666	3822
2885	9228
5790	3639
9082	1360
8551	7991
1185	5934
301	3818
9590	1485
1909	7132
8584	22
1076	1387
6476	769
6731	4195
5225	1571
9580	7161
5636	8344
3610	4825
2524	7280
8441	625
4816	2938
5288	4169
708	5927
1275	5214
8611	5605
4790	8753
7590	1539
3237	8888
5057	7655
3746	6862
4254	6973
360	4625
8343	1568
4081	444
7850	2883
2932	6262
9318	9047
9227	4495
546	7
7273	5268
8332	3012
3540	7549
1453	9825
2126	9194
395	7296
9112	8202
495	539
7529	182
2179	9484
3205	8084
5265	1940
7501	8652
5395	4556
9604	6231
2771	5954
6179	7969
7549	854
2814	864
6411	8859
6630	9792
2532	402
8451	5103
2880	4157
9467	3937
5419	8263
3111	8911
5969	5545
4413	4346
2800	198
1394	4825
5348	9358
6637	8900
7543	857
9385	3468
7412	6646
5958	8829
479	7535
4359	4867
4124	1251
3911	7066
5430	3940
3870	397
5385	1849
3501	3281
5251	4044
173	99
6480	7943
9018	9097
7443	2007
785	2057
7388	9474
2603	4002
4585	3197
8428	2802
3362	6595
6275	9385
2518	3307
1710	5621
2933	977
2617	9126
7766	2349
2117	4404
8760	4792
5730	3865
8479	1338
5151	2868
1619	2249
5785	9147
6948	6204
5995	7846
8919	4807
1978	1113
7829	600
3527	5279
7092	4117
7871	3158
7395	4300
1601	2842
7460	8110
4915	1016
9728	6657
91	7136
2062	7601
7073	326
3337	33
4148	3377
5841	4857
2594	8420
8402	8324
5732	7843
4270	5668
4416	5980
2283	455
8061	1115
639	1607
4371	3286
1752	9038
7827	4651
475	5956
368	5839
3289	8647
2063	6517
4102	7114
3052	998
4507	4519
550	4520
8085	9280
7288	6608
8776	7277
6889	1158
5955	3437
5298	1579
9579	8036
554	6085
2376	2171
3000	4212
8692	9614
3767	697
1457	1075
3934	3895
2129	3997
2044	245
9316	5290
4183	3311
9586	7213
6701	9391
3997	9665
3768	6151
3189	9467
5944	7414
1510	6116
3036	9442
5459	5713
2963	9495
8546	7811
9180	4729
2583	2495
8195	4597
5472	349
6232	3319
6827	9478
9258	1584
3396	6969
5933	6622
235	3446
8943	9302
6313	3996
2033	7826
3048	1344
8617	5017
5072	3340
4010	3553
869	4784
1834	3580
5520	1578
8065	8240
4837	3271
4438	4266
9615	8491
1898	2640
6857	1498
9232	4497
3950	5566
3501	4808
4893	6532
5674	437
6926	2200
8933	7997
4637	8764
591	6956
3840	3551
9784	5750
6142	9047
4473	2734
3053	648
5824	3703
4970	309
869	8824
3673	9973
7805	9786
6258	7999
2385	7272
1363	7684
2988	2876
1341	5789
4323	1939
7936	7448
604	7400
6624	2067
8736	7902
4510	359
3183	2779
4966	9056
4514	7721
8081	2081
3720	8501
6093	3659
6722	4530
1254	2097
8184	6473
3707	9233
7629	6027
8233	5200
3602	8705
8630	7959
8235	6381
1907	1133
458	2561
3082	7277
3635	7684
4038	8940
3967	5542
8100	3418
4979	1529
5716	8778
1769	8547
6113	3458
6999	4670
7298	1755
5769	5364
414	3122
8302	3787
2292	4174
4732	2612
4870	4827
9974	3911
5611	4411
2057	3663
986	2818
4649	6956
2797	1069
6687	9791
2592	1368
4110	370
817	1858
252	4629
980	789
1785	1431
8060	6687
265	6470
1530	7236
661	7715
2346	4979
4837	5199
5840	3823
7674	6635
3250	4403
4419	9443
9912	6329
1756	8810
4291	6658
1706	6201
5734	7112
4836	527
3203	7338
4304	2552
7159	9072
4641	7095
5048	3833
3171	199
3209	8626
2650	1075
8393	2671
2623	1534
9045	7775
668	4668
1304	3912
9117	5848
7407	4076
6207	5851
1755	664
2691	5254
7202	6704
7738	4933
4617	9089
7495	4694
6017	1428
4922	3533
5246	6667
7194	3828
2600	5353
9973	5909
8306	4174
5089	7738
735	2436
6287	1824
2553	7919
2972	515
4005	6314
8623	7285
1644	8183
7083	1555
1391	2949
5069	1850
2852	9442
4912	1661
8075	9064
3159	8532
294	651
110	1254
6839	6633
1293	1202
5989	3011
6212	6935
3674	2076
234	269
2166	8292
5581	7548
6036	681
9783	8641
8793	9716
3978	6516
783	6414
5867	6786
7056	6029
4324	8731
1202	6657
5075	6478
