500	253790
6151	6965
2006	4133
4298	1320
3580	5127
6251	5563
3683	6606
7668	9951
2724	5014
2165	3855
9220	7461
9521	4326
6076	263
5777	63
3837	7632
2231	6942
7590	6941
4254	6143
9652	9743
1168	1064
762	4641
6305	5880
5076	9710
5888	6863
8728	4196
6409	3076
5143	6613
903	3900
1617	8678
1525	2382
2697	1076
5785	8644
8239	4522
3862	1819
2774	4036
8068	3103
5854	9549
6816	9539
1142	8580
8718	3349
5340	4590
8226	7176
8148	8014
8278	7539
9442	9601
3928	4572
5674	5409
319	7117
8752	4469
439	6602
3609	6385
382	1806
4035	5889
5125	6637
5889	2561
4872	2508
4943	9354
2288	7958
923	8940
7104	9990
9840	5971
3715	8823
2775	9482
2558	3094
3269	2371
6822	8499
5722	9856
4921	5375
4239	588
1509	7961
8240	4855
8684	1871
2088	3849
4790	5400
1998	57
2105	1968
4344	7209
6220	4589
559	2457
7837	8542
5714	6847
7958	4227
4391	2505
9133	7872
1424	4478
9303	1586
5612	7193
1803	4978
8738	3187
3628	4259
4246	6094
1710	3802
9794	5799
5596	3309
5535	6708
1909	2278
2656	5688
2428	3252
564	3949
3650	1470
8530	2677
1878	7697
4094	2218
2604	3421
3445	6074
7617	8505
6271	1024
7973	9636
7333	6161
1821	7767
5953	8655
2870	3824
7091	4163
1281	276
9509	435
1041	1844
4730	5635
220	5365
397	3362
8749	7688
8396	7044
2950	1161
4273	8382
113	4493
7938	6061
6744	6593
8491	9385
2843	7273
9742	3313
6358	4180
3195	4025
1095	8224
4290	4183
9403	6916
9485	7170
6936	970
8563	8695
9844	3609
8660	5649
5105	8018
2385	3228
597	166
7131	1970
5343	8924
5607	4887
7582	1494
6651	736
762	5472
2450	9137
5790	6310
9655	6216
2053	9496
713	1675
6929	8719
8838	2748
7208	5394
629	6692
2031	4111
6483	1640
7670	1315
8890	9403
3397	3634
9791	6094
6985	5377
7423	8084
1005	5338
8833	3790
3928	4353
142	4607
7352	8043
5771	1384
8793	2972
9026	6097
5352	6898
922	3345
1354	5590
5962	8999
2168	3045
6097	8750
2823	3179
6521	490
3508	7061
5260	6495
8408	59
2595	2574
3615	2908
9945	8727
4959	729
6800	7337
2696	1634
14	4546
686	7382
7540	5714
4063	2000
7076	2981
636	576
1489	4144
467	713
9701	3095
981	517
9382	7715
731	175
8209	8258
338	6651
3002	1459
6305	3734
4045	3903
1468	7097
6284	6236
4337	1086
5602	1140
7389	2419
116	5557
1871	7998
8385	8470
3268	3693
3074	7042
6162	8528
5322	4768
2854	8464
669	3216
6968	5374
6108	2389
4467	4424
1443	2053
4901	2944
8404	3531
663	4489
3589	2988
4261	2750
3240	9628
4036	5845
2387	9922
5218	8385
557	7901
3182	2268
9829	1021
9264	4854
5212	4
5816	8633
9771	8578
4488	5881
1060	2583
8805	2010
5389	7889
479	7443
633	8505
8835	2835
7662	7360
8898	6673
9016	8206
7749	1511
3613	9254
7589	7387
2557	8369
7049	1833
9131	5740
2811	4463
4650	9011
1446	7458
518	9133
44	4597
7810	9467
380	5950
4340	347
9807	1846
8631	2725
7546	5870
8863	3983
1632	3443
3495	5288
3135	480
8872	4834
1035	1279
3548	9091
2367	1190
4957	5041
6561	1286
9002	6118
8885	1553
8835	4336
8409	5486
4136	4191
732	1875
9477	7278
8652	7108
2591	3613
569	9155
8822	596
4619	2165
2465	6783
8316	6696
791	9765
9814	6503
8713	2946
1437	304
4417	4274
7934	5170
7851	5607
5438	8269
3729	3044
7452	5764
8741	6246
962	3886
2977	4056
7599	7940
531	8928
7894	420
3061	8605
3588	2069
6342	676
5234	8823
5662	7581
9400	8082
4743	6486
1225	8792
4184	7371
3534	7239
645	3322
1889	2242
9405	8699
7738	8975
8836	1646
1648	9951
8264	5722
5064	4396
4203	1210
2965	7317
3571	7147
3733	841
9465	7301
7463	5858
3412	2805
5460	9994
6506	9225
3473	5342
3112	6318
4109	7021
2764	3832
3844	4265
992	5907
3594	5272
8146	764
9887	3365
3533	3326
9033	8579
3122	5764
9373	2968
6259	9951
3264	8967
3692	6855
9305	2039
3819	9874
4368	8656
4245	5190
4974	3400
2656	6142
216	7613
1954	354
3929	9661
6064	3468
8807	1311
5297	6845
8562	9973
4905	3889
8678	5016
9636	7749
142	4643
7050	2465
6613	1019
3900	7295
6045	4454
8858	1707
6783	6092
2598	4038
8380	6271
6768	4147
4956	8918
7001	9310
4260	9658
5931	4461
3361	7243
9913	5221
6531	4109
6566	6329
4751	8110
4902	4378
6379	5506
2769	834
2286	8771
6543	2399
5628	1205
4522	2142
5686	5882
5840	652
7171	3076
6099	2474
3569	6277
3323	7103
8911	7326
1437	9626
3898	1040
8503	6175
3487	1564
6681	6822
2924	3019
635	1961
3913	3635
1162	5842
8209	1551
7893	1909
8899	6297
7504	7641
2420	1056
5419	3624
4578	1125
3275	4695
7609	72
223	6341
9546	6910
3713	8210
9799	4909
3403	1303
2963	6621
5398	6086
4905	5313
5325	6958
4155	7534
6947	8300
770	6860
688	924
1522	8565
955	5130
3483	8158
378	302
1517	504
9797	3869
8316	7937
7796	3330
2421	314
4465	7807
3390	5111
9901	403
854	1792
1139	3124
8028	6285
9909	7760
8425	5173
1614	8941
6228	7244
5021	708
664	3237
5017	7520
6271	2093
5496	568
8206	6820
2325	6792
3816	9230
2126	544
522	4972
7968	8981
2159	2919
3589	4399
6872	7441
5477	5847
1255	8728
7048	4890
7536	8513
314	6607
2899	891
3916	3233
1520	5622
2822	1156
8935	504
4293	3423
2439	7470
9710	5060
1341	7511
3220	2567
1763	5640
6552	6270
1614	4089
139	1434
6560	9692
2684	5026
8614	3089
7956	2872
1827	2781
8352	1938
9093	9879
1198	4040
6104	2096
7689	1253
3388	3825
5331	6393
9769	4334
8241	7723
4646	7116
7367	9643
9411	1719
1792	2198
