500	1916527
1562	4296
8902	8415
6553	3999
6089	8391
4214	6004
5424	2783
3060	4427
6777	3219
4299	7765
3914	8518
5556	6763
3855	7963
1282	2280
812	8542
3526	5177
4791	75
1918	8809
5444	1664
7970	8088
658	5782
4829	3583
712	9814
7682	65
7890	2436
4544	8132
7763	923
9981	2119
6741	9672
8642	6115
1538	7733
8434	9845
2897	8620
4357	6255
5890	5322
9254	8425
9209	9008
2073	3935
9404	119
3252	2837
289	5437
8656	9969
6958	5097
6369	7321
2777	8403
4199	8752
1358	6802
9786	3270
2808	3833
7321	4432
5497	7274
5287	1234
2202	7053
6399	9311
6893	1734
1351	5903
238	324
9500	4660
7388	916
4933	1513
8237	6861
6655	9526
1436	3808
7865	8210
487	5598
6325	2174
18	430
9385	4955
2539	2008
776	4687
10	2954
1139	1693
3999	6330
8964	5764
3748	7730
1650	6994
3221	8615
2803	4146
9660	6530
6352	5125
1533	8702
8783	2977
2247	3691
58	8684
8402	6704
1004	3408
4646	2400
1653	9229
6658	9743
9860	696
1512	2441
7046	4506
548	1636
1240	3355
6609	4864
2587	2718
9520	9435
8057	1119
6753	1515
7679	8541
9278	8359
3214	6486
4907	5368
961	6252
5520	9134
1880	8325
8760	6091
6541	8564
3914	6540
1086	8386
7833	6013
1791	148
5510	6766
3555	3825
9185	4859
6447	9232
3217	2639
2095	4066
7077	774
5615	8431
1668	7929
5129	1768
288	2923
2283	6929
8930	7782
5225	5459
1862	6233
6065	816
5193	9255
7212	836
8066	5429
9866	5845
4967	8291
8824	7832
1674	415
6289	6487
9244	4476
560	283
9407	2800
1551	5970
9150	651
1689	6555
4068	7843
1065	6030
7485	3396
7225	8171
8124	6973
2848	6433
3585	7543
486	2200
2887	1592
9587	9840
4466	9688
5350	830
4619	7010
1257	8869
2575	3803
4209	5632
9749	7524
1302	9361
2516	8103
3341	1755
8421	3422
3424	2762
8218	4004
9909	6184
6426	3581
3252	5948
3382	7921
619	1334
2950	484
9362	1022
8118	9684
5191	935
841	7294
2230	1688
730	45
8334	3545
585	5103
2133	4174
2368	1031
6767	5383
340	2766
7559	502
8549	8709
2539	2312
1941	3320
6349	2957
5276	7311
2125	1886
9917	5963
8665	1723
3822	473
9459	2820
6998	1783
6449	8509
8746	9068
6652	134
2164	8840
2623	1040
9366	8407
5057	2891
2335	9109
703	9443
4447	6489
5416	4391
5170	9283
5348	8275
4672	1104
4069	6185
978	2971
7140	7684
9052	1310
6000	3827
7184	4078
6910	5677
6814	7789
8824	8194
8541	6220
5784	7544
7245	2357
2385	7417
1593	7510
2156	1429
385	1674
2395	7796
2874	8400
798	7644
4264	7436
1491	766
3990	7615
1163	8715
7907	3149
7308	7390
1361	3830
4077	6396
383	8846
985	450
6026	7503
7757	5725
1948	9558
4821	3432
8813	4742
297	7912
3828	1333
7661	704
6057	4385
2481	995
5984	1917
4415	1211
6967	4038
7110	5919
4438	8705
5022	259
4441	4268
8039	6509
849	5512
8479	9463
1376	9748
169	4612
9591	9354
7998	5770
5801	7149
6060	563
563	5601
5304	1641
6246	6272
3536	9335
2396	372
4886	5315
7950	707
8970	6915
6720	2116
3226	8
8443	9087
1654	9505
7071	1538
1019	1971
1418	7074
2876	8494
534	3954
1913	807
8898	6543
9067	6350
9001	5544
8308	7229
9089	8211
2545	3272
1601	4039
6138	1537
6582	5316
5175	2544
2216	5249
5110	7116
5141	8446
9984	5258
2830	5484
7150	8012
2573	7539
3483	6522
518	2903
9798	1428
5801	5964
8034	4178
8153	8896
31	5393
5041	4249
6069	7496
6765	7943
4216	2358
5530	7491
5410	5274
9008	1278
9312	5126
9136	6619
9306	2324
3257	2681
3154	893
6943	8624
8994	8430
3420	392
9172	2265
1731	2108
1147	8728
968	7731
7991	2385
8892	1363
4201	5612
7810	2715
6329	2602
588	8812
6094	9180
8817	4923
3243	7863
4513	8256
3987	4213
9514	8811
681	2201
3365	3779
4923	5161
8759	9573
5136	697
907	7885
8866	385
1753	428
583	7986
990	1416
5468	2816
8893	4225
2243	6267
4329	4145
4254	7459
4797	6295
2629	574
3288	2575
4583	444
8649	2587
4779	6930
5061	7161
394	8764
1844	1828
9506	6949
4368	1029
267	240
5587	7781
6650	8181
5866	3590
9589	6877
6492	2554
4803	524
8541	844
5999	7621
1380	7061
9267	5776
8288	8672
8519	4203
8217	9769
7268	7912
2409	2464
3556	3644
91	193
4515	1684
1590	4368
5766	7124
405	7449
5372	4381
255	7560
5006	713
8931	5633
4166	2890
1174	542
2326	9909
1453	7856
3050	9332
2776	8364
8809	3643
377	5012
5405	2167
7522	2846
3515	5057
4795	8445
8590	730
1211	8691
1836	2802
4118	9313
9228	1752
5525	1695
8593	6814
909	4579
2813	7942
7309	509
7495	2529
6826	6511
6963	8648
1561	6130
6630	6667
9792	6121
3629	8719
8134	5459
7883	5551
919	5613
5819	9120
2827	9215
3691	9644
4191	107
7528	1934
9354	6023
2558	9729
696	5886
8858	5400
5705	5725
72	6967
2459	7185
3909	6005
6929	6043
7708	4474
2345	5635
7852	4270
4568	2459
1197	602
1847	7387
5198	637
5200	1811
107	7952
897	7423
5106	5299
3990	3729
6422	8811
4369	3065
7146	2927
8978	2923
6959	2591
9286	840
9338	102
9060	6182
7125	8593
5058	6527
560	1767
4390	7473
1241	39
7403	3240
2051	2225
4665	7136
5828	9941
4524	6800
583	5206
1964	9044
1731	2133
9477	8756
8847	708
8202	7848
8627	3944
648	6589
5646	1663
7848	1773
5347	4121
775	7932
5552	5495
23	8795
4937	2789
1875	2182
8431	1122
7495	3530
4082	4438
9598	9313
9717	2995
7844	9119
8451	7193
3732	4568
1016	2956
7926	8472
9230	9388
8971	6450
5309	4217
9290	3126
2559	7541
1573	6096
8750	62
6632	9593
7193	978
2391	5634
