500	1291083
8015	8906
652	6296
4091	5834
5556	5752
3465	4887
7292	2663
717	9313
1156	1211
5391	587
5675	48
3780	7755
9058	3164
7082	3116
7507	1216
4453	3709
4304	5807
1881	1270
419	8744
2660	9840
3344	7525
2034	7595
4594	7584
8017	9311
8051	2446
8800	3431
7186	3800
7501	686
5256	2197
359	1169
4620	9165
6269	2405
6524	6437
4884	5507
8736	7528
2429	9354
1347	579
4429	6591
1705	4403
7379	2613
4210	4765
3809	797
9507	9650
7029	1740
5737	6235
3010	4244
4044	1290
4844	8257
980	9582
855	6305
1463	3988
6407	5070
8653	3121
7948	4237
1154	950
4102	6819
385	4681
2943	7923
3155	9304
7108	5900
3444	3870
8967	65
9135	769
82	6581
3055	645
8784	702
7118	1976
6992	7262
2244	5833
3689	2871
4654	8832
1297	2501
3826	5547
7763	6433
1747	8116
5537	2815
1019	3331
7225	7246
3003	954
661	6097
3120	2850
268	9116
4389	5221
9561	3690
4226	9598
4573	7434
9736	9494
4039	4158
1497	3396
8134	5030
1566	5870
2784	4438
115	3707
2990	4692
132	6145
6138	9672
2928	5425
6193	2055
4636	9911
1632	2280
4994	5759
4508	5399
8698	7602
2592	5819
1198	8268
8790	4726
3962	953
4509	7685
9556	7638
1018	7519
1068	8229
9254	8438
5820	1212
5763	2194
8411	994
9617	4956
5637	909
1545	4344
7022	5191
7100	5039
229	4640
8724	5588
6803	4049
2566	2308
8046	7483
9503	1163
3328	5025
590	8962
5696	9621
3016	3770
3824	167
43	1136
1810	845
8211	6817
8065	7536
2095	3937
5086	9285
4257	6416
4394	9139
7514	6521
2721	6859
8330	6177
4739	5689
6396	3873
8417	6821
2008	805
998	8014
6253	7692
2941	649
3424	7076
782	5458
7924	802
7715	4936
704	6996
1510	1808
7167	9540
4002	6767
8626	9050
5139	7152
2756	9709
36	5970
9185	9639
8183	276
7043	7470
5020	2633
861	7862
8104	9502
1113	9566
6680	8844
4336	7872
4651	2841
3103	9037
8101	7634
7691	7537
6625	417
8605	6284
9627	645
2993	5286
8181	4708
6817	5015
9396	4271
766	675
9065	655
9973	9466
9573	6537
1899	8227
8254	8418
7752	9472
4034	6611
5565	1522
3939	6016
9060	8068
8175	9297
3516	697
7094	2057
6477	4232
4135	7714
1923	3990
4129	1065
1286	9374
8914	7471
199	1819
3381	422
8653	2174
7752	93
9402	9406
4565	1343
8625	9798
4956	7962
5956	9062
1627	9997
1958	1699
3747	2214
9180	9475
4264	2742
3762	2072
5741	1467
1186	8696
7484	4674
5849	8189
1831	2353
2294	9065
3854	8065
8360	8926
9632	8419
8006	3721
1273	4544
6309	4017
9130	8461
8397	8224
474	5104
535	2850
4003	9695
773	4894
3275	3766
2544	6614
9959	4718
8370	7735
7654	4896
7474	8054
6428	5859
1416	934
4412	4175
3028	7950
4187	7272
4881	5698
260	8268
9053	7200
5628	6114
4792	4936
4431	3041
9759	7317
3352	593
3495	9397
1361	4176
6021	6037
7602	6735
113	2566
5691	2564
4133	9709
3022	9747
5801	3796
8383	7485
562	5093
7159	7022
6492	5610
7136	1945
7016	2862
4199	4071
6945	3376
731	1029
9037	3471
5295	962
9214	4621
2531	6278
7290	8945
6676	803
7173	5919
5692	5335
9959	4261
716	5497
5249	7334
3006	805
2538	2311
8902	6406
5021	4412
5899	227
8554	7027
2673	7576
6586	5319
6121	3158
7646	5913
9075	6471
8965	7850
9176	6449
2963	9534
2452	8779
1887	8951
6210	8732
3064	2471
2482	5150
9014	4261
6475	7571
7370	4109
2290	1538
134	5195
781	1694
325	7002
6040	5468
6100	6692
6786	2174
1300	9152
8715	9849
8798	6890
9291	7057
344	6793
2202	844
2466	9990
3402	165
2647	2589
5857	2828
7160	8634
7530	6319
6098	2850
4238	4644
1901	7266
7568	1785
2474	8029
8796	6733
3181	3877
9282	798
4519	3072
5993	4011
4301	4172
1453	9468
5525	7510
4975	2427
5975	9286
3043	2757
2224	1010
9302	2384
219	802
2118	6285
3684	597
82	6403
927	3551
7234	3739
4069	2873
1551	7939
1452	4420
140	1077
7286	2078
6562	8777
4725	1812
7480	9561
938	1577
2053	9587
6047	8843
1722	4533
7274	6547
4043	5840
6075	7331
2001	1453
8548	2962
4106	6460
9114	8849
3324	9293
707	5400
8637	6682
6663	3015
5827	3226
3590	3697
8674	3662
7941	1730
9216	695
3680	2934
7365	518
9831	3958
5489	2838
7753	3132
5348	9742
438	9503
2788	3818
9212	8876
7693	6670
4962	4052
6972	8980
2134	7016
1387	8036
9006	7577
8273	5138
6186	5364
6895	7646
5292	2097
9412	6821
1655	5501
4897	4136
3921	6846
4077	5244
8600	4448
3323	6250
8979	1144
5449	304
9846	9115
4515	9781
1862	1682
6226	8201
3863	863
2546	9220
2008	1704
3172	3536
7354	1892
2369	1492
4778	9879
1324	6150
4214	4505
5808	2652
2091	8367
8944	3189
210	922
4563	5473
345	9517
9574	4026
5836	1171
2766	8785
1905	224
1498	5041
3593	9364
7828	6020
923	2078
7939	6760
1422	7930
9147	7161
9945	2697
6497	4662
5786	8754
4995	8201
4792	3548
8075	2693
3664	1122
479	4410
2927	6662
4157	5271
9	7815
7845	9616
589	3097
1837	8672
4317	7455
6978	7697
1508	6717
5485	5092
3382	1323
8914	8798
2501	3597
718	8692
3541	374
43	657
523	1400
579	5076
4916	8025
5830	6606
8138	612
7113	2144
3636	5258
3575	2229
1511	6724
1413	7594
300	2581
4593	703
7955	4104
1137	3571
4495	3571
4183	4275
1634	7515
6232	3132
4621	1947
7262	4017
8357	6972
7600	5033
2694	4219
9746	4390
372	323
5579	831
4968	6991
6129	5766
8957	1032
5790	5640
1507	9946
6130	3721
4628	1225
1306	8334
8532	7950
1393	3004
6786	8273
912	9364
4789	3669
1980	6475
3548	9621
7701	130
9834	1758
3915	2389
