500	1942393
6599	8038
2603	5106
1344	6039
4793	6573
1420	3798
3053	7792
5272	6641
9830	7225
6384	2634
5145	9903
4351	7343
4969	4667
175	1269
3788	3378
113	4042
5378	9229
4686	6500
1166	7193
1965	1103
7719	9009
429	1601
5699	9893
7514	5738
2550	478
1013	5361
6277	6405
866	3459
6710	3951
3041	4816
5229	3811
6362	2546
6139	3171
9279	5644
3652	7233
3573	4113
4542	4806
1522	3347
3244	3057
4496	5398
9423	769
8652	8976
3628	3473
3505	4372
8178	4164
6056	6973
5571	3003
277	8969
3573	3756
1221	9069
8703	3495
7248	6041
6409	170
3666	9038
3054	9829
9836	5957
7999	2391
6244	3223
5561	6241
965	2344
9277	7769
474	7668
5438	252
9996	8145
654	8778
4990	4053
3473	3573
4993	6920
6232	1829
7759	2356
28	6397
3295	2539
8227	9167
9988	5463
6062	211
3231	6768
9459	2848
1527	8167
7555	952
1049	9071
2517	7407
8897	6326
5624	5756
3048	7824
5974	299
1005	2129
9662	5602
6988	4965
3789	6126
5577	4706
5215	4895
228	3086
19	3800
2929	8080
4317	2985
4212	7737
1208	2155
3475	1633
2994	2804
9660	4731
1387	6849
2056	1857
6497	5345
6590	9100
4427	3428
1028	4989
8732	762
7520	8733
2704	5776
2829	3638
2772	9329
7475	2135
6201	7232
9642	3409
3856	614
2062	8157
2916	5283
816	9946
6944	5177
4608	5951
8570	7276
8385	9670
2573	2827
5733	1527
5338	3525
2169	6236
5742	6567
6666	9210
719	1886
8875	9121
9848	5835
7673	6438
3727	2573
2492	5939
6158	7005
6699	9101
8264	7340
1840	1443
9119	331
28	8714
6219	9248
3426	4431
7518	5065
3338	7585
5976	2488
8225	4837
3178	3791
302	1221
4	9026
6135	9470
918	6699
846	2482
2391	9229
559	1592
3898	6051
9190	9217
568	7869
3072	4619
1948	1808
564	8930
1584	5365
9429	3030
2584	3755
9809	8361
7463	8390
6406	847
8389	8831
2966	1360
210	6212
4124	3313
9125	8215
6471	3180
5911	3847
8434	6
8466	330
929	7292
7321	4656
1112	6486
5830	9451
5057	7090
2453	7212
904	3710
468	5957
1366	4146
6652	5144
8775	8015
5141	4829
4009	3383
8235	82
3521	7805
6260	2585
4312	3414
257	9336
5610	9815
222	8355
9835	8798
8398	5530
5594	5876
2786	7211
3711	3250
1558	2191
9518	5843
8578	6052
2772	5580
7961	9930
4039	2034
8702	1412
9039	6507
1892	4138
5223	1782
5605	6379
1558	1841
3288	8019
9573	471
1964	4766
6796	8447
7859	976
1572	7171
8567	9194
8693	6293
1736	6388
2805	6293
5920	197
3362	7574
9776	6999
6182	7079
4411	1466
7180	8415
514	1461
5709	5807
9120	245
1699	6932
3263	283
383	1657
5225	2665
8621	6409
7438	3680
3165	8910
8527	9550
9588	1309
4598	1680
20	6198
3392	4261
7297	7130
5538	3270
8022	3195
8923	7071
3068	6945
4212	6071
2595	3013
4103	9281
4901	399
7128	8525
986	2102
9630	3694
6226	1893
721	7533
3771	64
838	8627
8731	3815
7537	3308
8750	6095
4721	1019
7185	4024
4614	3117
1079	8750
6206	5302
6680	7704
6979	2176
5405	7442
2378	1267
6801	6044
887	4636
3546	386
601	7716
6224	8770
6818	3191
8577	752
9178	229
6364	6037
9992	2304
5960	1688
7692	3624
725	8703
9785	9953
9726	5289
2640	3917
3767	5385
330	8582
6079	9371
2024	37
3882	8847
8264	7763
6840	5982
4191	7164
4826	3380
6496	504
2887	6379
4554	1524
7617	8627
4780	7249
1494	6791
3580	8160
6839	7395
8620	8808
9037	8638
8107	7703
800	6965
4371	7508
8317	220
9597	395
6604	7875
6824	6932
5824	7522
8380	1000
6171	4533
1855	6445
3813	668
3418	8334
4638	5281
4247	3551
7679	294
917	5709
4678	7129
7705	1056
3899	1083
1071	4100
8869	4405
9164	7102
450	273
569	8020
7388	5068
2707	2384
7562	9193
2507	7707
1833	4676
6210	9860
884	8353
4164	925
7197	6136
5570	9217
1429	6750
6609	2188
6516	3275
2444	998
8921	7192
1757	1432
649	7043
3758	4940
5920	4468
9047	5412
2165	3937
4149	4959
162	4478
4129	3853
9395	7917
4578	6364
974	3996
3095	6451
4397	5467
117	3713
9821	4642
9048	6445
9812	9814
97	1036
925	7524
2091	3257
1129	2627
1368	1944
9659	7630
7953	2186
2226	3892
51	2160
3227	6314
6350	2383
2755	8568
5216	362
6519	3025
5108	5287
3774	1881
2935	880
4487	22
5964	2758
3230	5637
6572	830
1367	6684
1603	862
9860	118
5651	2748
8704	5184
4918	9282
3708	4606
4525	5389
173	9370
6007	6782
101	7395
6349	1320
4025	3732
2214	2196
5493	5414
2680	5256
9065	5251
5169	632
9004	6476
1328	8120
4822	2603
2253	2095
2195	8618
2163	9203
7583	9714
2630	4176
6807	7274
810	3177
2932	2024
5324	2404
2513	9175
6828	1902
6819	4391
7962	4708
9620	6611
4818	7672
9184	8694
5251	8999
6754	5848
9021	1083
279	9086
1658	8950
4106	5893
2667	4608
7310	8538
3222	6964
140	6570
9361	8312
9745	7534
9736	6706
7716	7629
7728	5408
5581	4580
5022	6311
2007	9819
5175	6083
8072	9238
7078	9314
7272	424
6479	8042
5693	2777
1092	2207
4600	4555
407	7140
8337	1566
9500	3365
328	9286
8443	2471
1993	1825
1513	3034
9453	6053
803	8679
6182	8926
1180	1562
1148	467
7983	5519
592	5827
311	6736
8401	8355
7747	6606
3765	3817
2632	4640
3948	2896
6430	244
9829	3119
3682	6225
9119	5169
3275	6906
1765	9749
6346	8616
7235	3445
7721	8074
2804	8401
5807	3014
5329	2661
9811	6814
2015	7810
702	8128
1201	8077
6935	6114
2679	3351
7085	6518
9513	7881
8149	3096
4731	8175
1581	6883
8859	1047
5779	5101
5497	4409
201	8940
8784	6186
5971	440
1207	3231
4513	2573
2027	9041
8843	9277
