500	1239463
8579	3069
8467	3730
289	2725
960	4670
2551	5171
1917	3751
6361	1661
7078	7539
1656	6467
3776	7327
7371	9534
3015	846
1185	6351
7790	7520
5331	976
7834	7611
1432	8534
7334	9009
9769	481
7254	993
8021	815
5919	591
5557	7721
5560	8934
4641	9883
1401	5119
7689	2041
5045	1488
282	3042
6886	2220
4170	9091
7722	1152
2176	3503
6608	3355
3877	8126
3301	9606
175	1395
8984	47
5334	1372
9015	6213
1014	7712
101	8936
9627	3702
904	7462
1081	9882
3006	6
9820	1674
9490	8205
4722	5367
2988	3027
6280	4186
4045	496
7855	6539
1203	1416
5030	4074
369	2852
8898	9825
3077	3382
6117	9478
4719	3344
2309	2952
6952	8572
9147	5662
8827	3041
1828	3047
1690	1694
5055	4339
8414	5672
9347	5651
752	2713
4571	6308
9962	7690
9537	8167
3160	7555
7421	2408
4172	9971
7619	628
8358	9174
5621	5446
9898	8300
1966	9057
1505	5008
3271	8310
200	3367
8939	6414
1979	8119
5500	9746
1839	6300
9292	9590
4896	6483
9234	2504
6382	9729
7231	8186
7411	1272
732	2477
6949	5512
7446	8632
8279	389
4428	490
6608	6874
5251	6782
2726	9677
7143	9030
1195	3259
9716	2971
3902	3343
9245	7434
8311	9133
5868	4631
1702	1099
2923	5024
413	3507
9706	5640
1616	6383
6163	4840
8421	7784
6487	9527
6998	9033
8823	9992
8371	5605
9657	9628
348	7609
2961	5836
4144	4103
2318	2253
3227	9455
8899	2884
8513	8500
7775	5008
5164	5281
9078	1701
9839	9151
5430	5999
2368	9261
1036	1625
9346	3623
2185	5530
7186	7103
9483	1599
9891	355
1675	4817
4659	3671
3743	2302
1339	8590
3883	8844
4735	4537
7494	7461
3174	9153
8128	8851
4223	7063
8237	9199
9067	70
5524	9032
7114	3295
1700	8488
5731	70
3325	3829
6348	2964
7938	3504
9230	60
6817	9386
3842	7431
1342	8856
4855	1693
2222	3400
6543	1456
7498	5757
4169	2825
4621	3456
2248	6059
7544	5370
622	4361
5028	6574
1254	3467
3508	7138
7797	5866
8088	1007
5550	4362
3427	7055
5455	3987
529	4989
3173	4450
2183	1749
8753	4106
843	3402
4718	3973
3074	6592
2201	9929
4867	1652
5661	7746
3345	8554
2268	5609
9521	7623
8860	2368
7396	2095
2011	9287
7155	5165
824	1827
5268	2460
4560	9265
3472	4422
9070	8614
2176	6294
1481	7803
1667	2155
8226	4662
3802	4732
9409	8094
9375	1253
4196	1082
828	2061
1520	1144
4250	9307
1333	9382
860	9317
2056	5549
4669	3177
354	3586
3271	2218
4551	6693
3544	3099
217	2757
7652	4182
2923	3030
3700	3123
4444	7962
1022	5955
2784	3856
9066	8398
7157	2841
268	7678
2585	1417
9374	6360
9384	545
8274	4055
3155	237
9469	1755
7217	3313
5555	2987
6880	7300
2086	9977
2525	1247
9529	5371
7536	7173
624	7860
2102	1967
104	5388
2948	5957
5587	9127
732	758
7953	3547
9606	4490
4783	5840
6969	8281
9417	2164
5012	2175
9439	4504
4681	891
2622	885
5115	4305
4383	2136
132	422
3756	8545
7980	9214
2193	846
5665	7302
3645	6245
4918	5622
9173	8996
3045	8389
9181	9474
6586	9795
3430	7403
523	5446
5627	1239
6811	9023
7987	4496
9641	2064
3726	2926
2618	139
8553	9749
8954	9772
5740	1342
5934	5347
5378	9261
3048	1569
9042	9025
900	4613
3789	9152
8840	687
7547	8423
4276	598
7763	3752
8499	6332
7040	6963
3861	9287
4551	8642
1206	1349
5083	5983
9302	1913
2408	6728
5485	5510
9557	4420
750	938
7629	7698
1724	3470
1775	5800
532	5258
4247	3253
7910	7636
5530	7066
9881	618
6130	8358
5586	1017
6087	8209
8383	1337
3422	3849
1386	462
3881	8145
3198	612
7915	7838
6812	3160
3944	3516
5957	4688
1017	2307
3868	2281
2710	6294
6329	6606
8726	13
2332	9822
4737	4824
1411	6367
2271	4021
2613	8654
5653	8199
8039	9576
6055	700
6726	4037
5657	5837
6097	7637
8840	2032
2366	5277
8192	1288
6622	180
3664	179
1953	316
8592	3911
6704	9114
9488	2186
9638	6639
1609	5413
9600	356
8435	5779
6746	7047
8461	3637
7688	1961
7024	6982
5447	5358
7114	1142
8676	6161
2406	8701
8499	2932
7445	173
2366	9682
4798	3043
5710	6383
895	6238
272	7811
2679	624
1649	1707
9449	1651
1314	9076
8923	964
2525	6740
3977	509
9574	7037
2099	7230
3949	4599
1456	1580
757	2985
9757	2472
6584	843
6716	9732
5589	2253
6540	1264
5986	313
3409	6759
7372	8534
7773	7188
4635	4089
1452	7508
162	3353
1695	6481
9405	8876
7740	2690
9095	2671
7669	6527
3761	3619
4638	7822
7579	4207
1141	9451
6458	3331
4062	7559
7503	7346
7395	2938
9153	2402
2288	686
9996	6321
3972	6289
6605	4370
8568	233
2527	2662
2704	729
9013	4780
7195	1758
3726	6343
8799	4306
8079	2622
9625	9685
4855	5050
8633	7507
3196	4062
7390	7108
3209	2182
9265	9846
7390	3343
7261	3018
6729	7589
6133	858
2211	5269
6899	4407
9901	5787
8539	2698
2602	7567
1265	1909
2014	6040
9573	2062
6666	8704
1778	2692
1117	7829
5715	468
7852	2739
8218	4047
8700	1116
5201	6228
4949	6870
4077	9702
8389	4155
313	7865
4883	7564
2479	1985
4696	154
883	7505
2109	8670
7738	3308
6673	9037
8909	2736
7118	4719
9417	1995
1642	1725
4472	6545
1359	7875
769	1930
1582	1874
4512	3989
6048	3691
8977	5569
2588	6461
583	7101
6918	1300
4390	572
7502	5206
4922	8050
232	5301
8233	7152
5974	3986
9780	6031
6528	5055
7548	8053
9199	6527
5125	3859
4735	3715
8799	2783
4515	9615
6774	2476
7001	7961
1232	939
5700	695
7532	6049
8761	1869
2767	745
7854	335
1698	9583
7111	2555
2456	3330
4114	8009
7789	6482
9402	3307
5247	9764
2474	2255
