500	2286666
9495	4334
8340	8775
9483	8451
1989	7401
7870	9519
5184	6320
6411	5665
6497	7155
5762	9742
6611	4676
892	6003
9894	9473
4166	5619
4437	5417
8410	1085
877	6386
2645	3567
5721	9517
862	1352
736	9215
2225	8996
1866	8662
637	9853
7007	4607
2049	955
2613	517
9361	3649
1212	5610
6235	7247
9321	3883
5941	1714
1187	7067
5106	7590
8448	4889
8225	3877
7209	6668
9037	9060
4391	3246
7464	6097
6118	5078
8026	5752
5613	1100
764	8482
8	6203
3644	9406
6604	1976
8374	8356
3243	2114
2602	8096
8934	622
819	1733
4447	8001
7389	1689
7123	4428
22	9066
6633	8989
7265	5443
4347	8548
9951	2608
6855	3811
2023	1748
1958	2687
8092	7018
2743	7439
4192	8572
1769	6386
6909	8775
9246	3879
944	5480
9959	919
1453	9303
2277	6594
1757	4663
7280	2158
8452	3055
9678	3390
4439	8172
7998	1259
2915	5068
1798	518
76	7255
3816	906
8643	2160
7744	3587
6684	6643
9694	5027
2718	2256
8049	760
6013	1826
4009	7278
303	1421
7989	2309
189	2191
8489	1485
8755	2592
316	3076
3562	7203
5943	7151
7576	7702
5373	2243
9525	972
7650	5879
7170	6815
5094	2593
7068	7218
4169	4101
93	3062
4163	2079
496	9096
8133	3686
2595	7819
7718	859
1855	4301
7758	5108
5607	1401
6001	5159
8800	5543
6527	902
4112	5177
4391	9962
6720	9200
2940	2924
3745	9343
5776	6436
5397	7854
9430	4779
8235	6993
1153	835
8270	7393
7706	9653
9403	7347
4971	5630
1519	5046
2477	751
895	1124
6837	2525
1263	5321
154	8556
6641	2016
9481	2873
9278	9557
3987	8624
3550	6319
1921	5292
667	977
1424	5015
5643	6265
5983	4839
878	9488
9512	4440
9345	4007
6036	1795
1224	8316
5112	8128
8594	7936
6710	4219
3703	8477
7902	507
52	5496
1210	5940
4856	5047
8923	477
4956	5442
1825	3147
4536	6961
9714	4306
9960	4257
4508	1129
4551	5238
7390	1567
4009	3344
146	803
2031	8461
1325	3457
1713	7470
8037	6756
3085	7120
8672	9015
3153	8325
4290	2811
8463	3483
1116	2189
3310	7526
7084	3856
5338	4581
4888	6162
1146	5375
1168	2556
7605	7695
6287	2114
5624	4676
397	9381
7113	893
6474	895
5819	5787
5914	4518
1676	830
4005	5752
5327	4636
4685	4698
4727	48
5884	3751
7838	6616
2497	7876
5578	6127
9774	2654
7764	2959
8470	3098
367	4110
5610	9387
6634	8799
1988	8355
883	7944
470	512
1684	2407
3662	3967
5911	1899
7110	9557
4658	7048
662	7577
3619	7346
4992	8402
2990	7097
4560	5068
5055	5975
8299	3498
1195	4498
1366	8854
7029	5078
5384	1721
1640	9173
3835	8344
8627	5780
4536	1399
8070	5764
729	1630
8753	2285
8359	9626
5851	2103
3858	1049
2199	4350
2711	2738
8262	8250
6498	5429
3315	3868
6235	6475
4623	5110
6044	7301
3632	3150
7571	1642
6130	1025
7915	5805
4653	791
54	6176
4588	1855
1916	6537
1521	1664
1134	2077
3416	6136
8185	8366
530	7424
2080	100
7573	2947
9467	4480
9362	9612
9076	676
3095	9190
1638	9112
5316	3532
7831	4970
1540	6477
6279	2200
1089	3392
1727	3074
8902	2707
2815	5577
5524	832
8410	2222
676	7873
86	513
1494	9
8069	9370
7030	1038
6105	1906
3583	1385
1088	9914
3898	7701
4185	1386
9238	2215
7161	2816
4710	2532
7422	566
5611	2600
2988	6790
7146	6982
844	9273
4814	7448
562	1529
701	9580
6680	7877
96	9239
7251	9390
4281	2917
3247	9664
673	4297
3244	4474
3595	4927
2729	7787
4412	6203
4529	7676
7816	7755
7281	612
7393	9560
8197	2369
6195	7338
4418	4374
1327	2390
8534	5791
3115	8829
9150	7182
3275	627
8951	5577
7374	4127
9789	6540
7923	8373
329	1204
2440	7085
1303	9572
7831	9810
5113	5063
9938	8802
3913	1434
5160	7406
4943	1247
6910	5166
9296	7776
4385	4276
5712	9446
9856	7770
4159	5764
5789	2251
3485	9806
8480	6647
4107	708
2681	9032
4916	306
3246	6994
137	7443
1068	2411
1603	6333
9501	3916
443	794
3006	4240
2403	7597
2855	669
7920	9834
7397	5207
8155	1842
4920	9392
2593	6111
9469	251
2152	4937
1864	91
9386	3626
6919	7199
6689	409
8364	5195
5570	3782
466	9118
3627	9517
8412	5936
835	1785
5466	8309
6325	4261
5889	6410
3439	2358
8948	2552
2206	9893
3247	8571
9609	5
5855	2475
121	8176
9951	4798
7454	4194
8735	9020
4392	586
8091	7818
576	5630
8120	7642
7211	6858
4012	2032
6930	9734
1997	4431
9618	7523
367	2572
5775	4107
7790	8982
8635	8911
961	6746
5821	2316
9431	2410
6954	8753
6683	1685
8066	4449
6242	2589
639	279
9698	7993
3802	633
5133	4937
3993	7484
4072	8589
2653	4789
9707	3661
419	1239
1989	2843
3692	4018
4451	9509
4770	9850
8384	1843
4753	2450
3479	4794
1107	6800
5438	1945
7987	5522
8620	7920
3637	1201
1304	8589
8334	1795
8369	998
3556	4128
771	7409
3081	5318
4014	445
4393	5656
3238	9277
7855	9916
9404	8795
8052	9235
2380	5766
5116	908
4430	2641
8309	2056
9067	8467
1288	1398
5059	8887
885	2925
3317	5109
6494	6489
944	234
2880	6785
4931	4887
1259	6551
2314	1673
2705	5311
393	207
4338	7410
5728	8435
8174	6404
8314	5188
5536	7491
1846	7510
6580	3688
2306	1036
3326	6185
832	1292
5434	5784
4747	7759
6091	9156
7823	7274
4734	4585
4671	5025
3403	4757
6811	2322
7131	9892
4129	3139
3391	4560
97	7021
7841	618
8083	2671
7229	1376
5200	6474
5387	5663
8629	1702
1285	7279
6269	9421
7858	214
5099	820
4049	717
4359	7185
6954	7310
781	2627
785	7535
3204	5730
325	5967
2344	5318
3381	9942
427	5428
8996	4668
912	4669
4221	9154
