500	254035
9464	5938
5372	1507
6674	5343
4967	6384
7077	6867
2814	8585
534	1551
1913	677
6647	3659
4955	2525
8604	2809
288	8552
6551	2105
3119	5013
1714	4617
6893	9077
9914	9448
8980	105
2463	4479
3452	4872
7856	1873
5801	3206
4953	9431
9113	5067
8251	1895
5734	5750
9053	930
2912	4884
5460	7883
3736	2563
6003	6952
2008	7027
4950	1756
9415	9953
7890	9557
6609	3022
8305	1327
9907	9346
3637	1048
9780	819
3693	8833
2092	6288
9141	1768
5443	7811
1762	1587
1142	8401
1006	7404
6064	9544
8501	7858
2694	6838
309	2245
1797	9194
2314	4779
7496	3890
9817	7651
8191	2649
6302	2577
493	5429
8347	174
9537	7463
7761	9433
5771	8626
6431	6494
7742	8057
4581	212
5870	7557
6216	1851
7316	5982
4113	4213
1348	9383
7720	6839
7040	5585
512	4970
7806	5181
4125	2086
4320	7122
2431	4146
4694	5918
9600	3398
1280	5695
4324	217
6359	6867
8469	5169
6602	7164
3327	6844
1296	2678
3030	6143
526	5347
9520	6487
8717	98
4733	2511
2395	618
7450	2209
7040	969
2000	7582
3442	631
9809	8855
4925	4273
1951	8284
4407	4190
8001	1878
3832	2730
999	5231
1293	6056
4237	8296
7684	94
5888	3757
686	4679
1261	9024
1959	4705
1771	7607
5276	2433
6777	9202
7155	6462
8928	9566
7166	4969
7833	253
693	276
4627	9165
4360	3473
8894	3996
2453	2520
9749	8533
5574	3284
7181	134
7101	3119
7555	9104
3918	4986
3675	8386
2624	540
265	2334
8267	8147
5162	8412
1487	2856
6303	908
4679	8150
995	4402
9439	5465
4851	916
2085	7603
5440	8172
1526	7786
886	6346
9861	4855
8373	4138
3199	4116
1656	7290
756	7634
825	3728
6027	3482
3308	6131
6163	7142
7538	8055
6648	5119
5434	9961
8846	4814
3477	1317
9503	6323
3690	8523
9188	354
3870	3037
5418	4130
9356	8469
4395	3822
6336	971
97	1334
8388	8089
6044	8026
1991	3684
6544	5508
7558	7750
6651	874
8815	3642
992	1331
1727	2822
9290	7307
5806	5435
2255	9270
4119	2006
4715	3942
4071	1325
5528	6513
2851	9300
1836	8542
1974	8466
7833	4478
1765	8457
8293	5448
4075	696
4716	8161
997	3942
7864	8569
5484	2403
8295	5866
5739	9965
7236	2500
6988	3372
7276	3101
6833	9201
1740	3963
7118	2215
4066	6116
1536	9663
8811	5448
7249	6991
6229	692
2360	8844
6222	538
7657	6729
1702	5572
8347	5740
4322	4603
3482	8171
4536	8135
85	8500
8413	5197
1304	7010
7059	8561
8063	2310
6663	902
3801	5680
3253	1536
2816	3741
6797	2434
8687	9875
9316	6263
294	5180
3360	5896
8789	9129
1144	8568
1202	310
2896	4600
2683	9448
4505	3801
6562	3863
9776	7346
9973	4127
8584	8265
860	2167
5654	2696
4081	6996
1856	2214
8393	8223
3617	4337
6301	2805
8497	9990
3381	1839
1806	1927
1264	5250
9907	9303
5916	5649
9683	2435
3444	7588
8706	7306
8625	3611
6982	1955
1876	2014
279	5008
2670	866
9314	4507
4083	7711
8482	7375
1104	2509
5788	5711
2258	331
4872	6440
2192	9542
4375	7723
8208	5170
131	8414
3628	9887
589	4795
8907	1617
5306	7
2453	3357
8467	9048
8102	9117
4183	9893
8159	7680
8806	6120
8592	7462
8497	8682
7235	4954
6151	7912
2585	5714
6471	5953
7005	1827
5849	9160
8941	534
2851	3501
7709	2228
2712	5267
7674	4977
9439	2705
8193	5480
1843	6195
4759	5369
494	1545
7666	364
1084	5612
2145	39
7056	7330
1839	9011
6379	9063
5168	6171
1938	2893
7999	7264
115	9620
408	8000
4407	3794
7064	5172
6338	9866
9367	5488
219	5398
5962	7304
3232	2778
3919	3760
4380	3663
8956	4643
9272	4441
6752	6112
5232	9682
8097	2153
4947	9821
4474	6841
5985	7930
3280	536
8239	3402
9925	6363
287	9386
1935	2492
957	4359
6457	5967
7511	8854
6189	7838
4901	7827
160	5811
4430	5892
7614	7846
3901	5185
5212	3809
4265	4695
3669	4156
7739	9262
5258	4840
6539	2215
548	1300
412	7317
5039	3631
4468	4875
1139	4554
6600	4951
2721	799
6716	5870
1278	369
7765	7221
1506	7954
1292	1888
9749	4651
9772	6039
716	2533
7190	917
9385	6178
4390	6690
7039	4045
9908	7478
7371	9273
3010	2115
2105	4006
1428	2052
6920	7921
1714	8013
9595	1943
7920	8504
50	3931
9831	3176
7949	9660
4905	5856
5199	2818
9664	5494
8747	5895
9395	7008
7662	6223
4777	5882
1651	7651
6690	4594
7867	169
5207	1606
3764	7207
2860	4168
4199	3343
695	8353
8405	595
2479	7903
303	7072
6707	1002
3348	827
5613	9225
1976	8594
2081	9853
125	1359
4161	9036
817	5614
1438	7864
4662	7416
9366	3536
9310	1445
5246	6308
7817	9582
9478	1474
7708	6691
6671	6474
719	4153
6820	6913
6082	1053
997	6791
398	3923
5881	8783
9265	1332
4878	7044
8802	133
2579	3948
8006	3333
7462	1473
4887	3603
2871	24
3056	3510
6321	7244
8593	5250
1721	7909
5048	9513
9614	6844
2902	2547
3674	2904
4569	1194
1160	5717
5637	7393
4982	6000
409	3569
7128	1064
1350	849
3986	577
8269	6378
5982	9318
8309	1499
7706	7310
8651	1563
8650	5443
2755	2770
5856	9058
9490	455
8530	901
9316	2296
9199	1415
810	1044
1306	7722
4350	5974
8954	556
7988	8411
6698	9165
2635	4878
1385	1793
5014	4634
6697	7967
2053	211
2873	2234
4970	3767
9876	1984
4021	6395
2581	3141
6408	7014
6509	1104
1279	6138
2501	5844
8240	298
2599	6810
8435	2454
7997	6471
7294	4144
9484	1285
2288	3500
5119	9598
8490	7460
7847	1015
9467	6214
9407	182
4327	3445
9313	4255
2065	9918
6140	361
7550	7414
4621	7168
1354	9643
5905	1786
934	8400
3047	4978
1236	2559
233	9071
5359	2248
3362	5845
