500	259288
8989	6493
5721	3404
1670	8921
2421	619
1906	4028
7050	5274
3864	8641
753	5472
4850	3005
7205	8040
4140	3597
6356	7580
9354	2753
2211	6107
2764	8940
6105	3858
452	90
441	326
1732	4334
255	9168
361	7519
1665	6708
495	5850
2016	852
3894	4614
875	4222
8692	3619
4218	6209
4715	2706
397	7210
682	3379
353	2904
6304	4514
7628	8252
6448	3115
8258	5308
5665	550
7011	2016
8313	8812
1024	6512
6331	9920
393	3475
9617	5079
1396	2168
6304	9282
1738	8496
5372	3087
2629	7365
5635	4761
1332	7923
8456	561
4162	8907
5708	9674
480	5933
108	7106
9637	7433
2830	3443
8024	689
4624	4692
7140	2014
5429	9593
6421	7343
7432	2161
724	1287
7897	2344
3528	4704
3557	848
3037	8234
914	7201
7692	8920
4083	8386
6469	3550
7608	3503
3134	8848
9268	352
9218	4435
9418	8327
9374	2433
7771	8371
3262	6283
5413	2384
9967	7641
9691	6673
8907	2216
675	2187
6251	394
5696	3638
170	145
1281	3229
4576	5915
3455	3130
4689	1706
9968	8895
2090	9487
6138	7374
6009	3222
8264	2959
1344	5379
4199	4577
720	1308
8432	7868
9621	9174
9299	238
2755	5936
239	2572
7872	7099
6826	9726
517	4584
4066	2374
4267	9946
3519	318
91	678
550	3874
8743	4674
5352	1694
7017	2456
9114	921
1820	6731
2671	8920
7853	7449
6504	7376
8538	7550
4368	4588
2534	7572
2128	8513
3377	2864
2613	9034
6102	9576
7592	1784
5079	4076
8462	1858
9885	8023
5534	2457
9958	5105
4907	770
7470	4525
9491	8053
9938	3171
7209	5744
587	2580
829	8416
7365	8245
4559	1484
1269	4059
2658	6817
2755	6884
5979	5866
1285	2874
8126	8585
9826	9336
9458	4725
7839	2111
6650	7706
6520	3575
6376	807
8902	4264
2667	8653
2768	1891
8871	4140
164	7009
4875	8000
1755	8286
8360	8932
7339	9168
6589	7718
8416	5842
1833	2918
6920	2403
6022	8120
6622	633
9504	1336
8439	2072
1617	2930
4494	1831
8355	7502
6507	7970
1164	794
2096	5289
3860	9612
2874	9312
2380	5628
5399	8271
6484	5307
8267	9159
5225	4335
9228	4258
5090	507
8890	7444
8457	2311
768	2221
7913	8170
884	6504
7254	8291
4805	4653
9667	5499
8607	5472
7316	8391
377	3612
8878	1702
9971	6547
4546	3154
353	4026
8891	4678
8713	1985
5884	718
5587	3975
6270	6527
5561	3424
342	8233
9603	5282
636	3873
4668	1849
5566	4825
8468	9052
1898	9267
8735	9848
3618	7326
6102	4875
374	7932
8869	403
6011	967
2933	8754
8951	8190
4610	4293
4493	2368
3778	6331
7427	3867
2688	4425
6112	9371
1168	2898
5635	5665
7887	2755
1874	2532
8129	7254
7901	2192
6733	4963
7080	7594
841	3579
3983	8886
956	945
8597	2520
6093	6240
9742	9908
8341	6056
9351	3987
1466	4237
5121	1134
1406	3012
642	6118
9386	6566
5258	2454
3112	9881
4256	8837
5150	6841
9050	9612
2403	4959
68	8035
1357	1052
3403	8445
877	2243
3948	3023
4503	6078
1707	1338
4446	9263
9827	7421
2266	8603
3318	6509
1732	1210
7105	7131
8883	2457
2575	643
9897	2147
8580	2892
4628	4811
8380	7683
7546	279
7815	9366
4857	4818
1749	7433
584	4178
3207	4204
8161	7708
5268	1875
2208	3353
7639	4728
399	7875
8373	3971
5962	1376
6652	6716
6863	5324
9717	3578
4521	2858
2828	7889
6588	390
4912	4376
6777	4251
3862	3494
5042	1652
8920	3245
3334	1150
3678	9683
9505	6505
2343	5997
2081	183
153	2485
7071	3045
1798	4749
2083	3508
354	7820
3521	8929
5012	4105
6974	7251
8071	2267
1720	975
4250	9024
4205	608
6378	2559
7724	7649
7284	6345
4922	1348
2181	1162
8962	7301
6992	1108
1478	8220
3678	7135
4579	7190
6362	9518
4638	3006
7857	2516
5171	4180
9567	2129
2565	4583
4707	5195
915	814
9859	9746
7333	817
2515	3886
1909	3999
4825	5149
7339	3517
9326	6201
1368	8646
2853	8982
1016	2006
6712	68
5228	9098
3206	7501
6649	6717
2356	3458
5741	5310
1415	2093
1772	5335
7770	3861
4650	9173
9407	7097
4053	7816
5313	6571
4666	2349
168	4006
7601	8003
149	1851
2573	5343
9556	4755
165	510
2220	2951
3849	8643
5227	7908
250	6529
9079	3297
3709	8153
4591	499
291	8457
5042	9313
1340	2145
249	7950
5540	9900
2765	9997
8340	2153
9653	6122
1892	7857
9673	359
8763	4550
9144	6571
9766	3515
5357	2068
4982	9727
4572	3588
460	9952
7269	4818
3059	9174
5659	243
5677	7949
8882	3929
7781	7252
9546	3745
316	9413
888	3954
9397	7692
8936	4772
5656	5132
2357	6378
5804	8783
9118	6935
6642	8491
1432	3613
973	177
8637	6364
7902	6429
4739	4053
5252	3009
8895	9535
1380	1793
5194	6207
2663	5862
2094	9714
1529	5480
802	8522
9620	9835
3081	9000
8396	2984
3349	1317
1961	7485
464	6523
5832	3167
4798	8013
5575	1766
6920	6573
1979	4422
6699	733
2598	5524
1430	8378
8407	725
8299	9128
3038	6400
4300	2315
8813	1664
7387	8217
5398	4511
8482	4250
3560	7916
2425	6885
2192	4703
5204	2831
6600	2570
3236	953
326	6840
5842	8607
270	7413
5581	4997
8489	3756
9399	5285
7678	7494
7895	6009
7062	3008
3156	5756
5715	4962
1959	2851
3224	5539
6420	3976
6985	8924
7682	6860
671	4493
1584	9763
6364	3023
9311	6290
1029	9660
3514	9849
94	4278
579	6325
3184	1301
4463	6166
7715	3122
1087	4949
4728	6872
9425	4311
9510	6809
9364	3934
6296	9541
3751	9102
1199	4641
2001	950
2111	8812
4933	7892
1000	9140
9275	3652
1404	9387
3610	2165
7965	8895
7150	6003
8161	9734
3201	6745
5698	6032
5295	3422
760	3411
2010	2505
5178	897
2479	1480
3191	9864
3994	7313
2852	44
