500	1866339
9254	9296
7883	1615
8325	6508
7551	4151
5616	985
5487	2011
6686	996
9606	760
622	3994
7941	8486
797	7694
479	568
8398	3569
3293	4074
9310	4717
8603	9319
399	9770
2405	2013
1424	9196
3080	2769
9994	2151
8735	8128
955	1832
2117	9772
6267	7550
9628	9959
3869	8330
6936	8708
1319	2547
1535	5938
3245	6152
7140	5474
5854	1014
7761	4713
3226	8387
1523	6688
4342	1956
4115	7149
2696	5663
9992	5585
6387	3223
7681	2099
6084	6750
1857	4197
4817	721
299	6451
7631	2903
6382	2720
8900	4869
6489	9788
3762	4343
1590	7920
2278	1090
4109	3725
3492	7408
1617	4575
4624	9777
3645	6780
4364	2245
2460	7705
662	649
5084	6559
7349	9198
2001	3696
4565	6243
9534	718
517	936
2670	1947
8568	665
5355	4458
8565	7892
1555	4969
2826	222
6691	2342
8375	5925
88	524
8515	9037
1660	3036
9830	3425
8481	2655
3716	4775
8940	860
5996	1002
8915	4889
9838	7699
4654	7894
4357	3578
8334	1873
4569	2551
3434	7000
5845	8803
3912	4018
8924	9930
9755	748
9789	6732
4376	7723
6880	2752
4145	4858
2934	393
1151	758
9728	4975
4562	6952
5137	9053
787	1271
4379	8825
7844	9710
8604	6017
7914	2396
3471	2520
382	7814
7334	6281
5788	6041
7848	7099
8576	3779
6253	1920
9432	3590
5232	4095
4111	3202
5858	4280
1481	5608
5905	7558
50	787
5493	3813
7291	3982
7268	5424
2593	1046
4243	5451
7096	9555
3644	6790
1987	8615
9069	1562
399	6189
5829	7652
796	1300
4053	3321
2844	5216
6508	8430
1475	150
878	6511
8956	3041
1027	5728
6513	6556
1233	1574
3668	5015
5816	4017
6912	2138
4260	4439
1164	5988
877	4434
6466	141
567	9108
9523	5496
3296	1326
7141	3814
9506	9847
919	8589
9864	1248
234	9102
1511	4132
3073	3011
185	6836
4502	8660
7104	9369
9820	2770
3135	6025
6814	4515
4695	5196
929	1533
9983	2412
9154	6171
5036	8219
7219	8943
1909	6651
1670	829
2473	6701
3250	370
2662	4682
1647	368
1700	5727
6750	4014
4772	7172
4411	4164
9719	7140
1524	5161
5830	3688
9131	7387
2965	4898
2130	3365
8319	3722
1232	8968
54	9023
8726	2289
6405	8793
8127	7907
2144	6123
983	2495
129	9641
5817	1758
7583	5647
7034	3027
6405	2422
1563	882
794	527
6996	6858
2279	7795
2017	5635
8037	3987
9003	7390
7002	8636
5435	3741
4372	2470
9888	1684
6765	5619
4706	6902
689	9007
939	884
4550	6045
8091	2076
4265	989
9335	6455
365	4068
6485	8839
1981	470
7310	720
8860	6492
6606	1953
219	9197
7363	4984
3878	4945
7414	8329
4444	830
9858	4770
4093	6468
3151	6930
9051	3540
5104	6904
5596	5330
1073	528
8615	5874
9624	1669
5255	2080
1773	5772
3287	3548
6089	4922
71	5133
9379	4456
8724	209
9288	9058
2232	1122
202	3670
2163	8934
4153	9163
4702	6334
643	8121
6826	3967
4579	5365
6438	30
2357	9135
943	3456
5862	3422
4782	7060
720	9031
5481	8242
5864	179
6509	9214
2949	6623
9575	1914
1391	6174
47	170
7398	7260
5332	5620
7581	6839
7193	2640
5140	9605
7158	8681
4650	9602
3309	2150
6170	9173
6529	4022
2432	401
4743	7604
467	9544
7081	6316
7159	1181
4465	3462
2535	6703
464	9110
5676	6816
2210	8425
6225	7774
5349	3537
5165	8090
3246	21
7964	4500
7625	6847
7726	5347
7199	5137
5185	7525
418	2462
8739	157
1057	3038
4338	2782
3476	9247
1303	5402
403	1272
1189	6353
8739	1828
6100	7775
5263	5951
5882	2285
8973	4043
7572	6726
5127	2681
7137	667
1488	8010
1220	5417
6686	1886
1951	4758
7145	1312
1835	3699
6410	2157
5038	7451
4205	2707
3773	8781
8694	8490
9897	3387
5478	6796
8383	9321
6801	7166
2639	4295
362	9261
4464	6939
1797	6308
3050	7401
9438	8545
6855	1015
6415	3726
9063	3074
9405	6345
1608	1864
4613	1349
3267	4739
3559	8493
1635	7142
2583	4776
2451	5309
8079	5284
2666	4231
7315	1338
246	8329
3989	8258
5983	6776
4959	4557
238	8598
3942	1690
4266	4178
8875	419
4891	2338
5880	5893
3203	6283
3415	5424
9037	5422
5754	8195
1800	1043
844	978
3906	5675
4232	6173
8141	2828
6518	2208
7360	9689
7931	9151
6292	8055
1021	9845
3336	2570
1349	5627
266	3148
9951	6238
6311	3539
4817	2343
4303	2499
2498	6571
6221	5188
2880	821
9547	8742
1955	9846
3987	9099
946	1622
3391	3244
5125	2165
7116	5430
7454	8400
3601	8886
9422	4163
6575	6012
7997	4752
2939	5299
8696	4025
357	8382
7229	1335
1446	916
7587	2802
6926	4302
410	5219
4689	2004
9403	4536
5656	2740
428	6267
2870	5989
1835	6681
860	4247
1606	7947
2647	3120
6129	3778
7140	8259
422	3972
3590	8287
9374	3618
7668	382
9697	271
7167	5317
5003	5005
1425	759
4100	8921
2643	7804
6853	1363
6121	1433
4511	6502
5327	829
7144	4397
8823	9655
1352	4780
8736	7583
9022	8402
2628	34
4238	1174
726	2722
146	1633
9418	2755
2426	487
3576	3280
8435	8262
6000	8449
1106	7535
7631	7650
1054	8241
3119	1907
4977	2261
2879	271
4194	5643
3201	8904
3432	9889
6160	886
9211	7859
3806	3016
474	6274
4623	5170
8784	8075
3442	2400
9141	8881
9816	9347
3349	6043
2929	265
4627	5010
8558	1524
7116	1325
3166	8274
6561	6513
5324	9108
8470	1422
6064	5284
1403	6285
2871	2665
6387	6137
6082	5182
3158	6663
2859	2679
171	2822
5005	6721
4345	7995
8124	687
9983	6719
2292	3739
310	5970
6275	642
8132	4350
6810	8917
2518	8414
3139	6676
1966	6372
9632	4524
5950	8664
492	3376
6709	9636
6380	3704
7973	5833
3999	4739
1789	1113
3411	7163
3325	9045
4366	1198
