500	628892
2260	4537
4587	3948
7095	245
7423	8589
8705	6126
220	9095
5312	7147
3253	3443
3517	3552
2691	7518
7869	985
3032	2974
8463	697
4440	6822
8288	903
4626	5686
9696	6376
4720	1911
3455	3225
5443	2611
2275	2045
9866	6862
5080	6396
3300	9564
7994	9022
7231	4138
7332	583
1352	1222
2389	1213
8373	9317
3098	5005
8824	9090
3608	2212
6967	6658
2727	884
6969	9042
5341	7799
4987	406
5506	5533
347	7092
964	265
3835	35
4154	6373
49	6222
6841	1243
4998	6021
7096	7070
1327	6371
5684	2491
1044	2083
1054	9011
10000	5011
5206	301
2838	7235
6014	5055
8314	8382
7592	7314
3888	2511
6725	1698
1511	710
2304	9949
3492	7848
7800	615
348	4798
9584	4951
3583	3465
2856	5482
9310	7778
7347	470
3262	9654
6654	2189
6871	546
4080	4097
9092	8864
9485	8796
4809	2160
2000	9995
6776	864
3584	8491
2056	1606
5382	5960
8687	4949
8037	322
7429	2899
8485	6229
860	1073
8720	3661
2247	9244
65	7315
7795	9316
8740	5526
9501	5488
7384	5370
653	3102
8064	3391
7772	7568
5194	3939
1678	1963
7719	7691
500	2934
7778	3466
625	1841
8417	307
1481	1185
8545	8237
3935	8867
4779	242
7954	406
8201	1218
931	7172
9468	9411
7176	5139
8394	9745
4369	8
4146	2039
3023	5316
9667	4414
2161	512
8456	4690
3667	9693
9521	5174
3555	7882
8246	6191
5666	3082
1702	8657
6305	6067
2336	1185
7645	6232
5140	3558
9909	1862
8210	6249
7834	1889
1784	3202
3326	2408
4979	4542
8817	9168
9638	8851
6236	7044
9650	5792
266	7731
8104	9978
5854	2674
6895	969
3369	389
6423	2882
8043	2483
7432	8792
9616	915
2199	7722
445	8891
9394	6119
2032	6246
4274	844
2058	5340
6832	1836
9930	4896
9126	3988
7719	876
8186	7851
7205	7106
5845	8592
1152	9939
6681	4563
7218	9707
9060	598
9365	1383
9514	1803
4259	2888
6554	5168
1028	4758
6547	8319
5621	2911
5238	7329
9252	7940
277	726
2996	64
3631	1360
9864	4946
2118	483
3443	2671
6005	7779
1388	8095
5356	7660
3224	4954
4060	8310
5879	7765
6573	7273
2134	1426
5555	5811
2260	3257
2702	8862
6740	8718
3292	7883
5653	8593
9503	7393
885	9181
7455	2942
6541	8605
4329	3568
2495	6038
9903	5857
5945	1381
2361	6861
7832	3751
6254	5851
9819	4887
4538	4801
6446	8085
1944	7258
4513	2436
5305	1709
8983	1986
5935	8785
5701	949
3251	4927
9409	4670
4274	2656
4398	520
3833	2331
7415	9325
9272	269
5910	3656
3146	1894
8839	3834
4811	2471
9245	4161
2326	8830
321	3846
4804	3707
7459	9624
4186	742
8928	5197
5144	2461
4421	1143
607	5093
3441	479
68	3188
2425	6934
2624	8569
7103	5620
7858	808
5653	2228
9890	6585
380	3919
9531	5146
6276	5910
7	4422
6641	9835
6171	9489
6958	9134
2962	4011
9466	3450
3566	8203
9848	705
4303	3431
6162	7285
8613	4244
7060	8612
9920	9761
5061	9003
3259	6492
9976	9418
1538	7906
8821	3537
5607	2460
9173	7520
604	7744
5464	3117
4714	9302
7296	3700
427	297
6479	6649
6486	2138
8402	2267
2477	4690
7796	7579
6492	8891
9331	2802
7901	8125
7825	8633
9801	7243
3006	3365
1932	982
8059	1024
9151	4167
4871	2934
2627	3059
5984	7782
8929	898
5120	5261
4865	1491
4062	7676
4823	8090
8493	7877
3761	3162
1302	2700
1115	3674
9241	9667
2247	391
2044	246
4633	1923
1029	4561
3464	2766
5188	6444
2440	7907
3390	4147
4063	6748
754	7375
8189	4005
7348	6430
950	7847
2697	8785
979	1700
2300	2623
1131	7007
123	6107
3042	4774
5650	890
7259	5891
2685	191
3098	5589
9991	8681
9976	7693
8672	4679
3232	8556
963	7961
7607	2552
5210	5157
8571	6797
3913	6381
5188	2185
8933	5121
3013	2980
7521	2878
7339	9114
2452	8397
1706	7265
6794	3764
8364	3642
7159	8076
3225	9683
787	4077
9599	411
5033	408
6531	2108
2116	5281
9917	4184
3513	2683
1981	8146
8478	9835
4465	2685
6909	1492
4393	8566
997	8131
5620	2141
1953	6116
4118	9092
6028	7322
4884	6979
1251	3410
452	4827
2954	8314
8539	6024
1930	3548
509	3709
9089	1405
6702	2846
4149	4051
2712	869
5808	6837
4426	8320
9512	7019
6088	1462
6745	3917
9751	2297
8722	513
1920	3453
8503	8658
4004	9967
1611	3868
8872	8476
1426	4315
2139	2367
9251	1956
4722	7608
5244	551
4678	9278
6885	8253
1668	9486
3424	922
6890	3057
2189	9024
6253	5605
3458	7125
4517	6091
41	7680
2898	93
7882	1878
7263	38
8786	3922
306	2857
8561	5378
3176	9064
7270	1426
7646	4516
8658	6023
4389	8105
3030	8006
4229	4332
9018	8179
8819	1712
728	9318
5929	4076
8207	3690
6696	7888
1216	8022
4492	3114
6944	4164
1499	7628
7289	3684
2874	8272
7507	6799
9423	3519
9778	4145
8894	2601
190	7178
650	3561
5511	9366
568	7346
1568	8752
9777	5790
7008	7576
1928	2153
6326	685
6575	2200
3657	6124
3806	9924
4137	9382
6020	8034
6315	8004
2561	5512
7945	7298
1495	4735
3656	4877
9589	7317
8426	4204
8371	11
200	1709
2661	6024
6032	8965
124	3118
5631	3792
2164	6269
3662	8633
2475	8176
9198	6154
1964	3833
8193	6712
8978	3642
2490	5721
6661	3929
8973	7401
1035	4793
5962	9172
3916	2646
8330	5202
8631	5406
4033	2769
4514	4544
4822	7813
4601	6397
5887	6327
387	2016
3285	449
9656	7765
1895	5850
7698	3685
5987	8590
4389	8502
8459	1408
8468	816
1253	9841
7792	7391
4223	8126
4271	939
1869	1169
3096	9411
193	6448
4039	5543
8558	9510
6055	695
4661	5572
7031	3999
1885	70
723	7477
2196	2819
3998	6767
8247	9871
4207	4562
3616	2572
