500	241964
5227	3469
8721	1595
5726	4049
683	6343
4478	5417
3055	5644
168	3141
2775	5609
7828	9137
8610	8386
4982	4052
3470	8022
3223	5818
5188	5041
7587	5738
9274	5752
2548	7569
4170	6460
1569	2232
6501	5730
8697	3604
8746	8482
6272	8459
9078	7272
2231	5821
7797	8210
5968	3064
4739	3133
399	2290
4665	768
3662	8715
3399	6000
159	3657
5961	4167
9245	7579
9650	2011
4450	8584
406	6419
7710	5647
8594	7238
1966	5048
5425	3530
8216	8471
1134	2728
7494	500
3683	5071
5824	4178
1222	9588
1392	3813
1012	7603
9910	7327
1027	1645
948	4496
3854	2864
2611	5773
9648	558
5480	1128
8681	3336
2472	1099
5124	7731
7639	9726
345	738
8762	949
7089	406
3421	9097
2550	6071
8768	9327
4584	6582
2663	757
5884	7715
4829	8202
7545	5716
7951	6354
3372	2855
8196	5763
628	7691
248	6798
1635	7238
8545	3122
8489	1465
5798	585
975	8418
3718	3076
5166	8740
4587	2812
2694	4262
7731	3573
8206	4420
1415	1802
3618	2452
9930	3252
4056	5816
7847	7274
3406	7003
663	1147
1255	7145
8094	4437
5106	4499
3888	136
203	8027
6211	8759
541	4197
3527	7048
7812	3637
8755	5592
6838	623
794	30
6176	9271
7392	7899
5324	3192
731	5381
1390	3940
5873	2432
5008	4937
9214	7807
2365	2574
6710	678
8752	7677
4377	7894
9174	5618
9455	5771
4577	7555
5093	2836
5912	1433
1392	7071
5733	9760
114	7842
9754	5130
5247	7663
5835	3597
7966	7940
823	1312
6075	195
8490	3598
382	89
5688	4203
1850	143
3355	8437
3987	534
5105	9901
3011	8546
4120	1642
1230	4950
1547	9275
9125	7251
9823	3945
491	3159
2462	8001
9958	9216
4784	608
1049	5339
4217	1179
343	4205
9269	6595
994	210
4946	1491
8930	3353
9425	6689
8987	464
9668	1320
5788	7819
267	5314
4480	7337
8881	9727
9594	5383
4207	4758
6544	9641
1076	7428
9318	3083
8975	6464
2324	6098
392	2372
8932	3142
8376	7269
2021	9849
3294	5894
6688	7572
8860	8672
6210	7332
5999	4920
3243	3492
8918	6453
1078	4569
5110	9028
827	5169
5808	2714
1008	934
8894	9688
5127	642
1819	4773
6699	5449
5512	9808
9886	7634
2430	6034
5769	2429
911	7887
5502	4378
6767	2436
854	396
511	800
7452	8927
5075	4361
1352	1429
8031	2420
6291	6631
7293	983
5611	1930
7024	1633
7028	8776
7101	8509
5615	2718
5729	8283
4198	2285
9180	3889
8018	3397
3593	9602
9830	8324
7661	8389
3947	3430
8539	3108
2968	8767
2317	298
6278	7506
5077	9374
4617	4594
1333	5525
9325	239
9562	9982
3679	5596
3814	3062
2029	4265
9334	9413
6367	9846
8466	463
6833	3551
301	9755
5951	2622
4569	7510
2743	4464
4158	6447
6865	1647
230	1427
6157	7227
3663	4080
2545	9625
9182	1715
9257	1446
7777	6955
9095	3393
6052	3281
2643	3794
7398	4604
9841	3898
1027	878
3422	4778
6290	6866
4338	2630
6854	1668
3733	1069
8486	3948
9666	526
3699	8733
8946	4299
1026	9388
7962	4522
3248	7684
1241	3596
2712	6369
8249	5656
3634	3422
3714	8115
746	2548
9947	8678
578	6441
5363	8536
3219	550
4490	3310
3721	4272
835	5133
8031	1805
6293	4246
8510	495
4435	5796
6007	2384
8775	810
7307	7973
5138	5945
4207	1224
9125	4299
593	258
1908	7750
2814	1203
2145	1661
8653	4159
554	6621
7439	8266
7786	482
3409	2151
8086	4660
2176	2886
4773	1529
2340	932
4920	7784
2674	7782
2663	3411
2366	7944
9544	8908
6557	6764
4112	4738
452	1901
8771	947
6527	5336
7115	9370
6446	2101
1555	4065
7425	5800
4594	764
6169	7272
9134	1965
6933	4934
5036	4772
3802	7182
9871	8885
7223	3689
2104	4971
6335	5581
5000	1604
6316	5775
9547	4216
8811	8077
2769	9951
3590	7058
5285	3753
6488	3550
3116	3098
6799	1963
7688	7038
7351	3358
6725	350
3750	1432
6307	7517
7547	1060
3236	1562
4368	7448
8452	1391
3022	4917
7092	4796
1056	6419
6895	6251
4287	3765
4115	3141
5475	2387
2427	9896
4327	1767
5592	9485
2069	270
791	7483
5168	7855
7723	1314
8238	1666
4294	3941
5104	2831
7161	8988
7361	8617
7124	5186
6488	4682
3342	6976
8040	5567
4580	7290
5403	5113
9983	3868
398	7005
8998	9882
6952	4145
384	6639
361	7236
30	8115
9679	3255
8882	4549
7318	57
8868	1410
4358	4165
8653	6516
9627	4729
8393	2973
5735	3037
5651	9393
3000	1302
9280	5641
8090	103
2270	972
2499	3092
5881	2541
9793	7045
849	3027
3850	3660
5653	8450
4839	2945
4643	1792
921	5817
7932	5757
1672	9362
71	5683
3288	2063
6190	4353
1210	4787
9440	2084
4213	9975
599	1181
9526	3765
6686	1812
7121	746
6980	7918
8011	2529
3444	4533
5181	7057
9795	9227
6601	6367
9100	8310
9154	9069
9001	8099
9191	8665
5500	2542
1070	3745
3042	742
9236	2225
4161	6520
2556	1027
7147	6196
8732	834
5598	339
7157	35
5833	8254
4549	6920
4685	3013
8082	2757
6650	1073
4363	2022
7122	6170
624	9634
3467	3283
2715	366
7979	61
4276	447
9776	9184
8365	7273
2017	8764
5081	2118
2510	5814
5416	5497
4020	5951
3238	3060
8412	5340
9143	5598
8862	1183
1590	6334
6183	3748
4554	2508
2562	5533
9645	9102
8507	6599
7330	8757
9226	6657
8949	9794
8881	1255
2593	5172
7068	5083
6810	7720
5991	4962
6027	8363
6837	9969
5845	7274
6488	6866
8536	764
2039	2160
5535	3316
5686	2303
1352	4727
168	1603
1602	3089
3514	1815
4496	4384
6935	2387
4793	9531
6996	160
3259	8189
7320	4296
7781	5994
3426	8180
5468	4089
509	9127
887	6342
8598	1143
935	817
630	1034
5431	5744
5413	6156
2194	329
1491	6392
8113	2292
