500	616178
8387	7088
191	7173
9840	8276
6127	2677
4027	711
1380	2947
1762	1665
4487	8715
2949	7631
2141	9521
7247	1545
1243	6694
4675	4003
4709	4689
9591	4021
4491	1134
470	7275
6593	3642
1880	1115
2867	2994
2861	3098
6332	9762
7709	5397
4315	2421
1723	5828
4787	1597
7638	4644
6183	1499
704	7700
6980	2330
6603	1767
7611	6733
7603	438
4162	6133
2039	1710
9533	5910
1242	5467
7297	541
4960	6840
9896	4230
6093	3982
8393	486
6129	7063
7662	5209
3552	8567
6470	4610
5842	4353
415	9456
7832	9511
8953	8929
5366	5797
5424	7827
5303	8644
9561	8238
9935	5023
14	9300
1375	8257
7414	1159
5888	6749
3533	6053
3870	8232
6758	5836
2629	4119
2726	9015
1144	2639
3343	8770
8635	520
3305	9769
3592	2957
265	31
9587	3976
5370	5645
5932	801
2588	871
9120	3054
587	8380
398	5357
723	2742
6355	6459
8815	1905
2505	8464
263	778
8553	4775
1288	8528
1694	1597
51	9414
4189	6005
5080	33
6879	9620
2236	6588
9970	2747
5160	8361
7783	1206
8731	6667
549	5714
1164	1736
9735	7363
3951	945
5740	5929
9406	8885
8834	1629
3275	7301
6493	3523
312	2910
1939	2759
5635	9524
6458	930
1502	9618
7658	9991
2885	9490
445	6597
389	5905
4495	4410
8248	102
1927	3712
5458	6690
8033	7213
8789	2597
8593	3346
4256	1813
155	2681
7243	7645
2904	9048
9644	4465
480	309
6683	3714
6703	9883
4429	4121
9886	4096
6355	81
665	6317
7032	6263
3887	5631
3497	9075
2619	2104
1790	2037
2756	1488
4284	3838
9246	1673
8324	2204
1733	2230
7340	5590
5963	4550
5094	3201
7192	5065
2403	7870
7128	2082
1287	2272
1880	9593
615	9590
4990	4710
7630	1394
733	5975
3244	9130
552	4383
6515	3721
2571	1850
2581	9246
3766	878
8419	4830
1119	7731
9354	3169
9275	5041
239	3362
3311	1461
2757	5009
7300	3321
4186	4291
3444	3969
5595	5992
3419	3627
4919	9627
5155	3429
1505	3455
8522	5810
8289	6496
7604	9141
2764	4371
8835	8337
7712	9979
3432	5295
6435	335
2519	1157
7260	5278
1365	2007
7033	9210
2400	204
7481	4484
3927	5767
304	6794
3518	7658
4838	6496
189	4413
9290	1710
8571	1660
8726	629
6548	3656
2915	6021
3895	8851
2546	4993
8296	6285
1264	8742
1192	9134
1035	5602
2863	3482
1234	5784
9610	6082
9532	3692
2168	135
3449	8691
7990	1389
10000	27
5088	3431
9369	5752
1533	119
2684	3760
5931	3579
7506	6085
8785	5969
8130	9340
8614	6102
3630	8445
6913	3192
8156	1855
52	4685
3199	7598
9283	5622
7419	9183
3759	7610
623	1527
4519	8000
2489	9043
1730	7375
9411	527
8318	7791
6748	8835
7372	960
7710	223
6366	192
2104	4149
4117	5655
1275	2839
4973	2656
3275	4488
4598	3759
4754	6273
9414	1547
4017	2596
1043	854
1708	7765
1894	7574
943	4760
8870	2911
6084	4964
503	9401
1528	2089
6709	5766
6710	3748
3500	6880
3147	2763
8376	7829
7375	4305
3021	221
8964	4248
5551	8175
277	6976
3932	4989
2667	4835
3395	8857
995	1604
8953	2119
2669	4546
4485	1972
2357	1470
6389	6238
4053	957
8916	9451
374	4922
9908	7954
3180	2159
1193	7747
7659	5976
3930	7115
2258	6855
9339	1509
7025	285
3183	1172
2789	3615
817	6185
1805	7071
5188	7837
5084	1617
6893	9059
1896	9705
2658	3959
3779	4029
1278	4231
8552	5273
7521	3093
4454	2602
4679	8302
4908	3788
6242	2259
3372	5511
4346	2863
4002	2601
5964	2060
2207	7648
1571	3789
5776	8569
5534	5820
6079	6559
3814	4571
6935	2880
330	2106
5184	9117
7634	6648
9525	818
6524	6074
3565	1038
6939	4457
8654	7593
4672	481
6979	8507
3798	3544
5171	7184
2954	8075
4870	2692
6070	8093
6697	3136
1246	7305
8619	4606
3871	5016
3158	2896
556	4776
1442	6645
5430	5421
3283	685
4558	8145
9092	7338
4538	5776
1844	2463
5342	9132
2330	9622
7883	440
7246	1746
7785	5996
6967	6723
684	1407
8351	217
3889	696
9933	5622
3916	3135
5421	3510
7963	1119
5826	693
2382	3161
1676	2427
9903	6600
8718	6583
2572	8186
4056	2455
362	7665
4720	7965
8272	8752
6965	8243
4927	6874
1409	5633
3198	428
591	5713
5716	7144
8243	6495
22	1048
6099	5096
7699	8383
4762	8008
7940	2699
2584	8728
5014	3256
4755	352
2839	250
3079	8601
51	537
984	6197
2807	5573
9848	9674
4677	465
8585	1833
1604	8630
9398	4930
4453	8426
5689	226
975	5251
9347	3789
9802	1462
2078	1649
3972	8598
9362	2129
4087	8637
5150	6605
2714	473
7315	7504
9518	9175
2469	1217
2781	6940
4767	6912
1073	8058
3566	9457
2850	6375
8214	6805
9026	2489
8035	4869
715	6185
8864	6511
3497	6396
2482	4238
2151	5577
5823	5992
955	159
3877	3999
4635	4118
3094	5636
9975	4219
5142	7433
7868	7751
7156	2517
7829	6367
806	3063
386	9531
3217	873
162	5704
3578	5824
9623	1436
9838	5695
6789	7982
8900	8986
2345	335
772	1837
6849	8329
8172	8400
2301	2518
5012	5818
1952	1376
6792	5328
6101	1127
759	1583
1982	470
1632	5442
3027	1539
9841	7069
9557	1147
3269	9200
8770	2494
1029	6509
941	6792
2303	5650
284	9203
5649	8033
2950	8563
9908	868
7990	9349
1862	772
3524	7648
4642	8121
6101	8027
9130	3710
4030	4094
6965	7990
4782	5701
9156	7569
2200	4883
3355	5883
3071	9156
4919	7229
4197	3581
6606	2445
3170	6828
4899	6260
3846	1397
9293	677
277	7782
9816	1508
7096	5904
1093	2568
4282	6475
3354	2477
183	3483
8079	4460
6242	7302
1225	9676
3149	3599
2466	2814
459	3635
635	4792
1526	4695
7001	6359
5799	3790
1367	8803
4013	7665
6159	1863
