500	1215465
6196	5320
6858	8702
5387	906
7131	2806
417	4076
2564	4200
7177	1019
5917	7904
6847	4204
2088	4442
6092	132
4843	3835
2951	7779
5564	3439
4358	6448
4419	62
5589	2797
8393	119
6829	7947
3396	6999
9014	5366
6644	4156
9587	2777
4038	9742
9696	7671
6992	6753
1325	64
9282	3893
9249	2596
4292	7479
4337	3075
7082	426
3740	9892
2120	3863
6290	5560
250	6336
3933	2329
7503	7636
9042	4251
2441	6986
6293	3176
5981	2067
6819	9367
5494	1450
7518	6427
1205	1484
103	8022
6601	8413
4221	2264
9093	6738
5454	4851
1653	5084
2072	4860
3063	4722
6890	3
4870	4038
6992	6842
5003	4199
4528	4283
7493	7193
6762	191
641	8664
1386	6415
3669	3510
2910	6223
9147	3420
6768	1131
8904	1920
3718	7542
1257	2439
9560	6838
8774	614
2999	5187
3069	6634
3482	4597
7847	8145
3084	3515
330	4324
8143	7933
1097	6985
4723	9051
7039	2170
1099	1136
3946	8682
5677	1853
7107	6541
182	161
2458	6404
7464	963
4167	3160
3341	8435
7339	1034
8931	7398
163	9300
192	8600
5571	3004
7607	2872
3663	9644
3105	303
1252	3085
7431	6146
560	5982
6246	8571
615	4388
9023	7218
788	4414
1104	5578
2858	6584
76	2962
3643	3045
6684	4330
4873	8798
345	4526
9900	8817
9753	9163
2005	9665
3646	1582
5514	9199
6115	3878
5989	2575
5436	654
5392	8101
3484	9999
4722	3137
9261	7292
2939	601
7682	564
8397	9484
4837	3127
1500	9436
430	4141
4152	6841
326	2211
5497	7396
3810	4229
5979	5190
5710	2133
1050	1912
4055	3455
8548	6035
7026	9234
9512	6371
1602	7406
5684	869
9339	556
62	5080
9773	195
2361	8916
9302	9905
6826	5846
9295	6339
396	7875
9976	3285
8639	5987
3940	136
3424	4687
6441	3500
2915	9967
1399	7459
7678	3495
7229	4642
6292	3135
4510	5064
4386	9262
2095	7688
8813	486
607	8399
7159	4074
826	2867
511	3739
6714	2165
6113	892
1971	3886
2176	322
2486	2308
5707	7072
8478	4026
4222	6836
5686	3804
6328	3365
6097	4821
7838	5678
3169	1296
2274	3520
1195	1486
3011	12
6373	8333
6459	315
867	9236
5681	6564
2855	1317
2374	2416
1614	3679
9430	1357
4090	3554
8971	4819
5327	9197
3715	5594
4928	5834
6990	7529
3586	2177
9075	8950
8656	5132
3689	5890
4170	1826
688	1419
5287	4279
5550	1167
3798	2399
7512	6488
7835	9712
742	9923
3531	3133
3353	6349
3660	1646
6128	9825
3824	3870
1414	5350
7202	613
2523	580
9972	834
7825	3848
5089	5690
2510	1053
2322	7712
2486	9166
4495	790
6847	3170
123	1542
6944	6807
344	8177
7673	1224
707	6844
6932	1944
7723	9973
5190	5396
1970	6919
4798	4810
9774	8887
8688	7177
7715	8449
149	8440
1471	317
8771	3604
9810	195
7311	5164
4853	6434
4549	8796
360	1273
7145	1295
5081	4690
6220	9315
9156	8458
6727	8011
3246	1333
7789	6556
2080	6222
9319	2517
3909	7684
8342	1682
9325	5201
1536	3428
5390	6058
931	6210
5628	5975
614	6171
9986	6045
4264	4474
4777	54
8433	3290
7688	2013
1839	8241
8808	16
6459	1541
4277	5626
1345	4011
8712	200
817	3416
2913	3684
882	4423
2643	998
1928	4302
5697	9939
1804	177
6365	6190
966	9319
8973	4442
2857	2432
4869	6005
547	4655
4127	6975
1328	7138
487	8527
2971	5431
5492	9406
1395	8633
9061	7926
1337	893
4017	3585
895	7829
8319	4072
8181	3517
9295	5767
9065	4591
6452	3065
8810	8057
4395	4915
7019	4840
6091	4271
7168	923
847	9832
8755	2406
5651	6715
6397	3854
2002	1077
1892	1298
6983	2288
6476	7268
1860	1839
6330	5106
2874	1480
9537	9969
6587	8051
8465	3841
8143	6270
7188	4605
79	1591
8668	9435
3300	8617
1621	2224
3059	9910
463	7662
6207	331
1833	6776
2225	5154
3314	2805
4292	6319
279	2960
604	5381
2905	4443
6417	6412
8200	1918
561	4780
9547	3159
7785	9216
9496	495
2260	6410
8023	6048
5849	1660
1620	1521
320	3911
2205	9992
437	2687
264	2698
1529	9479
3828	1528
9309	966
5412	6158
9054	4911
8295	9260
7441	7015
3766	5706
7239	5271
1328	5109
5971	7525
9149	8776
4696	1242
5677	8662
38	5674
8825	6465
3945	1690
5806	4204
1330	9509
7050	2569
2894	3382
4957	558
1613	9219
5094	50
1711	151
7707	7720
6631	895
5710	3788
3756	9360
6328	4515
3599	8969
5237	9631
8106	2525
4756	3676
3430	5459
3729	5637
7648	1219
8436	1939
8361	5582
7516	2942
7674	8007
3985	6743
5209	7249
2030	7573
1056	7087
9661	4485
1671	5759
8301	791
6276	9624
9716	8205
6779	8714
4235	2764
640	1721
3684	3613
9494	846
1884	3264
3432	8786
1789	3752
5236	2229
9423	3452
2049	1182
3016	3177
3467	2056
4159	8033
5489	1345
8665	9010
8612	790
5276	4179
2607	6019
4901	2811
3857	4223
1214	6399
6305	6
7938	4970
4859	339
2493	6229
4960	7182
535	7253
3430	9210
3101	9794
2929	7650
9198	9437
3737	2980
8788	5336
255	3628
7676	5401
7291	2962
6968	1153
1632	8651
7443	1747
5709	8157
1572	6579
1028	6465
7616	2332
7035	6933
7003	2895
8123	6221
6501	1635
3009	1415
7224	4463
8861	1048
126	5157
8379	1585
8822	1307
8423	8617
3573	4405
6419	5226
4958	4829
2083	6078
4891	4616
1923	3428
3111	9337
9383	1094
1119	8634
4331	4977
8049	9042
4894	180
540	9033
6443	4615
770	5460
1302	4348
7212	5270
9776	5600
4585	4798
3366	3544
4676	6
5885	7679
8524	6504
3525	4321
5387	3522
4556	7512
2262	3361
696	828
7266	8113
3046	9152
4749	4695
8059	9275
5635	5270
1577	7753
8244	2045
4189	1372
1095	473
1284	5017
2784	9588
3658	7092
8757	8292
