500	257674
4944	7376
2258	4947
8231	2160
9501	1456
2319	8914
1760	7781
1791	487
9145	9115
2659	909
6665	3291
3419	9557
7252	7871
4985	9835
3791	9040
3749	3287
855	890
3677	4363
6953	353
9335	9009
1582	7852
4955	6487
3776	9777
5986	5178
4495	1170
4051	7546
8358	5520
363	3459
3722	4256
9154	3976
2187	4527
3033	5387
8259	2983
1651	5298
5554	5413
456	4750
4770	6888
7992	9956
5837	9359
7779	3504
851	110
965	4588
9402	1319
3278	6989
2925	1619
1480	1058
3424	2957
8539	7195
991	7870
8844	9587
6409	8372
3122	5569
8535	9941
6207	7002
6541	4406
524	6008
4264	4652
8849	8961
8477	2818
3217	6833
387	2223
6009	4783
1710	765
1867	8565
7268	9443
4856	5346
4768	4687
1456	4763
3219	9115
7886	9033
7002	6323
2844	5103
817	166
5244	4239
3824	2201
5725	5781
3164	4652
6580	8260
2741	1287
3287	8190
375	7080
2936	7288
6303	5405
5184	6368
6417	8723
9692	5778
700	8966
7489	5900
4458	2365
1981	4504
6321	3958
5937	2861
3341	2371
2738	5544
268	3720
7012	1342
4322	1880
8326	8972
3854	7319
1864	6630
6361	9041
2206	5453
7421	7221
6905	3216
6978	9896
7472	2502
5950	8468
3947	7709
5691	2607
7531	2422
5765	9128
4523	3624
187	7001
9910	2996
4541	8085
3935	5310
606	2569
3996	5690
1701	6703
2306	7222
7572	9174
6767	2861
2968	8693
4574	1119
970	545
6643	9574
7981	782
817	7879
7454	8332
7450	4108
5619	4190
4140	7010
3259	8535
9010	8337
3813	790
10	919
728	171
2526	4949
1391	479
3906	7493
6095	4072
7912	3103
5096	901
9873	9893
4633	2479
1103	9316
3470	8933
691	1199
9105	2887
3532	9347
6541	8902
5150	4286
5293	7744
6248	9906
8173	8151
3760	2097
6934	9471
7630	965
1367	3563
6815	6206
665	1983
9900	9383
4740	5605
8623	1861
7204	2382
8211	2895
9558	683
6506	8403
5562	6470
3940	7643
4091	6409
6806	8970
4009	2263
5863	4053
8238	6417
7852	9319
4691	47
7812	5313
5537	6581
3519	9410
8246	1024
149	3934
3087	8412
390	1688
2927	513
7294	7265
4538	5316
8872	2324
6339	9239
3608	8631
2609	8401
639	61
2028	6647
3849	6332
9311	6406
7764	3085
9244	3977
6520	9726
8444	6824
1203	3093
3770	8198
5226	1582
2652	6096
642	5785
541	6651
3251	7799
1172	9671
9509	1765
1611	1972
9497	8543
6662	3771
6003	9071
6291	177
5806	614
8318	1678
1496	8564
5397	1261
9633	5814
3901	2997
2471	4378
4571	861
179	7380
9879	2522
7012	3664
7205	7457
2980	8180
4604	5992
1734	1003
1649	1572
176	6745
4834	1778
859	3439
8441	7702
6673	4813
257	9207
7646	8795
924	3171
5029	5146
8334	747
5144	7897
5533	4841
5047	8441
1071	4500
7139	6068
617	8784
5930	6666
1000	5089
2147	7596
2261	7818
9420	4714
8763	5313
9792	1993
8458	2250
2890	7153
1739	6388
2337	6236
1100	3372
1023	6924
9665	6361
8157	3557
9863	743
8075	9429
9472	5348
7489	8704
4741	5359
7570	6548
9923	3017
5102	9932
3551	4932
57	6675
667	833
8439	1132
8141	2771
1425	9253
2687	9739
3645	7667
8554	3161
9976	6381
1295	7347
2308	386
983	7416
1686	9134
5292	156
3912	7883
2832	1952
2366	2928
4308	2706
3637	8007
6550	1345
2367	3843
5994	3975
1531	3009
1104	1527
3773	9153
4935	4525
487	6055
7170	4117
1627	6918
1850	3406
8878	3570
4602	2196
6949	3164
1561	4886
1359	2040
2666	4587
7882	4704
2090	5349
3885	7837
4145	473
472	1503
320	6007
4764	1381
2678	5853
7165	1239
6985	9984
9316	6123
3891	5808
5979	4875
7371	1828
6995	7666
1435	8648
5727	8872
1392	7251
6105	1654
1985	5098
7101	2339
5528	9564
8189	6755
158	7626
4546	6170
3681	3987
49	2272
4527	5766
6770	9483
4327	6728
8022	9374
3467	3638
9315	9417
4742	6570
4070	8012
6061	2334
5850	9529
2713	3699
4758	5778
9141	6823
8585	2196
177	5641
1709	3129
8293	2869
2675	3787
6071	2066
166	7344
8070	784
2490	8794
5558	8676
2344	793
5866	4740
7683	6248
848	5972
1284	2531
8818	6838
1482	880
5631	3683
4524	9575
2221	7516
670	2825
2742	6796
2896	4453
5786	5319
6505	5989
6206	7150
1829	4868
8881	2890
4373	5504
36	357
4359	9245
5872	5034
4865	5012
4336	4391
5010	3648
4099	5878
6127	392
6293	4333
4392	4301
3881	9227
3598	4862
1051	3860
3342	2618
2469	2098
4241	4785
562	4080
3623	2050
7172	200
7716	8469
7389	3247
1372	1792
1888	8916
4243	1971
5709	1458
1163	2095
4998	1373
2586	6806
2373	9656
4163	8849
3449	6551
6979	2396
2893	9840
6123	4752
215	1658
4035	4227
4308	9627
5689	2044
7621	9499
5902	1677
2655	53
6537	308
8468	4797
1355	412
3682	6984
4914	6510
5515	9921
1512	4467
5771	5981
583	8037
1555	5223
9342	2221
3054	8497
6653	8165
7505	9853
3017	851
8251	1639
2165	5068
5415	5989
8441	3442
4327	1998
4231	5681
7518	4409
6138	3409
8194	854
9159	927
4031	1009
452	1124
2246	6605
6093	7340
6225	5460
8847	1777
9138	212
4073	6894
2443	5796
5713	8226
5010	8222
9253	5301
3300	8738
6278	9243
7202	2510
5498	3185
69	2784
3422	4068
6443	853
195	5117
4066	4179
1015	7507
6275	3151
5949	7605
403	3062
4716	6121
1015	1176
1599	8841
2076	4935
4544	4073
973	8055
3279	6254
4706	9495
9734	656
1056	952
4219	7067
4097	6425
734	8230
461	8608
8193	9257
3669	9041
8081	2332
9367	6266
7356	4226
2580	2404
1697	1125
2647	685
9101	3924
4194	7027
258	5268
6591	2885
6615	6627
6415	9188
3402	2721
602	3154
9975	7383
4513	2404
8491	601
4748	8454
3146	9661
3094	9146
