500	596694
4695	459
1451	6665
3197	1336
8192	8431
2248	1181
2412	1102
6919	1181
6656	8186
6435	5074
5811	554
2358	780
5539	3489
2501	7909
5008	3225
8192	2948
298	2558
9337	353
4659	2132
6191	2982
9839	6069
7599	8948
4303	8257
1826	7229
9350	9456
8112	4090
8490	6216
4840	978
5919	5746
1111	4364
7298	5211
330	5964
2861	1160
78	8725
5630	3074
2336	6419
3352	3787
1456	6337
6261	1422
3726	1706
2809	7731
7962	9568
1237	7648
2301	7759
965	8190
2159	9860
7208	3745
3249	4178
3663	7295
7731	7160
6531	874
2658	2226
8138	2524
5348	5909
4591	6893
822	106
2106	9078
6729	589
2188	3885
773	9491
3009	7717
1468	1265
7664	3698
5698	8843
8889	744
1403	9149
3552	503
2318	9013
3330	9531
5437	67
9645	644
9261	6393
2568	4842
2920	9786
8026	2200
3037	5257
6549	9367
1970	3151
6788	6225
248	2999
6485	1381
7934	2367
4616	9390
2439	4209
2983	525
856	4391
9293	5563
6082	9695
3178	4979
8115	5108
2888	6658
8686	5065
511	7148
5554	996
8859	3876
2004	5187
4901	5548
2199	3033
9441	3372
1721	607
3996	4709
6932	2752
5180	6529
5220	472
2555	6233
192	241
7697	1786
4914	1178
9238	1670
4188	3579
2361	6166
7905	5757
1682	4201
9922	6097
3094	8856
8258	6567
8731	6801
5724	1016
1653	7762
9180	2557
995	3965
1573	3447
9730	444
3641	9942
388	6410
574	3389
9153	7384
711	1715
8816	8284
577	9173
8692	9429
8592	8124
3396	7625
5280	457
3717	5858
127	2126
3049	653
9635	1409
1491	6679
1030	8527
874	617
1829	5106
1586	5897
4272	8825
2400	6974
2444	2299
2021	8368
6475	2343
5601	814
6409	2637
9098	3391
2710	3722
3333	6723
2248	7351
8230	892
9004	2538
7784	3727
9298	5747
1240	6535
3761	5143
7175	8065
4793	1427
3357	4900
35	9565
7837	6900
3089	2660
3760	3974
7315	2386
5436	9104
9485	7154
7444	7538
3109	9264
6409	1431
7957	9535
6896	2219
9916	9098
5088	140
327	4384
1967	2910
1540	2633
8423	677
2837	9515
3554	8460
5730	3724
2585	8700
7328	2317
9154	4037
2874	574
9096	7323
7271	6482
6224	4551
9788	5314
8250	6895
5629	954
8469	191
272	6167
563	2146
7429	7640
1810	4625
4707	2782
8217	9713
7843	2127
7593	5629
3807	6086
1011	1048
7976	3715
9802	7507
2216	3877
7193	4157
6485	9076
2005	550
5888	9724
3207	1212
2787	7326
8198	9455
889	2109
7820	2504
7264	3057
7100	6289
6868	3173
9176	6885
3033	1374
6018	678
196	9438
4001	8716
7146	9299
6429	7305
8455	9121
7577	9806
1176	3543
1603	2915
7689	9177
6425	4073
1604	8415
6066	575
3857	6744
3225	5359
9921	894
3994	4261
7556	621
266	8878
7150	6800
5150	2487
7721	8116
3942	8376
6862	2642
7083	2478
5588	9472
7449	6889
9010	2146
8441	6443
279	6395
5504	8188
4493	9538
5899	6620
1278	8147
6742	417
6648	2149
7197	4677
3009	7072
181	983
787	4628
7037	183
8545	2005
5995	7896
7098	3345
705	7505
3743	2906
8608	3699
3926	1375
9264	7029
9742	759
8999	5896
9006	5735
5411	323
7915	577
8779	5808
5699	790
702	2189
4278	9954
8448	9935
444	4092
5020	2128
750	1368
1128	8376
6413	8445
2846	8291
3384	1205
3844	7122
8104	7429
6308	8566
8874	652
9092	3510
8271	4377
2421	3976
7061	3162
7570	6115
34	3059
2197	5102
8044	2579
8345	6039
7662	9186
6840	1935
8115	3598
6150	3930
546	5271
7276	4839
8723	5771
4708	3251
3786	8151
3303	10000
6974	914
1629	9108
6646	1823
354	538
3411	896
4350	1892
6150	4212
3677	7122
9191	4700
3575	4456
4294	2708
6520	9101
8453	6610
9614	9742
9001	1718
8611	1464
475	1658
7187	9564
5378	5348
9056	4446
5330	3991
6643	156
9779	5838
9604	5751
4578	2037
7763	5960
3871	3171
2939	7646
6114	594
9925	3867
9337	1395
5231	146
5268	2962
9441	9732
4873	3256
5431	2020
5037	420
9467	1613
118	1942
1767	9796
8573	3729
8064	9450
4393	2352
7149	5695
1438	5427
972	606
5645	9784
566	2903
3294	5841
6999	884
1265	4625
8886	6592
7995	898
5311	9643
5907	3599
4819	7258
817	5636
108	9680
4394	4148
5585	2441
792	8828
4516	250
7597	820
4938	3916
1776	7233
9812	2231
8041	492
2367	9686
9902	8188
2767	6121
676	4068
3465	7503
515	6561
2282	1075
6262	8880
706	3031
3121	4427
7717	3804
2851	6173
9977	6416
2012	2328
5762	4742
8901	6927
6400	5514
4867	6001
3153	3660
3579	648
9883	5495
3032	1650
326	2037
2554	4732
537	5777
2769	3097
8705	2922
8385	6625
4135	5153
999	824
3159	2111
3026	491
2752	8572
8653	4093
3829	739
3291	4432
9961	6899
4315	236
5438	9470
58	4263
6215	6501
9126	2218
8880	98
2144	1490
434	6728
5035	3043
3125	3338
2051	84
9237	9525
5789	5398
3723	1258
1402	5871
9495	1233
4122	9943
2702	7499
3515	4983
1260	2412
8975	8977
3933	2028
2046	3201
6194	5080
5673	9600
7417	785
4015	1815
9017	2258
4836	1763
2971	6665
9553	5697
2813	7973
1792	6032
8350	9089
5590	3166
6318	2093
8277	9643
9028	4270
9268	2614
6413	1967
1965	1794
5900	8337
4427	6947
4635	3789
4436	6736
9110	8701
3060	5963
4795	9204
6040	4145
1833	9519
7494	6046
2699	2375
5973	4311
2949	2212
153	9686
8398	4946
4101	4950
7942	2376
5596	7476
4002	9117
8296	674
688	8524
9369	6843
5339	3404
5413	8983
1739	8529
4952	6740
1156	2074
2651	6694
7674	7398
470	3424
2647	2889
1571	3828
3096	6219
7223	6821
7975	3609
3738	3660
4211	7140
3569	120
8668	607
6123	9020
8723	1881
3567	343
9781	541
5353	8271
6387	3538
