500	1865721
9979	3401
4162	6310
9156	7769
4541	9084
4990	4777
5217	121
8575	1
1108	7918
8739	2690
2057	5510
2453	2087
259	8833
4342	9826
1110	7505
6621	5545
1294	687
2685	6147
5873	6876
3895	1222
9501	3639
3419	8405
8595	2462
8682	5657
7644	4143
3873	8345
6398	4746
6121	3077
2491	2486
5962	6129
999	9753
783	5588
2809	9216
3716	1799
6595	5964
4951	1978
5844	1112
7865	6091
8078	6993
9351	6567
2638	8547
5625	2606
3124	3301
7121	7151
614	6576
9809	1566
596	4713
4316	385
8518	5900
7844	8967
2022	5429
5180	77
7856	5131
5884	3284
3358	8587
997	3804
2981	2814
9508	7565
8502	8956
4142	6198
4701	4550
6162	5401
1335	2127
5002	1915
5518	6023
2741	405
7257	7506
6410	716
9823	1823
6805	1958
9665	6091
8334	4185
5613	4354
738	3253
1521	2667
2313	5788
1822	690
3798	6071
2105	104
8573	2516
5011	9300
2278	404
1401	5202
1495	8021
6581	4864
6358	8626
8259	2982
3741	3125
8035	2711
9539	4629
8925	4827
7380	2381
7013	8852
3057	498
7837	3545
4412	7753
8164	3570
1111	5344
2239	6341
8238	8910
6343	8751
1235	4816
7007	1482
4468	5952
4344	6910
3121	8164
9881	5595
430	7649
4139	6800
7582	7279
9338	3055
7784	1807
8130	6060
6378	5202
3530	3925
226	299
1376	1330
2207	1162
9130	8502
2540	8653
178	969
8598	8303
8586	6134
4501	8413
4580	5188
6429	4263
8994	4001
5170	1431
4036	6461
4034	7810
6601	773
6451	8616
4004	2675
5970	3509
1243	9215
1911	1109
2633	2112
6883	6996
6063	6364
3461	6814
3280	9199
7466	6409
4982	7225
7550	7673
4413	4812
4367	3208
7009	9947
7820	1309
4198	6185
8816	4051
1256	3552
9389	3296
1163	1770
8653	869
65	5899
7332	5605
3193	1890
1495	5073
1452	7311
5985	8531
9106	6501
8885	2815
4049	5588
7666	9735
1329	4379
3279	3855
4323	9004
4944	844
4273	9346
744	5020
8896	2205
9937	9094
3381	2639
3388	222
3829	4660
6115	7815
3702	1627
8451	6770
8839	4002
7600	2073
4933	7624
1127	7932
7089	7035
3885	3382
8002	5020
2619	1174
9582	3945
1547	8768
8679	7465
5541	3199
1897	661
9565	9113
2754	8775
100	6450
5336	5477
2639	2109
6469	743
7128	6642
4710	977
7359	9930
1133	9871
4938	3597
7199	3581
3816	2857
9126	3453
4057	389
8769	3730
2308	9924
7296	5383
7957	5361
1041	7251
1952	5414
8661	1348
4629	3275
3782	6229
4275	874
5404	9714
8703	3296
4734	9082
4465	4192
5004	2539
7848	8708
4137	2373
4296	3796
6522	2912
5715	5614
6015	4904
1553	5236
9301	646
1006	1844
8419	983
7191	7325
955	5554
1983	6252
5275	6283
9236	8791
7634	8009
7909	7345
7022	5749
365	4277
8178	8245
4166	3362
958	2544
6434	339
4718	8258
4252	8782
2458	4903
9743	2177
9949	5754
4572	7714
3265	5458
202	521
6497	4157
1146	596
2242	1898
3443	3169
4641	5946
1090	5393
3855	3635
8923	261
4848	1249
3880	1902
6548	4
2780	1039
5048	7876
5346	4564
1521	1711
7548	4559
6052	1056
4282	5090
8151	7169
8424	2346
9067	5248
8836	7645
2958	3008
104	4823
4208	6036
5232	115
9736	1583
3000	1635
7024	3969
6836	3675
197	9437
6204	2912
9249	8864
9803	7261
5865	7646
6810	6148
4515	7599
9085	9909
9798	9362
7709	6782
9117	7918
2993	5582
6227	8849
9280	543
4141	5471
9096	5422
1580	5294
7201	5596
4377	1714
2007	5338
7902	1045
279	6295
5128	1530
6934	6822
5560	8330
2693	3823
544	5216
7476	9072
7002	4640
76	5110
3004	3384
559	25
9404	4788
7626	2658
6801	6287
3166	746
6769	5920
5576	3119
881	9724
8681	1706
1655	6985
7418	4871
2555	6161
521	7535
9319	5004
213	76
9213	3997
2168	4831
7950	8787
4536	4621
3204	1455
5628	9035
8298	3357
2390	9930
9444	9140
3344	6101
2068	982
5219	5573
4232	620
4648	6159
1091	9177
3369	4157
5710	9332
907	3740
3805	8392
2700	3131
303	1319
771	3198
3907	3768
5738	8184
8219	285
5567	1237
772	4796
6978	3444
1469	1269
5161	1689
1659	8451
3380	9938
2549	6063
3273	6271
6300	5340
3463	9864
6555	2785
4673	5990
1308	5659
8741	2668
7055	4642
8726	4374
4340	7523
3270	579
4972	4038
3789	8194
3467	348
4705	630
3611	8719
3765	8288
9106	1334
3791	5585
9199	2221
4022	9282
7369	3128
8197	7360
2981	8230
9581	6670
3483	3539
2322	5325
6707	2443
3304	314
4294	9184
4895	5345
2424	3367
1341	5871
7510	1476
7274	917
7195	8841
6212	6365
2431	9228
2251	3293
2648	4967
8808	7629
3016	187
6519	3538
8025	2445
4681	930
9108	4199
5123	9573
9595	2773
1692	6118
4833	1127
2128	8912
705	2957
7140	7728
1597	8919
4685	6176
4112	5394
9174	9276
1336	1227
4785	2263
5289	3278
7941	7231
5332	7648
8983	9702
9150	1635
4457	3795
6905	9461
9970	3847
681	827
995	7054
5921	6187
2568	7131
4124	3298
4569	9395
4751	7358
4104	4065
3708	7733
5649	5980
3591	2754
1001	6021
9491	1743
8512	3263
7145	2952
7985	8787
1204	9930
7306	5118
8101	7446
7177	4857
7786	3590
6548	7449
5138	4779
7269	7111
6031	5204
2489	9690
7050	3150
5892	3446
6134	5860
3128	9171
7225	481
9328	8588
8267	2628
8035	5096
2716	6658
7703	1809
9981	4633
9256	8722
3686	6585
7473	4501
3116	6395
345	968
4026	7396
8797	2366
2542	6531
8610	7771
970	5732
4942	9531
5911	5733
9803	2277
3091	9178
8166	7816
3271	234
2089	6156
6692	8107
3952	554
5670	8223
9360	9810
1249	5298
7439	2209
3421	6319
5875	1369
3847	3096
7208	8007
1299	9617
7160	925
8203	6326
7845	5706
6017	300
1555	6269
4532	1739
9308	1107
2978	8274
