500	608916
1448	1620
3397	1194
1388	5718
2824	8829
3260	4593
6264	4413
5075	2511
6840	3731
7111	8257
9734	8717
8106	372
2831	9921
9040	9066
6423	9359
2629	5382
8036	7498
9245	6383
8073	6335
3502	3685
8773	1439
1989	2655
7054	8011
2954	1174
6101	5313
411	8185
3328	6469
8288	8070
6733	3735
292	1546
3976	5876
8100	7467
5159	6554
3699	5979
2847	6644
7645	7810
3641	1549
7174	8639
2517	6986
3243	6484
374	5267
3299	7586
8712	795
5478	7524
6933	2990
5760	3422
6001	5157
3977	9820
4527	2244
8209	4305
2964	7502
6696	4306
8846	8861
634	5049
5670	7930
6003	9910
1527	9434
3843	9365
3129	3111
897	2145
6230	2222
1246	8677
7439	1620
1140	5473
1468	1879
7997	9421
8228	6207
2449	2235
2777	6464
473	3138
2383	3510
9668	3158
4685	4452
1845	7979
9900	3412
5064	3079
35	1621
179	7254
4584	3732
5692	4921
615	7339
9152	9565
4768	6401
5189	1387
380	5689
7483	955
4750	2615
9228	302
2343	6472
3214	885
5975	8470
506	4144
3763	3311
8775	7522
5130	3498
2073	3468
9168	9895
6972	4263
3942	9372
4406	4050
9465	2238
4587	7423
4793	651
9811	490
2622	4674
1445	5924
5954	2534
7049	6802
6208	1495
2477	2026
2084	3258
4929	4603
8248	6080
1448	2956
4779	5871
5365	6396
5667	2254
1903	4734
559	5753
8406	2973
6436	8534
8723	6290
8360	5466
4457	7189
3683	7299
4102	3937
6740	1172
4171	827
2419	7182
9618	6211
6916	8750
3292	4710
420	3273
9165	8592
5164	5887
3260	9568
2028	7147
7128	3231
4124	1830
9417	7870
8507	3493
6997	7070
4777	4867
6466	8680
805	77
2516	7246
3507	8415
1908	3279
2754	668
2688	2298
847	705
6777	4982
7567	5160
1263	5272
1774	735
8805	4611
2101	2368
3158	5906
8429	360
1116	696
5712	7324
6132	8815
2417	2351
1300	670
9677	2701
5381	7360
2021	3693
9567	5853
7618	400
332	5991
2826	9075
8758	3272
7655	3457
5329	4685
1616	8447
4082	5461
5748	3151
1468	9738
5217	2792
1232	9176
9259	6132
1111	4588
2909	3033
9226	4840
1160	2124
6738	8095
2248	1899
6234	6374
590	5574
3719	2243
4092	511
870	3151
1563	541
4481	14
440	3932
2952	1917
6326	2590
8056	7138
7629	2919
8554	840
4698	3721
8877	4595
9647	7929
5977	8209
432	6082
6867	6660
2156	4389
5640	2287
6926	6458
2608	5025
9142	2217
384	9
4675	6765
1726	2764
505	5520
7505	273
3184	1887
1114	600
7999	3334
8258	4602
7097	4191
1784	5718
5019	7491
9020	8243
4989	4210
296	8477
9942	2251
3133	1762
8805	4659
9681	5209
3433	1564
8661	8845
4369	3535
9161	1929
4143	2276
7194	5104
1700	191
9983	6829
9235	1604
7061	6325
3195	8973
8817	2924
8966	5708
2681	1603
3245	5524
7061	794
7052	7661
4815	7477
2018	2099
9415	3381
3570	4241
2377	5202
8078	3063
657	5211
6902	6670
3930	9722
728	7615
5388	6244
8653	2385
5804	894
8650	2389
1643	3925
2144	4602
6098	9523
3287	4846
3308	9705
277	5692
5468	9606
1502	1897
7413	8384
9651	707
3435	520
4020	4525
6932	8372
6107	8241
3707	3681
4047	8523
8910	361
1893	7174
7906	2428
718	1318
5150	3115
5844	3363
6889	8294
573	5279
2231	5302
5182	6563
2106	9521
1587	9078
8363	4997
5904	6076
9948	1936
5008	2863
8084	2242
9286	8742
7180	8706
8	899
7763	8944
8265	8571
2798	6084
7772	7833
9756	5118
3934	9915
5592	6400
9711	7310
8444	9087
2508	8638
5449	7956
202	5806
1630	336
5660	3150
133	1490
699	2834
9198	827
1047	2797
8344	1254
9979	4352
6455	4053
9348	5628
4039	6141
8614	2429
5578	3092
849	9585
615	905
4337	730
6050	3458
3892	8250
2137	3603
1514	3988
9847	9219
2703	4651
9255	227
2277	6111
2565	5656
6633	4257
5684	8206
1296	7051
8654	9199
2977	3366
9969	743
8227	2510
2990	575
7507	9721
4788	5727
9803	2885
7491	8606
6282	6256
3553	9505
6541	6604
9158	7110
917	7960
1411	1868
6797	3672
40	6295
4899	8343
4666	7874
2171	4600
8176	2135
8527	6255
2929	9668
3398	6069
9430	1649
4282	2627
436	1996
777	2817
2226	6615
5693	7057
7719	3404
2092	475
7843	545
7833	5170
4404	6514
2252	2471
1220	6387
1210	1660
803	4097
6008	8857
3328	3251
1169	4191
4011	7704
7888	669
5546	2017
5615	1400
9951	7567
4649	5182
7007	322
3001	6910
1570	9915
3356	4043
321	7035
6610	1360
8715	3860
2988	5705
5243	3163
4099	3460
1108	8965
3973	3052
56	4797
1780	5417
2655	7208
7435	1805
4099	9916
8116	4641
8394	516
6089	4778
7209	5136
709	8121
5537	9388
5044	4825
4814	5081
9341	7137
3840	5360
9987	7845
4336	7139
2891	3266
1737	8177
1757	8217
7807	6804
1308	7870
5341	6817
3640	4252
1924	9785
1976	1236
3201	5331
2120	8526
8174	3149
6758	7269
4437	2029
9384	5602
752	384
5690	1638
4623	9187
3693	7386
5120	2129
9730	6040
7697	2537
6071	9888
2410	7983
4577	7927
9711	444
5363	5509
6818	406
2766	3192
5104	5614
1656	1238
8760	809
5180	6405
5704	2960
670	2536
4312	4008
257	9664
9335	3204
1172	3781
1379	2402
5410	5643
8333	2049
9084	1445
2659	6972
1899	6387
2542	3860
3460	5516
3268	1335
8878	4828
7923	7964
4854	3628
8974	9186
7519	5544
3451	7758
7320	3038
3990	9206
7449	3720
8371	6008
9617	2970
2048	1875
9008	5349
2148	1387
9568	1461
3207	9846
4530	4856
6592	8513
6164	3666
6344	2615
7535	1282
6401	7798
6754	1263
5969	557
4785	4676
8186	137
6326	6480
4590	5075
1989	692
5096	1133
5157	9373
1440	2846
7710	7844
8455	1955
6547	8240
3649	2735
8656	604
7652	8621
8365	4089
