500	1966876
56	1888
460	2818
5452	8447
7741	6324
6540	7388
7482	9192
289	3978
493	9930
2346	3880
2094	7231
7798	4577
9174	9803
237	164
7131	4900
2670	542
4923	8244
9729	9015
9564	9286
4301	47
3739	1492
5986	1123
105	3385
3643	3860
6590	7984
5421	3463
1083	9713
9863	7695
2633	9206
2684	5093
5445	360
3780	9843
3426	9981
5014	9723
3622	2382
3218	6184
804	2154
6176	4748
4388	5298
2146	7281
9754	4835
6717	8924
5307	286
8398	1782
5728	4939
4314	8888
5689	5303
897	9803
5410	7574
1055	1931
3190	3183
5361	766
4320	6393
4887	7511
7183	6386
2237	489
3433	8829
630	8326
6928	3899
2159	9364
2745	843
7142	338
8165	2508
4079	6605
5148	6823
6723	4627
3287	5753
6560	206
59	9753
6704	3978
1386	8734
4408	8018
6536	292
411	2220
9060	8903
124	5266
8815	8320
2195	5409
1043	112
2281	315
539	9501
583	2830
2580	3919
1841	8244
2129	8674
485	6360
1164	6417
7488	4810
1147	1944
1504	6641
4535	643
8681	7599
5561	9814
8096	8151
9063	8637
6258	8480
5061	5096
4834	6967
98	6961
3031	5034
8224	9446
4957	9658
9077	7356
1033	6702
2042	3314
16	5909
4414	525
8222	2860
847	3866
7022	4309
6650	3917
8134	2120
1894	1169
3159	4328
9519	1764
9143	7021
157	1754
4693	1295
305	4483
9397	7972
9115	5948
7549	9239
3083	9324
3585	5839
7655	1922
9652	7139
8135	7511
8122	2786
4301	5495
7283	1740
93	7009
734	4715
6812	1886
9349	348
2957	9556
8077	9313
212	4400
1142	7090
6908	4234
8235	5672
5032	5488
82	1470
2637	931
1766	5961
9321	4094
5622	2439
3971	7129
6270	9269
8548	8537
2402	6505
773	1228
7448	369
6258	2034
349	9639
6329	5531
9769	9402
3785	7018
9266	5017
1382	1108
1735	4342
9915	999
2678	2946
821	143
750	3793
7600	9085
5095	800
8887	2291
9470	7471
559	7845
7750	534
2159	2255
8846	3126
4960	147
5409	3919
5769	9666
8622	1745
1804	8630
7673	9269
132	9798
4291	3485
1679	7267
6382	7228
7590	9203
7824	7819
1399	1923
5520	9010
2565	1462
3573	1363
7802	3431
956	2815
3016	8217
8161	5583
8126	7097
6825	310
8328	6847
8005	7516
2715	9858
2638	6943
2853	7714
4356	9787
8109	3894
7623	215
9160	7030
188	9389
6062	3087
9931	6450
1200	2386
3691	2325
4803	9662
3511	1816
4306	7382
4277	8313
1518	6922
343	8032
5275	5538
1735	6998
7769	6498
4060	7403
6005	273
2635	95
1108	7688
3463	234
8480	26
6702	4625
4443	9791
4042	7728
6077	804
7063	5840
2735	6162
4870	3541
3036	5316
6505	9500
7197	2428
6349	8444
830	3110
2645	5955
5705	2648
1321	4995
3681	2825
4845	8636
4373	8072
1944	9828
4606	4814
3245	8923
3142	1095
5366	9883
1871	4969
2237	1881
2606	7279
8686	524
872	6551
660	335
8834	853
8913	382
9721	8164
2314	9129
1533	2897
9181	8396
5003	7724
335	2824
3416	3481
1263	5744
7932	7471
4723	719
8927	3935
3776	4777
9183	752
5373	223
5108	620
948	8575
9711	9028
5269	6199
1490	4714
6674	8018
4786	7334
8851	3137
455	6535
2541	5347
1792	7126
38	3724
3722	2421
4277	1116
9496	199
4992	9168
3423	6432
3581	8699
2802	7918
5303	5848
6182	9605
270	8896
300	1836
9456	6975
8770	9988
9746	1116
6753	2846
6466	2247
653	3892
6911	6074
1344	4568
8296	4361
3194	1176
615	1193
2709	8194
5866	1487
7554	2364
61	6579
8854	1320
2898	7008
3451	8943
8431	1063
6605	7041
2750	1757
9915	7721
9121	5143
2323	6850
5362	118
2492	2273
6294	4412
9754	2995
7216	9853
7533	9214
7543	2705
5347	6530
4172	9786
452	3449
6725	9384
5567	7074
4202	163
3105	7670
3412	9117
1830	6196
4774	4211
1776	5420
9032	7038
905	7306
2619	5545
9834	1086
4192	8775
8803	4589
8359	9633
8494	1601
6641	1388
2032	4125
2902	9023
4436	5398
6041	9875
5302	2841
5263	1174
363	8012
3659	4720
8106	5662
9566	7705
7555	9634
7443	6492
9811	3840
5651	8566
9634	3611
8131	8286
737	2778
9461	8726
9406	7091
6822	9980
1031	1914
4000	300
1355	252
7487	3191
3004	790
1441	8589
1726	6387
4168	9080
7573	2994
3933	172
5423	5226
977	4057
3060	8132
1854	5781
4716	4487
7352	205
8289	9907
7221	4823
2080	3433
9560	2855
4833	1812
2885	9467
7303	8358
6678	1307
8848	8233
6762	8510
1797	5538
4876	8929
7473	4872
7731	2836
9828	2189
122	2630
1232	4775
2176	9752
2877	6224
5863	4222
4561	8961
5872	8527
4003	9686
4981	3757
591	2820
5445	6805
9577	9607
9791	7702
4796	1753
2949	1843
4623	4685
5005	7362
5675	6739
6556	4423
9329	1992
870	8652
907	4982
3215	6049
3251	9137
2990	4780
2193	7920
2018	9546
6401	6134
5111	3413
6020	3556
7444	9672
4611	5356
1301	8697
7324	8735
827	4061
421	3720
9331	9985
294	7658
7447	172
1153	9312
4636	7982
2980	840
8372	8053
7072	7049
6044	4532
395	4649
8091	1356
4411	2403
814	6962
6013	8045
6234	2350
1216	8308
1850	7220
6862	1715
8430	7417
7215	4470
6576	4126
7420	8611
8076	3804
5390	1480
6117	5898
524	3960
1760	4330
6541	298
1603	5953
8981	6366
3494	7795
7603	2621
6295	2669
2800	6964
3792	61
5181	6793
2164	643
1832	6525
4613	4486
2268	2163
8303	990
9643	5391
405	1051
9118	1407
6301	3692
4230	2602
3655	2241
7401	5125
7329	4775
375	9316
9757	6369
2260	9412
7310	139
5302	4838
648	9545
699	5204
5370	5866
2382	9326
41	7272
7177	6870
3018	2701
3578	9910
2504	5251
5928	4618
8283	1742
9912	3505
4248	3891
8692	6348
8973	3673
5809	9270
9101	3632
4465	2542
