500	2164491
5848	4433
5258	9352
1972	6818
1606	3104
8991	7703
456	8204
4626	3864
297	5261
5220	8235
6247	5262
4299	6885
2471	5238
5765	2849
1302	2981
2004	7123
8343	2808
878	6217
8909	3611
7723	7989
8396	2412
2374	9719
5167	796
9412	9946
2925	245
617	1673
7369	5045
1852	6980
8426	1361
1546	3875
691	6717
5866	4477
7094	3402
1133	2556
9740	8178
5395	460
7068	1576
4327	8399
7775	6722
4860	515
9446	6464
3299	2303
4791	2736
2192	7239
6546	7138
4193	2648
9291	9353
12	1967
9539	2017
1704	684
2500	5609
403	7877
5459	1393
7645	3464
6105	1546
1719	6010
3415	6773
5512	1038
3201	338
3804	3034
1258	6740
2190	6116
4845	9919
6281	1471
1838	67
611	6266
4418	9628
803	3222
8607	9070
221	2416
7810	6883
5249	8124
2009	9091
9695	3740
6431	5913
4887	5643
1905	7243
8645	5377
2889	7900
423	918
1376	3727
273	7923
5500	1957
1238	6745
8484	4145
605	5155
1199	2091
9992	8854
8011	8157
6871	7833
5264	7400
7138	4345
1622	1279
5115	6247
7895	6066
1485	1780
1667	6391
483	2935
1150	1198
5716	474
362	1445
4418	7821
1405	2087
2693	41
9127	612
9567	9482
2840	9547
5422	4160
3990	7049
619	6761
883	4560
6717	4159
9557	2134
3801	1743
4967	2281
4447	1434
8153	1322
2794	4445
8179	1695
1475	7460
8182	7236
6686	7509
5099	8161
2901	8370
2322	2351
6960	8496
9728	9576
8839	1181
5288	449
292	3651
3639	2525
776	2817
1562	8046
8671	5451
696	6093
2972	7303
1091	8949
1408	4656
7285	2752
5379	4416
394	5082
8553	1381
4241	1996
5228	8738
3342	5562
3568	3752
1651	8705
1725	70
8053	1267
2267	333
417	3967
7914	652
8237	4771
9888	6318
2599	3849
503	2983
8077	3295
9481	6549
6384	6397
2858	1233
2951	9724
3810	9330
2139	9670
2120	4578
9854	5406
890	8552
2028	8047
7920	7423
4959	1636
7290	3096
2484	9308
3983	2217
526	2950
8503	3153
4289	1054
1470	6690
8835	4808
9380	7141
1804	8958
9265	1534
7923	5866
6216	1239
6612	4909
692	619
8946	187
7752	3685
2122	6245
8721	305
1733	9395
4913	3542
7617	7987
2672	1478
7219	3493
3150	3067
6420	834
8458	8370
4516	5016
3280	3234
4794	7783
2662	632
2909	3585
1184	2385
912	8008
2565	758
8298	6697
3227	1802
2686	9351
35	3383
5999	5018
8315	6429
6956	9404
8616	7324
5440	7893
9723	3613
2711	6401
7039	4017
1830	762
2615	5584
8558	6196
3266	7577
8669	2305
3304	2324
3668	4565
1314	8818
4076	8681
456	5813
6506	1370
2841	3494
1351	8668
9316	774
5518	6998
1376	227
2432	2673
6920	4868
8871	1247
3719	690
5684	6536
8235	7719
6670	5875
7201	936
2815	4201
3787	7917
6091	9672
5209	4314
8073	8128
3074	2135
8976	5570
3472	333
1930	4502
228	958
6244	388
2236	3281
2327	543
1129	9068
7037	6303
2665	2150
6061	1193
9903	8475
8325	1917
9670	2880
4803	2211
2908	8342
9405	1876
3185	8600
9898	4398
2099	4335
5540	6046
1661	6166
738	758
2180	5136
319	463
279	5495
5200	6833
4860	3286
221	8220
3763	1661
8838	9763
6302	1088
1810	2079
9599	8032
8668	7178
720	4792
6888	1680
8254	9700
195	2085
8384	3953
4664	8989
4941	8343
9772	8072
1839	8239
1426	7067
3162	2378
5292	1111
9955	3988
4836	2578
7770	4023
2650	6844
2510	401
9885	5176
9717	5184
344	1345
4616	9942
8171	6478
4790	2337
5542	3109
4110	4478
2671	389
3872	6262
2512	1283
5818	3695
484	3057
4774	4446
32	4448
4707	3251
5237	4758
7835	7937
8810	80
1953	4115
3172	8779
963	8842
2755	7870
4226	6463
8729	8786
3252	1013
4355	3361
8602	6526
3372	5419
9689	7368
4893	4397
277	1319
5845	8567
2063	2847
8747	2842
3384	3985
1355	8107
7442	4643
149	5659
4640	1079
2628	3831
4347	9088
2425	6313
6786	8941
3141	1445
8521	3866
2036	9638
8705	4294
2365	1309
7732	899
4344	1203
9668	9399
5538	7530
8579	1476
7514	6666
9515	664
1963	2644
5843	6888
5086	456
2581	9654
7493	3092
9838	9432
4693	4902
3954	9092
5440	1596
6374	8564
8097	9732
8143	575
5948	4787
4500	2145
4675	3501
1607	2769
4868	7904
8910	3758
1916	3957
3558	6211
8564	7803
4936	9053
6748	8866
4816	3436
7257	7617
3030	9103
5542	3627
6107	5752
687	386
6249	2084
7876	6604
8986	6172
2176	8282
4319	3787
9478	1473
6842	1910
8961	4725
4905	8205
7423	3080
5915	4737
6800	6771
1502	7476
6127	3300
6278	4272
7438	5814
9792	6435
7239	2108
1087	8923
9090	2090
751	3666
1414	5309
4885	6352
2564	7568
3194	1267
3085	7763
3396	3347
7002	7453
2558	7517
7262	1252
7109	5263
7118	4571
5684	9435
1511	5227
3500	5337
9792	3914
2866	674
9001	3732
9803	5233
2922	3937
8386	3143
3585	3377
2482	9375
9782	5751
4703	1287
6222	2755
5895	3257
260	8687
4569	9986
1525	4698
7641	4922
4250	1055
713	6493
7840	7591
8817	1148
8110	9295
8906	4885
9330	1766
7935	1781
4192	9126
5914	3149
848	3564
4803	9242
385	2799
5323	2358
1738	1903
3121	6295
9538	4919
1262	884
4636	85
4212	823
3709	3785
1641	3868
8676	3274
1570	9108
5926	6889
7318	7107
3729	8617
7501	3159
9536	9367
8603	8241
8784	6792
8545	8408
620	9319
9098	4987
5772	1503
880	1398
213	9066
6783	6233
6120	8707
3034	6420
8046	3551
5740	6477
2975	6975
1189	1429
179	5184
5370	903
5862	5628
9867	3642
8470	4706
2113	3871
8200	2318
3164	2104
9307	3871
3359	2363
9214	519
6698	9164
8954	7683
7026	7496
2846	1834
1329	8555
2686	3467
1497	4147
5204	2358
7336	7726
6020	9685
4441	1097
4188	757
