500	2252137
2296	6534
2366	2359
8529	4044
4870	9541
9872	7938
5033	9872
5736	9836
4516	5278
397	9289
8911	3906
6929	4806
8167	763
2105	1141
429	9375
755	2063
1002	6225
8295	4664
6508	921
9614	2552
6997	9870
2805	3915
7164	1431
8582	2703
7459	2835
6506	3261
4485	441
6011	9762
3734	5258
5089	7395
4361	423
1139	497
9814	7705
963	906
4922	3134
2081	251
4441	813
4764	7495
7783	337
5270	1461
5802	9246
4203	6881
469	1210
7758	7708
8903	8604
9786	4139
9066	7565
9352	3684
7400	2998
6102	3744
7391	9790
2787	5363
5813	8848
1090	280
5533	9315
4786	5816
579	9747
4436	637
9453	4747
2155	2237
4708	5841
5931	3782
6380	6976
95	7554
8544	9337
654	6759
8767	2557
9110	2971
7459	8555
9315	8863
7574	9824
7331	8440
5115	8266
1716	5524
430	5387
6169	3232
3996	7764
2	8282
8219	6511
8385	8265
3989	2457
5042	9306
6982	2897
5385	4357
9980	6558
7523	5265
956	2352
8795	571
3616	8474
9890	3390
9013	1115
8822	5707
5887	1128
8441	3006
6433	2805
2701	6165
213	5067
7116	8393
4155	6687
107	8540
527	4490
9178	3275
1675	5998
8793	8857
726	4609
8559	842
922	5787
3964	8045
3257	4321
7418	4634
5904	1609
604	3553
3262	850
4086	2183
7829	9918
48	5605
1592	9123
7712	8927
228	1882
8667	192
6994	4003
7753	1903
5849	7418
7193	8122
7106	3182
5732	3117
8745	6992
9797	4536
3865	5079
2686	1735
6099	3820
3068	1124
8454	9797
1637	6606
2217	8072
4307	4157
3575	9529
6108	7648
9579	4706
3596	4096
4436	9116
8306	8597
2485	7135
9607	8949
3715	5199
5451	1939
7772	3360
8046	7751
8961	5286
2530	2128
5373	3320
8942	6829
6467	7940
2190	2297
6894	9858
3054	7657
9460	4369
6147	1790
7183	1305
1347	8209
1938	5717
3512	2861
6622	9297
8428	4254
5407	2579
346	8864
2657	4095
5875	6548
7630	3751
8168	5994
7582	5641
8531	2920
3311	9369
9746	6839
8400	6027
5398	9230
5588	4011
4428	1205
8811	1252
4582	3152
7735	1214
539	5226
3510	179
2616	757
7643	1550
5474	1562
5793	7715
5416	9662
1167	8771
9502	2239
1522	4746
7744	863
2480	1928
3400	9945
2147	1338
1186	8752
5511	9878
6957	8202
8611	5474
7048	3762
9561	3945
2722	3828
5538	2967
5804	8385
6146	4887
4088	4636
2151	7907
9481	261
6315	1961
4291	3184
1353	6261
2496	2912
5363	5237
2069	1432
7620	5965
5876	3620
6274	1676
9523	5289
2885	5409
9600	1911
9068	1065
7320	7121
5774	629
7546	4795
6424	8793
4159	1858
8607	2073
2415	3091
806	9378
4159	668
7240	2864
1825	3886
3525	2173
1878	543
60	4165
3012	6423
4372	7451
2402	936
1317	8745
3689	3404
6003	9652
8029	3096
7443	3670
4438	4861
3708	6418
7741	9819
3701	1492
9174	8399
9023	491
7379	9100
4964	3990
3742	2066
4775	4373
4437	1029
3137	186
6678	2771
2690	5599
8974	3172
237	4033
3820	6169
3307	6021
9788	6467
3199	5018
7959	1995
3300	811
7411	9260
54	8500
1295	8454
444	228
3784	4338
7888	1682
9922	219
5178	9081
6235	1643
5386	8519
6414	7106
2369	5117
462	7463
5616	5146
8878	7154
2441	9588
1732	9824
6668	6006
4486	9792
3068	7009
2213	7714
2266	2281
6555	6570
7238	9236
7702	7531
9062	4467
753	8425
5235	4644
7018	5345
5063	5445
7041	2788
6906	6328
8569	8724
5876	1875
903	825
9290	2886
1110	1510
1966	1204
1735	7433
4288	7105
3392	9353
7057	2800
9478	6292
8260	3102
654	3038
2712	2432
8192	681
7881	9907
5138	2129
1733	6186
9093	4865
7016	5702
4577	5209
7124	6287
3310	825
3384	5708
9702	5998
3588	7927
1736	194
2377	1144
7784	3732
6640	54
5349	9754
8192	4594
1879	938
3379	8990
5333	557
4554	4654
5814	7643
1722	9788
6694	6856
7338	8076
5626	3335
4518	2741
4681	1423
3566	5972
2748	9460
4634	8970
7159	536
9731	7743
5008	8828
1744	8927
962	1176
9734	7780
1278	1583
6776	1017
767	7379
4688	9128
1314	5706
546	1815
7750	5081
895	6079
5896	2239
9598	6034
7491	4017
2602	6308
8716	2402
2821	6338
3671	9315
5244	6488
9344	4333
7673	1390
4220	4204
1291	3594
8096	325
9459	4079
7465	5118
9661	7241
2399	1752
593	4776
8392	9172
2039	8111
2243	6718
8969	486
3294	6820
2808	2351
8491	8677
4083	8861
5764	9626
2096	6251
4418	6633
6210	591
8159	8055
6518	5074
101	7988
4941	1002
5641	3046
2865	789
5836	7855
8712	7190
7699	671
1631	8470
5802	7063
7981	1649
5342	4053
3212	6380
6530	1668
9531	1080
8368	8092
3802	9345
3458	8608
3260	3082
5392	2712
3197	4840
4932	1840
910	2200
1600	4721
9193	5145
9525	5917
883	1767
2259	5358
9310	6063
7306	1331
4147	7600
4113	3671
3931	6355
1873	4067
5165	2449
1205	7183
7373	3468
6315	4090
2634	5718
3065	2482
2515	819
640	3967
7918	5529
8725	2825
5149	7848
8468	5642
5363	2562
473	9467
3447	2740
6944	5152
1587	4328
7885	2769
5681	8215
6218	6852
9112	1771
8777	601
7811	6593
2003	2177
1250	3181
2305	7162
6931	1813
1648	7875
506	1408
6633	29
7719	4703
8414	6437
3207	1006
8262	4792
9564	632
5363	4725
7802	9935
5962	5909
1746	5718
307	637
5943	8312
3005	1070
6073	2436
4671	2469
4511	5442
7259	9940
2637	3925
4808	5423
5259	9348
4869	9571
4494	6064
5848	7203
4175	8507
4113	7616
8563	5725
273	6637
2929	7813
5582	7774
6424	5112
530	857
5384	3576
7842	3279
6987	6351
7683	1912
7713	6534
6276	228
9870	7722
7524	8995
8118	9351
1936	9370
2862	8647
4129	6547
7163	6044
3672	7457
2744	4223
8020	3618
4738	2509
9612	7219
344	3118
