500	2219510
4165	6015
8216	6953
418	998
6567	7279
7524	4247
323	2031
3831	6524
7616	3922
5399	607
9608	2509
8153	2839
4034	1464
6802	1943
9443	1240
9825	338
400	1634
8817	9852
4095	6587
8412	8995
4582	3867
3830	8852
8061	9941
3267	8237
8268	8362
4785	2661
3970	477
7702	3559
2539	367
4149	4130
3461	6104
3546	7586
2453	7991
9946	4082
496	5306
1966	9751
9092	8082
9061	259
3857	7274
8617	8701
5146	6564
9713	1878
4315	4085
8792	6901
4456	6516
4699	452
6657	2864
3595	6282
5721	7672
3267	3878
8963	5396
6531	5303
7440	1358
9887	4859
105	174
3563	6609
7284	7780
7516	4817
4842	7052
4076	3524
7833	9894
9612	2539
3674	1458
2639	6400
6622	920
2137	1772
10000	4246
1850	1996
108	4760
9084	10000
4182	8744
7569	8093
198	1817
1255	4460
1685	4733
3975	4454
4340	9815
5394	9938
2354	6692
7035	8011
8377	2871
2660	6934
2625	745
1840	5166
6403	5553
3422	4567
5814	7481
510	2632
4332	9175
2614	3155
4929	1931
5465	8994
6277	2572
4944	9523
1349	2780
929	4931
7636	2889
8469	8914
8000	860
6195	5371
7488	4795
2549	8521
6297	8699
8271	936
2193	9655
5796	2783
2829	603
4615	8920
384	4457
5642	1561
4763	9640
5510	2192
8893	1684
5659	6262
8157	9719
6320	79
1397	6541
3807	6097
9929	3398
2747	2755
7757	2915
1785	5573
9027	4079
4043	6324
1526	3471
1793	2281
6370	8673
686	4524
7603	5216
276	6353
2808	1622
832	2573
6516	6537
8293	4601
4535	1335
8501	1256
2224	6770
891	1397
4601	6488
2169	8726
1158	4652
8717	5661
4762	5471
7827	4314
6698	3689
9840	5840
5956	5184
4194	1155
5131	3972
1832	1928
6871	8423
7790	3716
4170	3409
4870	3114
3151	9274
2119	8964
6374	7647
837	3175
3186	2993
5491	3667
5139	586
6126	9524
897	5029
9822	5876
9712	4690
1497	18
3026	1491
2936	1383
1658	6579
3050	5511
8346	4317
621	6224
2125	7495
2693	1739
2596	8635
7696	6901
4674	8899
6436	4415
5956	4745
1605	3213
6778	794
5742	9732
6030	3974
1811	2262
6119	2452
5395	5105
1021	531
3906	7698
8735	4638
7169	9127
5275	8421
8882	5488
7918	3781
9954	1069
8973	6596
2228	1559
4227	2972
9889	5281
1286	1666
7028	9429
2247	5363
164	207
4774	3785
5596	4097
406	3885
7930	2584
2013	3749
3848	1420
2228	6917
4803	2080
7792	6493
5625	8992
2451	1982
2597	7983
282	2161
4760	1713
273	5645
3633	5074
9154	7920
5906	3391
8878	4177
3675	4096
9554	8936
8867	3043
5666	6877
7581	9666
1542	6594
7624	3442
7042	3001
6035	9076
8633	521
5362	4857
7938	8547
380	8337
1431	8495
5460	1325
169	5752
7200	6772
2645	8367
7098	1870
7290	7690
9387	9469
5655	1315
4348	9384
2198	5029
5583	2084
2486	2377
9585	4319
3750	7546
2449	5005
832	2769
684	722
8975	3446
4679	2590
3720	9707
4263	33
727	5012
3078	6103
7969	7078
8551	5959
6847	9725
2399	6104
2087	3916
1978	6999
5397	2834
8899	9284
3593	9865
5365	4693
9498	1496
3552	7858
5151	6141
5573	431
7163	3893
5113	8915
5285	5835
9771	5127
9152	2002
378	4537
4390	8974
6187	2091
3128	7175
5605	6734
3628	3152
2213	9244
1952	399
7124	5446
8453	1337
9312	3821
9285	4206
1893	2728
5523	5610
9123	4727
3577	3922
5622	6511
4809	6773
2229	4512
484	4640
393	3602
4208	9081
7884	7411
86	2343
5134	8444
7306	9702
3540	9377
1424	5515
3388	6868
5826	582
9587	4875
6495	713
3959	5511
5706	1714
287	6853
2434	6863
3666	588
3980	6520
4854	2739
7836	5909
5667	5890
4927	664
9000	5262
9930	3758
6032	4043
6971	3089
3270	1169
7655	1454
7138	1774
8422	7165
2124	2346
4745	312
5517	9634
5871	3873
8747	7055
1937	1638
3769	2353
8592	1227
1692	3361
7252	3399
9286	5463
3429	2408
9031	9754
7944	436
8084	107
4585	9565
405	7965
1853	6358
285	6958
1350	4545
7297	5326
5185	5855
4633	9081
4154	5831
4957	1262
8823	4270
2383	5499
56	4488
7247	1330
3965	7040
1018	7907
7529	1591
4831	9264
3709	8230
4716	9766
9461	6162
3030	6313
1728	1163
157	1395
1664	7138
751	3801
6318	3958
6661	5061
8901	1288
3675	9183
666	6969
4568	4942
7603	4429
1119	3522
2565	3591
373	8235
3565	9285
2569	55
4521	4324
9279	367
7196	6318
2034	4756
9108	2782
8460	8025
8864	2460
8808	7476
4356	962
2680	3938
1522	4464
4202	9392
485	10
9566	206
1374	750
2344	9432
6859	4225
4247	7814
1558	5128
1760	3199
1406	4952
7378	4616
1063	7793
9129	9233
4759	9489
8856	3842
5441	5277
879	7181
1990	4792
7671	938
7114	3886
5306	5481
3695	9057
3495	9517
8350	8036
4181	713
8258	3018
3801	3876
5999	8137
5775	7913
2472	989
1516	4972
919	4723
8658	8799
6724	1591
4103	882
4153	8761
8970	5191
6436	2106
4851	7873
5898	8612
841	8150
4491	2322
2738	8844
9864	4397
5025	7818
715	1495
6352	5332
1545	1550
1227	422
9882	1161
754	4671
284	7208
3338	3926
1097	5428
2968	6390
2590	4872
5084	979
2175	7284
1958	4951
2121	4529
2740	7955
8441	7962
650	8838
833	3067
7970	9995
9882	6927
6818	9221
8722	1905
4553	2931
752	5728
9439	381
8957	4256
7114	8475
9260	4453
3428	4521
3129	4667
7084	6914
4421	4077
2741	9100
6137	4619
2978	2017
659	6001
5974	7875
2139	2505
7365	8110
3976	7575
5338	3874
7466	7537
9814	1714
382	6502
5484	8756
8553	131
8277	5541
7330	76
543	2679
7763	6397
7303	5716
1868	2959
839	7909
174	6520
3947	6908
4509	6264
4451	85
41	4923
2857	5678
7876	4757
9431	2356
5676	4480
6293	1182
541	3730
