500	615183
5708	1067
6636	1423
7592	5811
8653	9560
7357	6834
5273	2195
303	3552
1298	2021
8844	9044
7343	1657
6166	1506
9735	193
5646	8022
3507	8797
5221	1720
4156	2815
5065	3075
9470	9888
1914	462
637	4713
9255	8981
1697	7631
3146	8815
4728	9818
3541	7313
7981	4501
68	7219
8256	6863
7550	3722
2726	3784
8479	2347
7929	7949
2031	7091
9650	1959
9281	9966
5990	8346
469	2064
7781	1522
3315	9276
9616	2653
6854	9834
7948	2907
4825	8561
8557	13
89	1404
357	3329
3734	3461
1594	7043
596	6090
8322	1460
6418	9836
7627	1418
9461	3125
9007	1820
1072	9615
2216	3802
1039	7251
3395	2378
8171	7704
914	7560
9975	1173
6914	7711
5316	6907
4187	5078
7826	9109
8620	4945
5319	5850
9853	1721
1547	9771
8987	1940
4959	3689
3704	7938
3743	3919
8223	357
1450	1342
4090	6126
5547	8007
2332	2043
3756	3180
9098	220
835	867
7371	3983
7271	5340
6129	280
1470	8909
9936	8050
4765	1792
7763	6228
7526	1361
7326	7564
3121	1507
7740	1207
3867	3458
6188	9826
9963	9366
8592	2694
7205	6936
349	7032
9181	6883
1060	8308
1176	5514
8713	6460
1182	389
8810	3658
4017	9903
5492	3094
5546	419
3639	1479
2895	4072
8036	1547
189	518
274	8100
4307	6122
5600	9044
3616	7934
442	2602
7855	3007
519	7017
4897	1460
3847	4457
7128	9601
8806	6779
8119	9524
2711	6559
4436	7964
2362	8585
2150	4967
9317	5166
1877	6161
1751	9617
1797	3329
4681	567
3715	6458
8209	5949
387	2309
2480	1930
3452	9891
4573	1836
9124	8118
2729	6925
8465	2877
1678	9279
7454	9311
2672	6568
8695	386
1535	2267
2770	673
9280	3620
7085	1662
1557	7665
60	271
2048	905
1101	4095
7363	207
8121	9819
4545	7435
497	5284
3371	2129
2911	3571
3385	5925
2009	9063
4763	9565
8038	306
2650	3986
9962	1705
4504	6351
2484	6797
9991	731
9191	5937
9961	8988
3263	5499
2898	4938
5726	1594
3407	6126
4532	309
7566	7023
9901	1539
53	5933
2702	8176
9180	4244
7346	6598
8401	2869
7125	4658
1907	9487
1688	3370
5594	9022
829	616
807	1451
2247	4422
1531	957
5646	8609
9890	3371
9459	277
1331	9327
8502	4280
2536	8351
3287	8666
6739	9420
6027	2032
9416	1620
5397	1633
7336	1018
2371	2972
4476	391
3294	7047
5905	6183
1414	4249
2042	1263
9140	1764
6019	6891
7509	5425
9848	6035
8447	3887
5201	9495
3526	8175
4812	46
1789	6305
2640	4898
9616	8604
3415	6441
8792	6717
865	3066
7199	7362
5500	5387
9658	7499
5272	224
3792	722
9073	476
3319	4932
2380	40
9983	942
4051	9404
6050	6878
6583	4184
6210	5485
5892	5910
6603	4890
8739	7158
2963	7162
1579	9872
7182	4504
8499	5472
6685	5303
3121	4320
987	6206
969	2723
7357	7399
1053	3456
482	7393
1242	7857
2444	8334
8409	961
4024	8090
5715	7514
2075	9840
7694	217
8910	6196
8550	5353
1773	4179
251	8328
1310	8329
122	3848
4843	1551
3393	8957
6378	912
9319	5234
4886	5934
8529	1622
3948	492
6979	4846
8700	110
1952	4271
3904	3689
6651	9923
7077	2332
7706	236
4079	1626
1388	4901
4801	7964
4116	826
8673	6146
8381	8035
5405	7118
8816	4717
501	2847
7531	1384
1562	6762
6493	5202
6512	7444
6169	2978
7588	3180
6825	6552
8190	8741
7453	1663
3410	5404
6612	8744
6558	2227
2736	4746
8323	5248
8129	758
7349	6312
4136	383
3420	9013
3599	2357
2794	6231
121	5647
9806	3355
3912	2875
5651	4689
632	1854
9342	184
5243	1196
3343	9410
7453	3260
4006	1141
6798	5493
3471	5737
1660	4266
7936	3298
7388	6482
9034	1491
1092	7389
5982	1851
6803	6422
7750	6733
6431	3516
504	1404
149	3398
1436	4992
8799	6838
6317	8275
6659	7470
8300	5677
5115	9033
7736	6787
9255	4206
9939	3790
2842	5948
6333	5113
121	6276
3132	4291
7186	6215
3157	3409
868	2758
9872	7928
4076	5995
2317	7273
2885	7870
8807	9913
1525	6739
4719	8017
1644	6431
7943	3318
4839	7411
8356	7930
1211	9079
6782	8444
8419	9363
2828	9160
5331	2069
157	5925
7322	9213
104	5075
9978	9844
8804	6612
4953	4385
6024	3755
8288	3883
4085	891
8381	1696
1017	603
9389	9498
2710	4747
8198	1412
501	7079
3893	2829
2874	8935
8002	4173
6798	6516
6127	6294
5920	8597
1780	389
1232	5464
2939	4548
2187	2117
4720	9593
9162	8706
1358	1605
2534	8245
4357	632
9154	493
5528	5080
1749	7075
1024	1528
4948	2651
7782	3427
7617	9587
4452	6476
4063	2606
3915	7460
6836	6234
2112	4329
6371	8752
2226	2807
7649	9239
802	2692
8743	8117
9344	8111
1263	7368
2489	2439
5143	1878
5436	5562
3585	6188
8374	4379
6449	1125
181	9663
9186	9201
813	5108
4848	8812
2398	4487
7858	6714
5387	6963
997	7288
1593	1242
8238	8440
4054	7180
3146	518
5302	8427
8257	923
1738	5763
8511	8716
221	9344
4238	5439
2405	87
2942	6875
7559	1646
6912	5561
752	3876
3381	8682
8648	3313
9105	7994
6279	4434
5687	5358
7313	519
1607	718
5253	1262
6427	6151
9842	5640
8097	9119
3583	6429
6124	324
3602	3505
3604	69
9240	9315
331	8461
9427	251
3779	5947
4813	21
1434	2215
9853	4498
1109	7655
6397	3859
7434	5518
5064	5563
5758	8325
9564	4552
9878	509
6245	4661
4533	3984
6279	1867
6878	6210
6725	6302
6870	5124
3976	5844
6755	2493
9774	3567
9005	4571
9019	527
9413	412
197	1330
4716	2613
7559	1021
1622	1160
3952	2756
3223	997
8656	6867
4862	8038
4211	8714
700	9540
7336	2360
598	2938
7821	460
4851	6846
7945	2470
4587	1147
295	3217
3878	8464
5144	5631
3957	1
9688	3081
