500	2334461
6604	5396
9383	8402
2395	7502
76	3585
2110	9656
5856	8636
609	1988
9196	6228
730	4450
1599	1646
8881	5011
9644	6517
9088	2018
3229	6104
1986	9237
4692	5844
2089	2498
9466	2563
9744	2647
3658	2372
2594	2313
494	6732
829	671
9454	5786
8394	4780
3213	1944
5414	1240
6226	6845
6515	9913
6789	8973
7306	1083
1105	3480
458	3410
3547	696
7400	6620
3417	894
7313	8638
4155	6778
9218	8644
2720	215
8287	1440
8774	9576
2467	806
5982	8032
3596	6526
8490	1362
9654	3525
3217	4905
5169	8929
310	4419
2483	7624
9094	9510
354	6839
2739	4494
2707	105
8080	7853
2216	7075
4789	3633
3506	5396
8153	8841
8811	535
2949	9196
5464	4489
1233	3107
3675	615
5394	956
6953	4188
8814	4904
6844	9607
7927	8360
7613	474
2562	8168
707	8690
8064	9250
8069	1636
4042	850
9470	7692
4402	353
1748	8148
4363	4417
5778	3293
5841	6107
9095	9356
8174	9872
6717	5330
5155	4798
6470	6158
4110	2438
7335	1066
9984	7090
805	919
2324	8449
6050	4743
6222	9028
6002	5942
2322	3621
4857	6443
6751	1794
8677	3199
8742	3547
6903	6163
5859	2226
5983	5480
7663	2128
7556	7395
2948	2215
3225	6242
4614	6825
6631	5815
4115	8354
1875	8256
7392	8503
1518	7273
3620	4405
6800	5928
8343	8031
314	9317
9921	8480
5415	7531
51	8083
5621	2981
2771	416
24	2861
4992	7078
7693	3513
9720	740
999	4718
1878	9003
1714	9786
295	9354
9377	6180
302	3311
1055	6139
3890	1323
5378	502
3016	3466
2591	6120
4429	4209
4302	4658
5274	8461
5144	1965
9814	2967
5006	8879
3010	9973
8285	1130
8092	1369
1306	3678
4533	4730
5700	5750
9082	3295
4400	6353
1386	3423
6068	9396
3856	4831
3588	7533
705	1059
3108	4718
2171	5371
1049	2863
5731	6259
9824	5257
5342	802
3073	3914
7443	977
3346	9315
7985	1382
868	5378
3709	9650
5936	1802
8432	7514
8508	5677
2483	5950
5001	2196
6869	7869
1356	4141
8823	2507
8957	3276
9428	6721
2778	6384
304	9808
8078	3451
963	2141
3050	4272
7223	5213
1409	9652
9299	7438
4782	3162
9539	3447
6880	9551
5391	3982
6501	6202
3553	9494
2556	7139
1195	6809
3581	7561
197	4335
5515	9787
7578	5547
463	5781
3414	2313
4250	871
1245	8971
3663	8259
3964	5793
5265	1854
9309	6555
5166	3610
6928	3309
65	5829
3385	6867
387	9497
8137	1850
3478	9702
1088	3136
1034	4963
2103	1328
6729	9807
6416	5516
7604	4611
4605	3078
6348	9570
1866	1019
1737	6770
5077	2334
3772	113
134	6899
4892	5865
9444	675
4886	530
2424	4194
5146	6971
7902	7212
1356	6604
6889	3592
9925	3023
3333	3696
4213	919
5736	5516
3564	8428
5245	2932
4067	5928
6891	7601
2702	3816
1936	2752
6899	9555
8718	9138
8977	6767
4723	5056
57	648
8171	5652
4581	8977
4138	3124
9180	5624
4121	6837
6530	5782
7859	5833
1086	6833
4679	6365
5662	2951
5712	1161
8198	6268
543	1391
7859	4052
2409	9891
9231	9713
3989	2916
8347	4034
883	9392
2263	6163
7109	9334
1439	2837
9745	7610
7258	7805
8122	4439
1254	7456
5548	7484
3884	3790
1557	990
2578	9500
7840	2158
98	2622
2012	5977
6829	1857
4710	9884
2961	4890
6193	7121
6583	2885
7421	9660
495	3064
6133	8674
74	4542
3426	8766
9560	3601
3417	7538
9657	1087
8256	7843
1800	3907
3673	7695
1297	4985
4904	3013
9081	5421
1634	6669
6994	2101
1678	84
1502	7901
3042	9096
9143	824
7696	8709
5150	3725
9636	3813
2195	2891
3355	9080
6674	9129
3527	3849
4107	8781
5193	1772
7857	7732
8921	5114
8436	9096
926	7265
1579	7119
1997	4118
8567	9414
6014	78
8374	9605
1064	5384
7315	9930
8754	283
850	1715
8439	3083
2612	6006
5861	8996
6827	9658
3383	8795
661	6141
4666	9516
6564	5084
2023	5641
9490	7700
7473	374
7384	2943
5323	1140
1418	6318
9936	7742
6983	9957
6826	7803
2652	482
7617	20
7234	1346
4088	8995
6499	1453
950	6047
9728	8476
2765	1305
3641	7976
2112	8331
1586	4083
5640	6597
2714	6765
8645	7672
8842	301
9744	1269
8521	3556
5649	7047
503	2692
7865	5862
283	2284
4238	9270
2198	951
2645	2844
5525	1255
651	8657
8050	2878
6019	5126
3358	648
5568	670
2346	1617
3381	8595
8464	8735
5559	445
5355	1691
4586	3267
158	4615
3242	5339
4783	6108
8810	5868
810	7932
8580	4506
4761	9068
3813	8611
1675	6287
7048	4335
8593	1922
9876	4844
6557	9103
4170	9213
5875	9130
9465	9579
8284	5506
4898	7555
2458	7288
985	7882
8973	4881
3220	2152
3145	5065
7682	612
8082	1577
5497	8855
2870	5724
6910	8972
1545	1526
4046	8733
6467	5360
353	671
4045	3997
4753	4449
3083	4032
9837	9867
7937	6604
9681	8382
3780	3080
8837	7515
9721	1461
2652	8193
4301	262
9232	5316
3377	2368
8169	6254
987	6286
4614	2312
2314	5407
7397	3886
3325	5886
6662	228
1540	1427
4460	4042
7635	7155
581	6794
2044	9233
402	1900
5570	5926
7421	4225
3530	4230
4544	8168
4201	1562
7046	1313
6535	9758
5063	9416
4640	7854
4051	6469
7874	7643
2156	594
2521	1913
1520	5159
2490	100
1007	1276
5591	9304
4844	2852
1991	9964
5187	7493
2048	445
6159	8899
9765	2348
3139	1182
4713	4764
267	9239
3480	2641
8149	8225
9517	9237
8707	3912
3954	4789
5372	9233
2270	5026
4496	2963
5064	9410
1288	5997
5615	4426
4476	2500
2952	8301
9489	5896
6417	1954
5906	313
1437	75
1619	6442
8631	889
4890	5369
6476	8930
8741	1208
5947	7725
7211	2693
4967	6020
4462	7167
4576	1494
7551	1524
6222	408
1568	8425
6011	9958
915	1611
5583	3400
9925	3648
