500	1295163
2262	8299
5957	8510
2764	2798
6405	7737
4269	9262
7046	4771
6661	7747
8344	7806
9813	9407
2347	3769
6688	396
966	9108
3045	22
9128	9514
9353	5600
1538	9209
9729	8537
6144	1947
4059	9956
7460	5364
2336	2073
1826	2336
3670	5519
20	5821
1618	3923
3445	3745
4563	6737
3518	4273
7366	6878
789	2571
8998	1779
3501	7814
3501	3035
8340	8948
3519	4027
4908	4671
533	5223
3687	3256
5921	9889
8842	1142
3168	7901
2607	7715
2277	77
6612	5336
5215	4913
3947	5242
3860	5404
6159	1547
5559	3194
258	9582
3399	6498
2157	7722
8120	9887
9893	3223
8242	6063
767	3916
5652	3828
8787	7180
4770	2775
7001	6883
5325	7403
4883	2040
2148	6740
2420	2139
3080	3472
50	4309
6445	9710
3094	6494
4170	6901
6884	5881
4015	4480
4335	308
4173	8401
1503	9951
1818	9542
2961	6606
1496	1367
8021	5614
1488	3320
925	7467
9139	4301
9850	8685
7071	2985
4102	6681
7120	1494
2654	6565
4500	2291
8322	8458
7098	9886
8257	1896
1329	6611
5229	7029
9183	4898
5561	1424
5723	6870
188	3253
5369	5411
7245	5116
5196	7172
2833	2444
2561	9143
796	8398
5368	9756
7489	1599
6793	7037
9264	2466
9783	4377
2560	3541
7601	5776
1487	3121
8792	2601
877	7193
8924	7494
3586	3308
4631	5098
7986	8223
8192	8521
4457	7716
4391	3067
2035	8439
9776	2029
2098	9010
7287	3032
8794	7701
2749	701
6300	4954
7312	4811
8886	8080
6721	1985
1514	3138
511	5759
5555	4554
8228	1325
3772	5056
6251	579
7158	1183
2445	1937
9500	302
2432	2594
9176	9355
4411	7633
8879	4381
7373	4343
5712	7808
1923	5075
3353	1719
777	1889
4029	6744
5823	509
6439	5706
4322	5105
513	6929
9840	1407
7843	2473
8129	2209
5881	6910
7936	9616
6686	1316
7056	9233
9595	1848
4469	6408
7674	6580
9532	4488
4849	7694
4454	2873
8423	4508
9439	7656
9288	2551
9435	3812
8012	5212
4598	8028
5733	5684
1667	4839
3457	5423
8882	5947
3633	8421
9852	9313
4376	9183
4041	7583
1808	9155
9156	1343
5596	5860
5212	8239
7789	1086
8354	2986
2010	4130
214	4566
1492	1992
6797	2837
7331	9921
6497	9568
5753	3988
9988	7863
7068	7863
1779	8697
7697	2312
3098	157
2900	5438
8066	3918
4569	5165
9163	5679
3625	2277
3959	9811
882	3419
1771	4377
7770	3485
7275	1830
8755	7811
7904	3924
562	646
9331	3977
1340	7211
3689	2293
7963	8087
2631	2449
6879	4388
36	5897
6128	2520
2345	5363
6742	2885
3689	3907
5159	7896
2059	7444
3824	9719
5507	1160
3744	9015
7723	8545
3894	7317
7430	5115
9877	9107
5132	6875
7644	8712
8844	7404
8264	1512
373	5190
428	5683
8119	4012
8245	3422
3340	8574
8247	6157
6312	5779
6724	790
8101	3668
3993	3567
7317	1284
3181	3116
6082	6643
5614	2859
4502	1253
5323	8049
2371	2282
6100	799
6019	3492
9117	7322
6172	9971
7321	4176
9562	9358
611	5227
4817	3028
3977	2601
9434	7741
4685	9798
6465	3655
6779	6385
4493	5805
2313	1105
4219	9310
5828	7886
6330	3416
7773	4381
6026	6745
6756	9721
4552	6174
6052	1645
4247	9473
7126	3217
7935	2877
7171	5119
7124	2143
2564	1721
2241	5131
6829	1559
1569	3457
8208	8846
4844	3017
8374	1105
3476	1762
9068	1204
4417	5654
2844	8779
8649	2288
2083	8198
2086	342
7874	3649
2767	4445
386	6582
8849	4855
6400	2717
4055	8632
5447	8962
6643	230
866	4582
9628	9496
6533	9188
4122	2993
3438	5601
1364	5317
4749	8984
9191	3281
7280	6146
696	8510
3193	4978
8356	9952
1433	4590
8703	62
6461	8260
6233	8979
8959	6217
9280	9780
4581	67
4726	6504
19	4310
5695	3762
9932	8455
9779	6783
1214	9277
9933	2968
146	4562
7463	7979
1071	9953
2484	9970
6969	1629
9212	283
7265	3289
7868	8134
4855	2890
2272	4689
645	4463
6253	5530
7418	229
842	4882
7061	8065
9264	9935
1894	6952
2202	102
2868	2649
3091	3513
4063	5448
1011	655
7460	7110
233	5497
36	7131
4747	9976
3622	385
1415	230
4300	3236
3246	9039
2868	5929
1386	8396
9058	5871
4339	8290
2702	5317
1419	7770
3927	8217
2715	9360
153	818
2143	522
457	8335
6855	7220
7449	1531
7662	2054
1496	9936
269	8405
7180	1481
1080	2699
4345	7602
3934	4176
5466	2292
1315	1458
6149	7234
1471	6773
9993	2729
8299	1270
7446	7763
634	6996
5361	817
3117	4434
3218	4241
6650	4649
3740	7795
9816	58
3682	3283
3047	9780
4310	6246
5205	2263
5674	9961
882	5054
7861	3067
3179	6669
1579	646
9235	4818
5829	5806
5403	7111
8894	8380
7011	3933
7169	8534
2009	8545
1419	7094
2428	999
4583	3384
2478	3760
4640	2091
5467	630
4005	8016
1476	8864
8734	1278
3653	2710
3963	1519
1573	4611
9740	3764
7576	4133
2036	7211
1112	343
5499	2378
9367	3204
3569	8464
6612	2158
6396	2025
6279	7132
2914	3667
8253	2802
4781	8619
7709	5541
5004	7938
3542	8432
6276	666
9466	5784
2056	70
3720	2784
3644	5475
8339	5895
3758	7501
7338	2560
5504	2768
8943	7314
1347	4647
4872	1745
5336	4722
6449	543
8679	4306
9805	3661
6413	9713
1159	7275
7661	2123
8209	8340
6133	4798
8747	7638
7067	5147
2587	1008
3415	2310
1433	550
6964	4140
3167	9240
1995	9901
9198	8004
3697	7621
2974	6140
8612	8698
7537	7383
680	3365
2257	4840
5994	831
96	8046
6387	9577
1923	5953
2038	9603
5099	2986
7231	8352
2927	7800
2693	3077
8817	2369
958	2036
1749	2005
2331	172
312	3299
4184	4497
4314	6786
3509	8645
7139	9785
5951	9578
679	8934
9340	3123
1756	6465
2044	5767
9321	8499
4033	2224
7955	3295
723	7508
2644	50
3198	4533
