500	1185059
1694	4008
5658	5866
31	2787
7697	562
8682	7510
3317	3422
9770	6479
3843	3673
4426	3326
3208	9567
5257	940
2284	2072
961	324
165	4122
2458	4060
6394	7336
6129	4350
5328	3959
8180	8760
9915	3609
2698	2505
4803	381
1962	274
7813	784
9709	1927
6198	7908
9524	229
6916	5802
6844	3991
952	1616
8412	2721
1557	9344
584	8199
9127	3750
9061	179
1416	5919
7027	8669
6831	592
5067	7282
681	5433
157	4548
7538	3146
6945	5859
4164	923
6562	3254
5822	8675
7862	6407
8100	221
7657	5705
6706	2362
7428	3688
6929	6560
8640	1625
3479	508
209	6811
9996	8113
1738	2619
9314	2938
9390	9039
7544	6277
3417	3105
1956	6846
4676	2920
5211	3647
708	7479
4329	9810
510	5819
6979	5998
7112	1591
7470	6806
368	7134
6947	4250
909	7792
4518	8057
3694	3866
8681	6766
1849	8200
9553	7742
1075	3506
8296	2114
195	6857
4639	6728
7944	4042
904	2252
8344	7405
1644	3729
3600	5772
4202	1750
7792	7480
8701	9079
4945	5560
3810	6023
9067	3204
8305	8083
1977	4187
4052	1648
9725	2596
3110	3545
9509	1470
6799	7757
3213	5776
8469	90
5096	5179
7657	312
7566	5896
8760	6042
2885	2955
2796	59
6959	911
4305	6069
3752	1103
6672	4627
5121	26
8373	8969
3744	2707
1855	953
2500	2169
3438	4042
171	9987
4302	2635
3301	7562
8129	6166
2265	3891
7770	1624
9038	6101
3931	6713
9192	4772
7642	6051
9972	5008
7785	6700
9907	5147
7191	6748
5535	5341
3639	2884
466	7730
6196	8438
1741	6663
1788	5503
9659	7070
397	7000
9600	921
8098	8517
702	8841
5434	3957
4034	6566
3404	6238
3925	6534
1568	31
6393	9822
9048	9531
8802	7824
4156	1080
3527	1635
3730	6488
8740	772
2133	6339
8706	3864
7959	9891
4442	5499
6439	762
115	9112
7929	3603
8531	5698
620	2250
1123	4390
6402	3277
7381	8876
814	6752
3846	2348
8768	626
1132	2740
4981	5346
3737	9540
26	3531
6281	4493
145	5985
6552	9029
2574	846
9268	1327
4111	3292
8192	3255
7926	7379
8503	5089
5889	2931
7519	3557
392	8122
980	2443
712	6636
3377	5410
5926	6828
9065	4518
5875	5819
7090	2432
9476	6625
7954	3929
5101	1202
1203	9929
1568	8292
647	6173
9094	5051
7300	6661
5339	3818
5486	5347
1332	2699
5775	2524
923	1562
9289	6754
8257	3595
6735	5243
1331	4874
1575	4322
1810	6447
9868	7896
4484	2794
8488	7369
9741	1372
3796	5683
9643	967
2263	3695
1636	2317
6671	4546
6144	1198
2444	2915
5068	8094
3956	6192
742	2355
5825	9245
1170	2683
8043	2780
7000	8904
2511	5982
676	6684
1216	8809
7775	4214
4158	387
412	3165
2477	6943
6469	1509
5532	439
7194	6881
1555	3951
151	655
1829	6760
3893	2735
6797	453
4180	1617
2836	2822
8490	2113
2055	7082
4019	5880
7910	3556
1145	6545
2753	9798
3969	7789
8323	7392
405	1402
2387	7473
153	1725
7408	5441
2743	7085
1585	8873
2118	4144
3984	9920
6164	8840
1822	117
5619	45
8047	1139
777	4287
7007	4965
8366	7620
6589	3119
9058	7729
8257	702
7451	6598
1834	6704
2062	5277
1718	3690
788	1256
7631	4945
3066	8267
7265	5279
5870	3579
5040	1587
2734	9122
6687	3318
6483	487
8294	6889
9845	5405
5841	4493
8204	2878
457	8884
7386	2492
4050	5166
6819	2041
4192	2208
8295	844
7810	5213
4159	6536
3219	9916
5581	9947
8447	7385
3621	6278
2564	2996
7370	5673
4387	3048
6567	1264
717	2601
844	9596
5840	5897
6996	3548
4671	5294
1997	3494
7562	4396
3434	9360
6368	5400
8826	7067
6626	8117
7835	1396
2	6235
6122	6078
5334	9178
569	6903
9276	830
490	264
3037	9156
7443	4848
8989	3124
8358	5004
450	2596
259	9650
9719	3921
4642	9412
7732	1533
6495	9442
9780	950
2067	9018
6521	339
3265	6879
5201	7428
9985	3290
4209	3454
7758	9897
3745	2942
1718	8017
1908	4255
8937	9143
7151	1924
2856	3935
6733	8595
6852	6315
5263	4706
4785	6235
4923	551
8347	1562
8926	5826
7484	2674
8423	4432
857	6763
7670	4645
1130	8652
5454	1623
2729	3131
2351	3757
7735	7374
4309	1097
5397	2636
8336	6008
4213	2691
922	4913
1193	158
1308	1689
2171	4219
9680	5969
3743	9981
1488	7089
4825	8145
1426	5375
5611	848
6973	6731
5671	7119
3075	7532
7911	7536
8638	2340
9824	1359
2587	4805
2079	8018
6591	8059
517	6461
3811	5325
7241	4545
4716	7167
8016	1429
9463	2504
9383	5661
5265	2032
3550	1767
7673	8438
1042	8938
1815	7396
3461	276
1219	6841
6310	1866
6408	6660
6653	6445
2618	168
4133	4671
8560	6007
5546	4484
943	4858
4410	562
2128	3817
514	4147
9932	780
5045	9531
7671	5172
9017	9552
3612	4760
6033	3597
7368	8433
4053	285
8045	2989
434	7271
5552	7629
4960	6012
3284	917
8387	2187
4165	4998
34	2287
5699	9493
3961	5715
2960	744
4831	5822
201	5238
1058	3764
4163	1468
2056	4465
348	9284
6660	6113
1361	4367
8191	684
5264	2647
8830	3447
9775	9557
1825	7417
3022	7260
4783	9623
8259	639
1801	6402
2953	8409
6044	1478
3355	2089
5767	5486
3493	4669
1471	2777
1553	1159
6003	5466
8589	6600
5528	9027
51	3754
2214	1946
3041	2070
9977	201
9324	6346
9729	9297
4598	2798
3855	6886
1443	5672
5147	915
9684	638
6943	6881
7955	6233
4574	6280
6077	1714
4966	8006
3105	1659
4980	201
6880	5325
8533	39
7689	3205
5373	2890
8271	1792
5429	5299
7584	2370
3516	7018
2572	6339
2194	2646
5825	4677
4317	4880
6677	5790
9540	3370
8554	4421
4385	2266
1179	2006
4061	2008
9503	3838
4944	6741
326	6685
188	2904
1493	4058
7959	66
