500	634426
9406	4001
2770	4487
5489	6172
8632	5475
1028	3277
9291	6346
775	8240
4995	863
733	4542
138	383
5978	3512
7441	4502
4640	9168
4243	1518
7298	3112
4013	3249
5573	299
6171	8081
1196	9055
7968	191
8604	7805
6243	3449
2999	3809
8704	371
4881	6243
1151	8894
7770	915
9660	9491
3198	4144
9720	3534
2305	9694
197	6960
208	9996
2883	5753
1508	3803
5650	2410
4648	8171
3654	891
7152	3533
417	8962
6217	4949
5958	8175
1864	6348
5193	4571
4163	8812
3399	8194
3424	880
7635	5778
5339	4110
9353	4732
6724	2589
3505	2419
1565	3696
3849	9521
6368	9383
1261	710
9283	7035
8847	9202
7389	9766
9794	7967
5020	6639
6066	8717
17	9791
7159	2786
6265	9659
1254	9726
2875	5426
5670	473
6442	9596
7567	5381
6504	2185
3810	273
1988	232
9640	9707
730	3463
9630	3822
423	9145
6150	6107
9634	9564
8575	1539
9293	670
5028	3600
7722	6860
9005	7672
4190	2958
3607	7386
563	7373
5026	8810
6491	1257
2101	4552
7914	916
6910	1739
6354	8275
4960	8450
1320	7019
5785	8663
2994	1781
1690	9349
1208	8444
2576	7763
8440	6539
5337	5170
6332	2472
8359	4092
2883	6034
7581	3224
2386	9674
4008	2314
1440	5084
8366	8965
2032	6490
8475	2156
1460	2360
628	4872
3071	258
5926	4762
7139	2288
1857	2147
4899	1367
5663	8603
4760	1948
3132	7820
2093	9149
7365	243
8309	4322
6617	9969
1625	5589
1940	6377
5471	3938
8437	9072
5840	1201
6782	9846
5231	8539
3139	4032
3040	8369
2420	8368
9950	5912
8325	961
375	2694
4340	1763
4429	2390
2149	4307
1984	6976
1413	3967
3902	3129
8299	6429
7856	4378
6500	466
3920	9227
2206	2891
6660	6292
2839	6848
631	8157
7935	781
8791	5230
2291	8578
8352	8540
7049	4309
4545	7931
4777	904
4607	4594
9118	9843
5741	445
5276	8933
6723	4778
7985	154
7707	1522
2994	4955
2537	5353
1605	58
4711	4980
2036	4922
5194	7213
6729	7952
1571	5374
8700	8379
6166	1543
3836	7577
843	7003
2980	2905
7784	187
2910	8269
1344	9307
8991	6478
2648	5457
7882	1518
6013	5110
5466	2655
2464	3053
6866	5343
2090	9330
9746	5750
9840	3446
3788	6318
6676	7711
9439	3749
4777	7238
6491	6209
4964	815
6131	3214
6388	5323
3043	2830
2937	3816
5216	7582
9622	8983
39	4522
553	6720
5074	9784
6331	7849
372	4129
1350	3399
9710	225
7396	8688
1886	6312
1285	1098
9910	7908
3372	2245
6735	9328
460	1082
8999	9653
371	5207
5713	522
5772	3927
3610	514
222	7638
8355	9304
6015	4218
4528	5928
8264	6508
3377	9054
9096	6215
8312	1564
4569	7561
1341	5007
9432	8950
1339	4385
3627	9808
1084	2805
6016	5560
1679	5356
2444	7852
7711	2736
4026	4084
1811	4953
3257	1711
3716	749
4822	3697
4268	6787
8229	6568
9367	7999
2990	54
2873	1639
4508	2447
6699	4470
186	2462
9841	4883
5651	5245
2209	6376
3530	2360
7722	9496
9296	7806
5652	6748
7814	1500
6682	9696
1392	3792
9556	1949
7196	8104
7360	7266
9140	2385
2563	2292
3622	290
7861	6502
8335	5790
7752	1021
7787	1359
5538	288
3890	3817
6550	5942
9109	4421
6998	4590
519	8233
4773	4175
3039	5767
3339	7596
5063	951
4836	7977
5761	2718
6483	5634
5375	463
4709	9730
8715	2687
9629	905
2306	225
2057	9184
8925	5515
405	8770
4165	5289
6974	7268
1224	5607
4028	6347
981	6421
8263	8721
9218	2246
5051	2574
1456	2296
574	6684
9983	7785
1364	3315
329	4075
7556	1532
4890	3383
8400	775
8162	7531
1546	2836
3748	378
4800	7652
9824	8778
7485	4116
9986	974
4300	960
6479	6991
2880	870
9485	4485
8837	1579
8853	3399
4452	5308
4523	5931
665	1963
8181	6646
8276	9395
8361	8315
217	4126
1927	2604
2551	9672
4159	8528
907	457
6342	1414
1184	2459
6024	9691
1926	9799
1871	7590
375	5004
3686	5976
9084	484
7424	2253
4245	4535
1250	9273
6760	3790
5187	2187
4042	2551
6660	3080
9493	4927
2959	5192
5514	4682
9881	7659
4531	403
981	6934
3727	3
401	9710
1640	9255
1601	482
4622	3997
8215	7703
4154	3914
6820	7517
926	856
1635	5445
3786	927
60	6167
4648	5416
2212	8546
8160	769
3908	5139
5800	8038
7232	3496
2661	4420
6074	5513
4830	721
4504	489
2727	3601
2098	6837
4961	4266
7861	2736
2423	4859
4215	5898
2258	7465
2507	6250
2763	2870
1596	3439
4506	2850
3322	9280
23	1992
9081	1702
6770	6490
658	6674
120	3422
1059	6707
1053	9946
948	5135
3074	8744
5023	1673
5164	6718
3310	1114
3831	4477
4154	2078
4386	1243
3213	9175
3606	1257
8750	6108
1759	639
6872	8022
9978	9446
1558	9300
3708	9301
1874	1389
7867	2639
4767	2740
7030	4422
105	5482
6225	5700
6988	7830
5746	3791
4725	9956
3298	1816
8378	7737
1658	9851
4560	5900
9566	3489
1648	9832
410	965
4032	1179
1740	3562
7823	8490
9388	1939
1535	4628
6385	7604
2402	5701
8265	9692
4531	4196
3751	813
9526	5345
4358	4108
5893	7944
8129	9990
4056	5462
8711	5184
1225	9332
7662	5364
1041	2108
5739	7763
9404	6717
6138	9656
4839	1023
5284	1839
7862	9144
8021	1596
5846	6094
2031	5726
8095	1434
1072	6927
3406	8003
7438	9987
6618	5399
292	498
9452	5567
5094	2374
6435	382
9543	6732
6899	3147
5092	7272
2982	8045
5622	5723
7314	2203
837	2635
1633	4186
8846	8269
8159	8800
5833	1502
942	7995
1297	1226
1095	9240
3802	4721
4062	2636
6370	6480
4898	3740
9871	6483
499	4953
2340	530
3444	8604
6868	9319
742	2121
3790	6753
5498	3307
7800	6225
5510	5838
4419	3517
871	5058
6985	5885
9676	4325
5760	9573
