500	1793262
322	7695
2260	9553
7195	8281
6183	3310
4001	4388
5036	3825
8484	337
7984	8407
9095	6134
265	1810
6355	1129
6282	5414
9196	153
1816	368
7091	8735
276	33
1915	3902
436	6889
4366	6734
7101	3651
3670	6853
104	8182
5375	521
2909	8524
1732	1621
4070	4453
3474	1038
9769	5263
3613	9290
2371	702
7515	8964
5545	1449
8181	7689
5294	9141
6102	8482
2771	905
2491	773
2418	219
6838	5478
3842	9876
1612	1493
1048	7609
5825	374
6067	7455
6579	6000
1612	9647
2675	8692
2096	7100
1303	8504
506	4850
8166	8406
15	1022
6127	6777
752	1454
3320	7142
725	6109
2716	2648
4973	3755
5824	4310
9040	5189
4967	7898
1911	6850
227	8421
9631	2915
5098	5101
1009	2358
7679	8959
2105	184
1369	3155
6645	9909
6929	352
4438	7808
8412	4235
1105	1853
1915	7750
8593	623
7621	7067
8511	9733
6225	5738
4397	3981
768	7874
614	8883
351	1598
6146	3789
9147	596
7748	3966
2494	9342
6479	1710
227	5642
5175	4923
2321	2029
4785	7575
3918	1095
7004	6116
6458	6602
6928	5180
2879	4591
1083	2704
7126	2205
6466	4446
5251	6177
4910	3898
1118	5186
4522	5882
2385	4035
722	4414
5660	7074
6213	7268
7844	5701
925	4791
8516	7028
2078	5968
4295	3612
6844	5796
5260	4194
9793	6069
4398	5632
4336	3822
3369	7276
1560	7680
3204	774
4387	1515
9827	8294
2320	2301
6425	7623
7102	8711
3008	4993
926	2012
718	1935
5792	8108
2028	2555
2839	2133
3955	1466
514	6194
3846	3884
7148	4450
5894	1294
1618	8088
1168	4150
2000	43
277	826
6403	7911
7305	7980
7319	5239
9349	1126
6044	5778
9924	5983
7254	5791
6065	2466
1875	6425
9903	1609
9278	5255
5017	6101
7746	3258
2235	5931
1538	5590
237	6427
8445	2834
2053	4207
1498	6596
6132	7650
875	5935
8068	1161
9043	2957
1082	8345
5115	7563
8321	2137
1264	2363
5637	7862
8079	9115
6717	751
6519	8838
2588	1982
4982	7407
7631	3818
1990	387
7033	153
7719	3150
8576	9577
3025	7792
5543	913
6709	9996
3595	962
5928	5131
3349	7296
5801	9719
8905	6239
8433	3631
1665	9710
8828	452
1316	318
2818	65
4633	4886
1154	3019
8335	9032
730	3457
189	2976
8431	12
713	8642
6295	9279
3761	1428
6493	1132
4721	4761
7229	458
1336	2943
2916	9589
8976	2320
5857	2478
3823	1972
1458	898
7958	1056
347	6739
9068	8147
508	4754
70	107
475	5292
274	2477
5944	1938
5456	5712
557	5716
9549	4502
153	7555
4543	5397
154	4011
8753	3234
328	3569
5986	7335
7717	9010
2336	3272
1041	8478
3424	7698
9078	1586
18	888
1303	5989
5100	4982
6463	9813
2942	331
2017	7271
8838	1021
6138	7635
2813	1337
7649	2743
1974	5207
4996	3410
2670	2685
4588	1684
4483	1025
3094	3608
8399	1333
1311	4280
6244	1895
5000	4246
466	2492
312	1747
7110	726
8384	3960
238	5433
6931	1381
9281	9576
2526	8917
1801	9228
513	3153
5615	3534
7629	3471
8558	4696
1518	8862
7806	1158
2756	5248
7085	9356
7230	1929
2389	6621
2717	4141
4826	8995
8533	6042
2550	1187
4144	2026
4377	3621
4928	5345
8244	2623
1907	5770
7330	953
8689	4399
9799	2144
9234	1766
2979	4797
4684	2913
2140	2448
4376	402
5566	5731
5519	6853
5085	7108
1352	8894
57	3233
2004	7887
8198	4042
9051	3203
4244	5907
606	1994
1499	9633
51	5618
8075	9792
4698	273
2014	6117
516	2520
4925	5610
2012	4300
8510	1785
5906	6051
4037	7660
4153	4643
4742	7432
2717	5123
8940	270
9709	845
6627	9702
5748	1173
4417	8438
9999	4958
5404	1053
966	1051
2451	2818
2993	8713
2753	9315
1113	1719
2879	1490
4189	6116
4047	7132
3139	2350
2393	8151
5606	8274
4707	745
6936	6238
1507	4831
9111	9887
9691	8122
4304	5852
5206	5835
2137	6598
4826	3163
7658	5628
3476	8249
2210	8546
3355	94
8030	9798
8958	7745
7899	6686
3878	4858
8603	3376
7480	8870
1714	1715
2885	8534
6444	8794
7850	9958
1209	1275
4576	9875
2388	8680
88	3439
1406	6900
231	3524
8451	1317
4913	4927
3050	1924
4951	3402
7523	7485
425	760
9378	9103
5655	3201
1313	1465
3833	4096
4427	4485
454	3878
779	7232
1111	8827
4890	3051
6052	3422
7836	6026
7916	2779
4296	4676
1171	5808
8355	5059
9353	7181
5281	6409
2298	7808
2223	5338
9030	23
8815	2519
4522	1445
376	4465
1863	7346
266	1008
2240	264
704	935
5884	5296
4364	5773
8494	6204
3481	6696
7157	3180
6316	4793
9975	7176
9762	1934
7599	4152
8886	3464
844	2603
7585	605
5270	9103
8307	2418
938	7706
4172	311
8263	1240
4212	515
6557	3417
6880	4177
3542	1852
6374	3631
9979	6196
4671	2013
9770	8302
4335	8857
8070	7112
3938	5729
1317	8858
8952	9021
3296	4400
1987	2653
8291	8590
136	619
7053	1196
3955	1302
4008	9573
3108	3503
712	8913
970	5867
6428	9490
311	6501
677	4004
995	7782
7916	3945
4653	4090
7577	9194
6688	729
7512	1254
9047	668
7549	1374
344	7132
9860	824
499	735
2291	3723
9741	8138
5998	4346
4295	3320
7745	1358
3541	1944
267	8846
4576	1373
5449	2693
1143	5356
3199	4827
5697	5612
6594	782
5332	3603
4763	9935
6864	7819
7902	5918
4289	8877
6886	9380
5228	2928
1139	180
3777	7342
526	4947
3823	6989
4857	9768
7163	6083
1552	1616
3853	9101
2942	2939
8361	4157
5332	6413
3835	7501
507	937
5424	3815
2169	9194
2380	2894
9730	6331
344	7741
1834	9055
7120	4086
5589	9884
8724	3834
5534	3332
5164	4990
5681	6890
562	6245
5586	1718
2245	7322
8378	166
3713	7366
7916	980
489	3909
4425	4053
9664	4825
