500	1233507
8403	9158
6621	4064
247	5492
2100	1383
8288	6164
4634	8690
2528	4986
4358	2847
3049	3562
4018	5711
7618	5974
2974	8820
1124	2210
2229	4226
2647	8517
9891	4648
2665	1987
5339	7707
1496	2348
6767	8824
8290	7255
2958	9755
9280	1890
58	4388
1720	6210
8986	3300
3069	9089
9918	2482
5816	8731
787	9157
655	2158
5241	4957
2786	1894
6230	9330
9355	1129
8110	2801
6656	3104
2430	6530
545	1421
907	5285
6567	707
1374	9098
9901	1350
7535	2718
9973	2333
6338	5714
1953	5263
1333	7489
5556	5954
3672	4165
5513	5868
177	2393
6939	6292
3631	62
9140	8048
4496	456
4584	1824
1188	4066
9757	1373
2283	2127
8424	705
3612	7549
6229	8497
2060	2388
4449	5666
5811	8555
2113	2261
249	6719
3094	6942
3783	3965
756	3350
1383	3982
7333	6470
4395	4569
4642	1974
2996	4608
5145	6051
4869	8208
3947	184
1311	5138
5527	955
1323	3025
9548	5270
4438	2744
2410	8426
2904	9227
8865	4496
1652	7532
8255	6322
6266	9831
9684	4390
5654	9845
7064	7446
7936	7025
9061	7707
1541	6088
6011	8675
5424	7999
8533	84
5568	7869
7760	4978
8155	4697
515	7558
7786	9154
4431	2786
7400	5678
4585	770
3254	7715
5466	7363
2656	1924
2670	3465
821	7909
9468	8713
6518	9058
4055	3559
521	1273
1935	2358
9936	4078
1096	503
6604	284
7383	9968
1036	1332
776	8866
3623	4838
9062	6513
5809	319
3273	5169
2123	6577
8151	6465
6392	1376
1067	9739
9929	2620
4730	8863
7091	176
3550	1177
3787	260
6093	2813
8786	1541
2193	5085
9124	3307
424	9134
2734	651
4157	4309
932	4136
7170	1604
9281	6255
7627	2503
4377	4111
5966	7330
7381	7193
2446	9551
7821	3610
2602	2823
3908	3369
5180	9428
5519	267
3238	8806
5239	4926
53	9652
9113	5542
916	7980
1640	309
6382	6093
1789	290
5115	2245
7526	1481
8421	1022
2082	6589
1818	4611
3641	3022
600	4535
6453	6457
923	9020
111	4907
4581	1404
7578	2690
1628	8502
481	3649
2375	2111
4024	9323
9871	4113
4444	4478
875	4381
7299	5809
3645	6671
8706	7113
5215	1456
8400	3107
4059	863
3387	2784
8272	47
9989	984
1214	7602
9878	9875
6410	3698
1749	575
2164	150
6398	5528
172	4773
4467	8491
372	3183
7440	5976
1314	7478
512	6017
5572	9195
6628	134
542	5650
8235	5143
3577	9072
9256	5921
4805	6552
4533	3038
4169	8948
5057	341
6504	8150
8697	3905
4880	7947
6682	2357
6649	6747
8695	6543
8095	261
4017	167
2092	3595
9073	625
5863	5013
1592	1727
7310	4821
7005	2204
4573	14
3452	8558
1538	665
9486	4553
1606	5917
8755	2542
1493	198
8971	3319
659	8946
4980	3186
9943	1484
8969	7881
6840	5859
1212	1702
213	7320
2553	8581
8258	270
2592	7120
6079	6841
8307	363
7216	6240
9955	2103
9589	4185
5922	6640
8247	4322
566	8774
8773	3730
1794	5623
9060	4699
9028	9446
2269	6514
2015	7131
1893	9684
1545	2577
2591	8608
4773	9501
2376	5331
3937	268
9653	1049
7672	5577
3561	9023
4379	3283
6390	2468
6541	9432
6015	915
259	870
7337	3694
8518	6948
4933	5959
9810	7229
4216	5240
1768	5816
5460	7003
2440	1865
2559	691
9708	9372
9253	1610
9161	3844
6590	6473
7980	9103
7929	9707
1532	5201
6398	4691
3264	5971
4308	9434
5927	8115
7172	9146
9682	3267
7655	4855
4009	4828
8053	7572
9050	236
8719	251
8357	1483
8176	2300
5612	7935
9327	269
8318	9345
3654	6748
5514	2975
3323	1272
287	9710
6899	6712
8631	5774
9066	3947
3314	5346
6835	3594
6565	5099
4888	8199
416	5627
6808	9263
5635	8230
2074	8142
626	4119
9220	1075
2344	2136
2883	194
5843	2727
3303	5492
5519	4564
9496	2006
5169	2072
5283	7038
787	3861
8580	3925
4020	4576
600	1169
7127	3955
1189	3142
7375	7137
8961	5749
4461	1930
4428	2755
4559	241
3960	3647
57	6531
2319	1599
4313	2213
6329	519
1642	7037
7958	6750
9911	9140
7809	8302
3674	8398
7783	5227
2476	7426
6023	3365
4270	6357
7887	7258
475	1138
4505	2387
5629	8258
2033	1563
4802	8870
7733	7502
2308	5128
4526	173
3073	6097
49	2509
6974	4204
8005	1677
1878	6750
6456	7954
7114	6196
2007	8285
7043	9256
8250	8520
5356	2168
2230	7958
8368	7949
49	5777
61	8506
8172	3930
8094	4442
9954	7782
5846	7438
9609	8881
6534	2895
6064	1023
894	8511
1264	2164
3226	6422
9895	5774
9022	7522
2546	8848
504	9398
8717	6176
9846	9902
452	644
1181	7215
6553	6185
3840	7943
2630	2133
9920	4366
4542	4304
9116	7009
8153	2416
359	1859
6006	6218
1570	1474
1587	7278
4031	4202
1415	4369
4403	9720
3678	6751
2358	1809
4747	7481
5886	1489
1898	379
8576	8338
4374	1895
5882	7819
6811	4911
3540	1383
749	5435
4891	8192
8799	7529
2821	5773
1498	4805
9075	1273
5218	7231
4652	9468
2478	253
6140	6051
9360	5316
2175	6537
3115	3898
7675	7050
4166	8678
5132	4082
3877	6428
8844	7116
4714	4496
6120	1612
5793	3573
7629	255
8199	5865
9196	1803
9789	942
7846	4891
9883	5701
6700	6425
9495	5756
1056	5144
2935	6703
7586	5948
2664	8017
1095	1787
372	1209
1010	6475
2893	5361
7504	3423
4253	4293
5958	3965
3933	4154
6183	6549
7237	7186
2744	7822
2192	1077
9189	3381
3879	801
2708	7744
6081	1697
2933	6364
1128	8179
4966	2070
9335	479
4623	904
6637	2418
9543	8288
7434	2519
2684	9855
9485	5336
7083	1106
8693	230
2003	9380
3271	3528
6173	720
4883	1709
3226	7436
4673	6024
1256	5904
1212	3393
7137	8480
1889	9546
5967	8629
4287	3592
1245	5991
229	7933
3105	4329
373	6575
7770	6673
