500	1308368
6282	6340
7605	2280
9881	9554
617	9653
2705	641
6205	8453
6946	9046
4642	3754
4849	1174
3708	2233
1061	5131
8470	6603
2156	5535
2091	3850
6923	7634
3120	2120
1278	467
4226	6227
2062	5010
156	5077
7613	6918
666	6615
4099	3901
6283	1438
4550	6645
2866	6701
4069	5537
6496	4551
7006	2020
3751	8786
7981	7165
1231	1293
8975	7151
8795	7819
8541	9384
8403	4643
1904	7305
5372	8319
2996	1657
1390	8832
8646	3552
2520	7117
2005	4545
8061	4676
5332	9246
7862	3163
4464	2237
1593	1132
1324	479
784	2652
340	2010
9999	6803
8480	4289
9705	812
9425	3991
5637	5684
5649	2781
1941	9067
7039	9985
5784	3638
6764	2289
4387	2812
7092	7392
8962	5087
2525	7468
2753	2805
5795	9219
1894	1225
4447	9295
9158	8699
5888	2400
5017	1419
9969	2691
4809	8083
2913	3251
6938	7715
9289	8752
3619	3133
4202	7215
3764	8526
7657	6676
7417	1684
122	8638
4478	2450
976	8022
5174	9971
936	6022
77	554
2436	4879
8774	3734
3989	2050
5421	4173
7229	3548
3664	7998
1126	2269
7158	3976
9197	3679
9415	4110
7404	8435
9287	1719
5864	4916
1887	8745
9007	2599
3386	5018
7135	7272
5669	4218
145	7099
6499	4880
9567	7521
1332	8235
5820	1653
8469	6403
61	2813
544	7897
7507	1965
8670	4963
8182	7154
9256	277
1478	2966
5415	1454
5891	6822
3586	5983
6125	4798
4136	7467
4305	7282
5162	7125
418	4890
264	9165
8177	4723
6180	6368
6716	5814
7173	9578
6944	7287
1625	6604
6472	6760
7349	630
6560	9712
4323	5982
5405	4146
1115	8092
1880	7137
2906	1427
3647	530
4006	9764
9043	6340
1673	2043
9559	4473
2624	2172
956	8164
66	5336
4208	2090
687	6479
7513	7726
7622	8072
2065	9680
8964	7532
6383	6572
7240	1245
125	2790
2459	7635
2870	2691
2445	6320
839	4861
1606	1886
4292	6482
7473	530
185	9698
2626	8702
7315	1054
3144	7064
3875	1343
8414	1159
411	2041
6095	8810
7289	1456
3920	5778
4684	3449
6606	1701
1973	3446
8700	2137
297	4580
7245	9576
8942	8170
3286	7198
7523	1201
9351	5895
5234	4393
9097	208
6693	3433
3046	1776
5628	234
9827	1178
9777	1552
5555	4211
5157	3726
9454	8614
2005	6319
4498	2953
9367	2670
5158	9643
2802	6701
77	5837
971	8138
1963	1044
2747	653
764	7452
7100	8492
2512	832
507	1517
6673	9763
370	1302
2077	6774
4865	8536
4910	3793
958	7959
333	6697
7897	920
5080	8857
298	3757
7628	773
7359	5244
167	1149
9123	7678
6998	5397
1624	9713
9267	2885
4693	2608
3300	431
8774	820
7991	6887
9128	3350
4022	5555
1654	2583
1437	6992
6334	2186
2490	9958
5591	7948
5065	7665
458	9105
1115	7477
1567	1240
1214	8017
8576	3257
611	1888
6048	107
4084	3964
7849	7172
6377	4048
8550	7811
1697	4609
3681	1976
759	7259
8154	7003
4613	4221
1888	2048
4485	9354
1084	4924
8780	8775
921	5599
3007	1389
3225	3782
31	8418
8757	7947
5214	2171
1878	9345
7113	2108
3110	4645
1805	1251
6555	3149
2278	6491
5817	8128
4179	2777
9132	9843
6418	188
7825	1973
5598	9154
2727	7204
2101	2271
6256	7356
229	449
9954	840
2756	3433
4067	6431
6974	5244
2615	7639
774	9288
7333	2107
6619	2871
4141	6235
4805	8897
9333	4821
2074	3779
5903	3885
4021	915
696	338
7863	565
7892	8325
7485	6264
4654	5853
8971	6392
1196	4956
41	3714
755	4912
7724	5998
3900	6622
3783	5354
5587	9429
2389	8268
6414	8650
8667	9702
4887	4514
9979	1980
6428	3697
846	1579
6927	2902
9128	8504
9106	981
5006	7138
788	8069
9024	2579
2674	8754
2984	2146
1784	1417
2689	3102
5190	7128
7573	9388
2944	7957
6266	9331
4442	4865
1872	3086
5124	3911
5079	2770
3319	8970
2129	8786
5402	8319
2510	6433
9153	4977
8895	7342
4964	5700
3734	4074
5420	7004
3219	9152
5162	7093
7320	3465
2731	7139
2959	3206
2836	705
8305	2665
506	2314
6476	3270
4477	1496
34	5944
66	2979
508	5130
5280	6000
1319	7807
2938	8267
4222	8324
9230	9209
7585	7635
5876	8372
5690	5196
8099	5386
9894	9392
5376	7772
1880	1700
3276	445
2292	2845
5904	7588
3248	1348
7042	8697
1178	3768
4939	5872
5214	1019
6886	8632
4284	1914
1179	1571
8855	1475
3029	9749
3331	7500
7862	7926
6632	2219
1041	1626
7606	3832
6639	5084
5638	8650
9472	5948
9595	7217
4170	2388
2313	3518
294	8950
3238	9899
2877	9967
759	3358
5194	8452
5816	5310
6490	8029
8371	9481
4517	5867
5073	5891
3275	6580
2110	9855
5110	4368
3633	4156
8260	6697
7203	6209
7993	1549
4418	266
6526	4980
235	6706
8949	6554
8184	7181
1179	7475
6558	5083
2867	595
6609	1053
5957	7306
9631	5403
9673	1270
6066	2984
9437	6449
2890	7964
5870	5678
5742	5880
7317	8290
4205	5380
7014	3186
2170	9972
595	4939
3855	29
2300	5339
9598	4032
2137	4862
6296	4879
1608	9946
6113	3130
2522	456
5883	9951
9446	6367
6788	6446
8146	4943
8380	3413
6227	6173
5319	5632
9729	1484
9572	581
7606	9737
69	9214
7283	5677
7241	1847
7018	7906
2505	9125
8937	1208
5559	1111
3769	8050
1210	8757
9089	2034
1223	8273
988	5318
5818	7104
5704	5136
314	455
7527	7117
92	8834
4794	9387
5064	5287
801	1370
8353	7021
9971	7283
5330	260
7559	8659
8483	9256
7061	6789
9383	9065
7871	9940
1759	2614
6419	5669
3789	4907
7220	3175
1175	7790
1639	9824
5086	153
1882	7917
1138	1776
2965	3297
3866	7901
510	427
5649	4130
4316	9357
6483	3414
8317	9473
5286	1615
2904	7731
1861	4153
4031	3142
8434	2727
987	9158
1614	9058
413	9385
1697	9526
