500	645901
9338	43
9616	2330
7205	9900
1083	9025
3285	6881
106	5903
4184	7163
9807	7718
36	2910
5899	5589
7466	404
3859	5847
9711	3794
5960	2025
4856	748
2503	8245
6170	8313
861	9976
1002	6478
7877	9806
4175	1893
2480	7603
2201	1212
2180	2762
5524	8570
6754	3392
5046	9485
914	4041
2281	1666
5731	1059
9252	5482
5205	9863
6197	4765
7535	3381
6556	2475
5318	74
5717	9315
3522	1911
5176	2436
2593	8900
5001	522
4914	6433
6030	3233
5865	2684
5134	1053
6227	5009
9449	6186
6418	9478
8005	7285
2730	2123
7244	7979
9269	7007
9029	4360
4583	4940
8380	6202
4399	3934
35	8953
8630	6906
4621	6398
6386	9284
8934	6410
3395	5919
7225	8742
2892	4045
2644	7062
451	4039
3690	691
6063	2908
8773	7728
2286	5968
326	8138
9922	2760
5884	7974
6323	1748
411	1177
5280	2299
8026	6649
9863	1384
1844	3824
8435	2930
3666	1083
4054	1553
7975	1651
3273	6690
294	8407
9030	1191
7634	3451
2751	453
183	1809
7809	6017
2981	4591
7067	1356
6206	902
1317	7930
8798	2424
7434	9247
5982	2227
8266	8915
9290	8505
1226	4042
2786	9789
3662	5996
4570	7633
7811	104
6961	6266
3784	585
2147	6319
5898	7025
7662	6352
9837	9569
3196	8951
3999	5965
7857	8482
1991	7799
7917	4186
1240	2787
1407	5604
8582	8697
3720	2348
5142	1604
9891	4075
5646	5484
3151	9379
2518	2927
9806	7231
5477	9633
9611	8543
2957	1361
8208	7250
5017	7320
4666	6308
6707	9131
6724	3336
924	8023
1851	8889
14	8330
2817	5442
7485	3847
1134	9574
8146	2919
1329	7521
9867	9065
1294	1139
8208	3972
4109	7751
5536	952
5901	4024
7774	9502
9753	4567
4252	6037
4244	5224
9839	6742
8652	5858
6816	8726
9772	4032
7041	4065
404	5478
3100	1523
613	2045
5306	6392
9272	3499
2652	4124
255	1034
4648	5630
7890	9137
6315	6254
411	2218
4863	2164
7781	3811
7585	7743
4873	2239
9318	2664
704	7698
2421	6291
5068	771
297	1491
109	482
1691	7996
7997	1826
3039	9544
3696	7709
977	4575
2599	1088
976	8775
6437	3854
7233	2759
341	9640
2529	5251
6777	1020
3664	7193
7138	2442
2166	7175
2515	959
3475	2376
7822	998
6795	3638
6658	3435
7832	4017
7132	5154
2889	8831
3376	5227
2523	8037
4694	4623
3999	7633
8341	6304
6278	9409
747	837
5249	7505
842	9733
4178	6435
3736	5116
1496	7418
8225	4830
7444	9815
87	4522
3829	6241
9117	1009
8101	8672
3356	3575
5542	7988
7899	5889
214	8589
5677	5305
9482	4191
6319	6691
4279	5781
5833	6522
897	4850
3712	9777
5673	8666
7911	9624
2811	2473
3561	5789
1722	673
5494	7796
1928	6217
527	7224
2864	3997
2060	4690
1819	9390
3948	2474
7308	5845
679	5906
3881	5700
4455	1518
7700	7087
1759	5116
5513	615
6050	233
9781	5125
8512	5788
6751	3992
8193	8921
9193	7526
5104	2718
7146	9516
8883	8718
746	5100
8454	665
307	1539
8967	1544
5104	8282
6021	7349
6734	8358
5195	5071
2542	4296
1846	1574
8237	6808
7651	3125
1796	6381
9376	7184
931	1470
2514	3912
268	4796
5571	2105
9368	3233
7986	1796
288	2484
5469	9645
1785	7957
6547	8652
3630	96
1029	9214
6250	6552
1275	8653
9775	6760
2434	4069
8739	9395
6263	5697
8582	1067
9857	5332
6819	9165
494	2842
9722	1933
5161	8615
4748	4682
6718	4975
1112	6762
8547	8620
464	851
1261	6657
2332	3828
1424	3591
784	9025
8189	1641
5800	3479
6237	5853
302	5163
7730	8782
6304	7174
4249	7820
5202	6515
3427	7972
9304	1312
7732	2255
7741	5893
593	171
1683	7619
2787	8830
5078	2434
7007	1709
8954	7926
4909	3639
7530	4088
99	8741
2681	3268
6014	4720
6190	6864
9250	8329
7912	1212
7011	9708
5841	1970
5994	2570
5752	9499
4363	2597
9219	3201
9379	2705
6076	8115
5002	3575
9510	7873
6610	3042
1755	9268
6213	4140
4630	4226
730	8291
8436	8221
3863	8149
7232	6801
554	5707
597	1118
769	8496
9079	4870
9361	1324
1242	2708
4197	976
4608	9628
8869	5693
5591	5736
6210	7393
4557	6673
5938	471
9170	5186
6103	4
1217	939
8705	2138
4546	1412
2687	1439
4237	2469
6682	8559
8376	7747
9098	6860
9583	7866
4328	6934
5093	9732
1175	1545
7516	4024
1683	7601
2555	1958
1108	1258
6906	4026
5365	9605
8647	2324
1784	8909
6698	1077
1960	4690
2172	1397
5899	7245
7305	726
8601	4975
5288	3870
2068	3997
8348	6373
8725	882
7563	6113
207	9249
6922	8006
9843	9035
7022	4892
1338	3239
3338	1454
3976	478
8564	7158
6899	6282
4908	441
5883	9408
579	2324
9652	2556
7264	1835
2629	1195
415	1629
7500	8802
1874	5114
7292	3950
2197	2917
1760	1532
3927	7480
8065	1136
7680	7678
500	1057
376	6936
915	9636
430	464
2244	3144
4986	3127
3157	3083
489	5372
7886	8055
8379	2079
3495	9574
8435	9303
2396	6303
6026	6091
3177	2602
4898	6564
7354	9750
2577	6006
3653	3816
1134	3544
9236	8376
4532	9245
3023	8956
3925	8436
6160	7129
3598	7171
69	8231
2415	4908
4496	9691
3278	6196
549	7600
9175	4262
3860	9248
6527	3121
1136	4474
3606	3881
3659	574
9604	5313
9299	7514
5973	5396
8079	7253
1529	4123
919	3065
5076	4948
9004	3961
5962	3105
8789	1568
7029	6499
8138	6750
9757	6056
2033	353
7477	428
5545	7366
8908	6385
1217	8189
9092	3511
8394	2662
8235	5582
5807	2939
3453	210
9376	432
1033	3097
8847	1422
5715	8447
3470	4753
8718	4844
187	3136
6826	6536
9499	7224
1849	9432
6199	8568
3491	5529
5709	4625
7924	7703
3716	7210
496	1662
8540	8851
1377	7255
9510	5875
7779	6233
5802	1487
2131	5339
