500	2160635
6706	5918
1018	5030
9992	4961
5206	9767
1382	351
6194	2915
912	5056
4215	6432
6101	3152
6947	1973
6029	5503
1838	9389
1883	1833
4682	4985
4441	5109
2873	4452
8663	7426
8745	2646
567	5667
8235	4428
2478	6387
5024	9776
4918	5339
4803	5105
4198	2835
6555	6169
5216	6574
3319	5311
4125	1477
8058	5702
6407	8536
2039	3687
912	9983
3141	6470
5112	8185
8686	4557
7937	6865
887	6518
7926	865
1197	798
7650	6420
5300	7502
6388	3638
7499	5133
8416	621
992	1035
9014	5125
172	1442
9990	5923
2068	3834
6226	7089
3302	543
7590	9218
4016	3917
7868	7347
643	3858
9072	4263
4061	8835
8427	2639
6322	5752
5363	5185
8288	8588
9786	907
5797	4785
6116	6282
9176	3941
1426	391
8583	2030
9659	839
7734	6204
8163	6765
1238	8885
3346	9449
3553	6411
6612	3617
5449	1302
9926	3210
1551	3939
343	7620
3587	3988
4819	2487
815	2826
7593	81
1975	8467
6159	3896
8202	3782
5003	7526
6654	4151
3511	9467
189	1707
2854	5646
8974	2509
1273	4226
6591	1184
6695	2902
823	3410
9909	2192
1300	6974
3977	1668
5915	9708
1955	3474
5818	4884
844	5022
9747	8722
5900	6184
3990	9596
2253	3324
6953	4473
9871	360
1798	1242
2262	4444
5859	3451
5408	8515
6990	5262
4042	8965
2412	3348
8862	4313
511	3085
6581	1667
7796	206
2966	2692
2496	5908
3338	3972
4584	5539
2515	9338
9621	2607
4125	6973
3371	3150
8812	8679
2442	9064
344	3372
1848	918
760	7279
5736	7976
5462	1870
4624	5646
4327	3883
6659	7714
2437	6787
5473	9887
839	4941
106	5020
5938	8624
7318	5583
1785	2664
3838	365
1096	250
1116	7158
7340	2096
5612	5988
7006	5514
3355	453
6596	1546
8165	8261
4049	5744
2149	7459
5612	9788
1014	4492
9905	9946
3884	226
3870	1549
1931	2329
1362	9731
3072	2175
4575	1903
4410	3067
4811	8138
6228	5530
1814	1656
9537	2907
9314	9680
8498	4447
4967	2768
8854	1136
4277	3851
1732	4698
1132	5790
1753	5110
1969	3673
6598	2734
2522	186
9506	3954
9398	7237
5367	2480
538	6493
7312	7719
8133	2620
8638	732
850	2572
9879	5749
1132	8725
8152	9382
6020	9102
6058	320
41	7290
8791	296
5762	6526
7926	1479
4990	1324
2654	2550
5226	2334
2704	9531
1901	862
2985	347
3796	9014
136	522
4584	9768
6519	8250
8139	4287
9299	1949
5327	2982
2863	6488
4173	1037
9348	4054
5756	5780
1149	5326
7794	118
5707	8386
8265	1760
8918	7265
5127	561
6343	7521
1750	5663
6669	9840
75	7183
8978	2528
1907	7096
214	7929
8363	1553
8914	497
3846	635
3955	3054
3461	6035
695	1436
8443	3664
1440	6825
9416	7348
8997	618
5	9384
6486	4991
384	4888
7131	9565
3067	9892
9199	8529
8830	558
3801	5573
6197	9786
4543	9901
7589	4757
8832	756
1541	9208
9351	1906
597	7706
6722	7463
9379	4953
1467	7537
9477	4635
6865	5337
4103	5103
6418	6381
4361	7144
4105	3037
441	7782
8426	4647
169	2960
3062	7318
3170	2677
4985	8805
1063	8206
4232	9302
8165	3580
4888	8390
1745	1870
4501	6684
451	1466
6721	1519
1299	8645
7231	5379
864	6971
2958	5191
4764	7945
45	7142
8012	5961
6041	5527
9349	5952
6775	8808
7502	7808
1311	7125
759	9601
2482	4957
9212	5354
8051	693
368	111
5730	3392
9399	2829
8909	3652
5688	3420
257	2751
1856	6894
1912	4165
4012	1281
142	5354
5658	3355
666	6501
8741	7455
9946	3882
1593	2537
5680	6911
3705	2216
4236	6382
5184	7004
7477	5149
9200	2316
7877	7240
6117	172
6580	3678
8700	2737
9821	1535
1227	8825
7013	8795
6368	3086
9722	2378
3472	2302
2475	2848
6057	9898
9598	3958
5112	2100
4424	2606
1179	7544
2753	9863
8463	2734
2728	5547
8112	1025
2307	1615
4643	5073
2047	4335
7298	2322
1919	3189
6423	2293
2671	6325
8760	4934
3246	8360
4736	4932
9586	1293
4039	7462
1964	3707
4240	8412
4221	6691
7736	9632
8875	3257
8583	2168
3683	815
423	2233
9716	987
7153	4173
2412	1355
3042	5608
6266	508
6554	7572
3974	703
5123	9414
2577	8654
3209	6507
2996	5930
8970	7664
7549	3787
4827	9888
9607	1337
9489	387
4622	537
9754	8070
3101	4473
8420	4260
9262	1610
3862	5956
5335	9530
4980	7788
29	3444
2432	1273
3168	7286
3502	1573
6521	6960
5734	9075
4407	7860
8322	4921
23	3639
320	6042
4248	5036
3406	7099
4083	806
1069	7814
9929	9708
362	2518
3827	460
167	6556
9958	8652
3813	6072
1371	1957
8775	5077
64	8820
3326	6860
2254	3175
2922	6249
8077	7400
5737	1291
2713	9785
5575	2360
3842	8854
5547	7466
8171	1472
9282	8115
5878	1367
5563	9815
3372	2199
6843	4001
9252	3583
6601	5306
8032	9288
4577	8205
3606	965
8199	6868
5548	1494
3418	1383
4012	1703
2503	6151
9112	1781
2522	2620
3282	631
2336	3359
2244	2571
1525	2052
1550	1858
6738	7887
4137	9374
8443	785
1417	765
3593	4732
8926	3064
5811	466
9813	6206
4766	5103
2439	217
3322	3901
2135	5893
6023	2880
3825	3046
204	6941
9745	1382
1493	6426
770	3291
4205	1288
5787	4850
8183	4109
6067	3274
924	8541
1333	1538
7469	1298
7571	3970
7513	1151
3213	2182
3337	7953
4839	3335
2265	3347
4678	9349
2005	9702
6523	3955
4294	2037
3823	682
5828	5742
7217	3818
4698	4419
9962	2416
633	5611
3331	4106
9885	2526
777	178
1299	8707
2519	799
2324	4223
7857	7508
2602	6814
1436	1966
4653	6048
4590	2537
5181	4075
3191	33
819	9442
4083	7771
2500	4583
2569	5355
9171	4419
6089	8596
8894	1894
6018	5991
9282	8757
4045	5407
7627	6647
3125	8963
8092	6167
1634	6988
