500	1905289
2421	8002
514	5002
5514	4707
7941	863
2213	8574
1332	2486
3376	6217
6297	9774
6649	1082
7540	6048
6968	1552
2467	2789
3076	8347
8621	595
6862	1558
2878	6249
3916	4293
1710	8349
3120	5868
7499	4888
6770	6457
1980	6253
3555	1902
3741	9476
2765	3117
7980	2864
7361	5375
3053	2799
2262	723
9593	7472
1864	660
733	188
3529	7976
1825	3137
1522	2670
5894	7323
4118	7753
2885	458
8000	8652
7462	2087
1572	9094
4339	7445
2033	2683
9369	411
5545	5244
362	6921
9221	1257
2080	2823
2969	4721
1691	8911
8669	6606
6427	2534
4443	5896
806	4671
7763	5748
5957	821
695	3516
689	113
1351	2261
6336	1688
5368	8075
5370	4520
423	2557
2506	6507
5804	4935
6498	2590
8322	8869
1650	9610
8234	6687
8892	2818
4055	6844
3761	8040
825	8807
168	9059
866	3582
6593	7424
9265	8441
3997	7716
7342	8313
6263	6948
7904	3699
5706	6748
4612	2895
1801	4128
4425	2214
3797	7670
9228	8753
4487	4663
896	9156
3854	3069
6591	6898
603	5874
8920	9569
7036	4786
5832	910
7140	2804
33	7077
8507	8122
1838	7011
8785	4478
4129	5024
4566	7043
4101	366
8891	5347
760	4284
7187	7817
6870	6078
7493	5452
3898	1697
2176	1537
1194	3408
1912	38
4177	6156
9444	6257
5373	471
3192	638
794	5075
1232	7619
6871	9162
1494	2690
1143	3730
4798	3072
3622	5576
392	9140
355	2584
6263	6880
6692	1100
1889	5267
7801	3675
1439	1836
2651	2589
9061	35
1960	5855
740	8925
2744	4103
1673	4813
1209	6975
7210	2195
9174	5219
6172	2875
8456	8239
7161	4096
3073	8841
2212	9600
6469	9812
9174	2792
4279	5375
4680	4314
1058	8038
4846	8834
1001	2171
9356	4898
7422	3841
8799	949
731	2022
9863	7981
8473	5244
9727	7261
2758	5569
5349	1097
8251	9775
8477	2468
7693	3770
6916	5317
7861	3630
1766	8343
3524	8362
4493	425
8238	1103
9632	8816
1259	5254
223	5078
3725	93
4043	377
956	1669
2353	8686
6093	9344
6331	769
9816	944
5566	7865
9489	4932
5425	6193
9419	1701
8435	4861
8672	9788
554	7009
3833	4228
1602	2663
4669	3269
6419	6634
5275	9550
7129	4691
5875	8179
7660	8160
8432	9264
7683	1843
6262	5871
4924	250
3460	9512
3298	1809
6493	6735
6101	5393
6081	2114
6879	4207
867	2035
8807	2681
286	8709
4903	2199
6109	271
6797	8323
9261	5381
3515	1368
3631	4019
8171	9669
8826	8013
8501	9978
6226	5530
9004	5986
2065	8169
4451	984
6281	8142
5839	3291
5488	893
5781	9929
902	5854
4040	6644
3685	1211
4092	7231
5960	7735
305	7447
868	7806
921	7617
9034	8713
6071	5324
6049	3470
9840	2185
9992	6248
6051	6240
833	8267
6739	3023
4455	2826
9465	9097
9084	5648
9730	5590
4957	9249
9814	9984
5958	8086
2800	3831
1265	5973
9517	3662
4385	3600
616	1278
5776	836
2771	9226
1049	5456
4023	8983
9319	4809
97	7139
3141	3384
4931	1867
5535	1293
949	7645
7649	8814
5175	8601
5131	3074
9234	5086
2391	479
5313	8764
9123	1374
7131	4337
6841	1276
1477	760
4766	709
98	502
4373	7542
8894	9670
3999	6830
9467	9846
2788	5652
6916	9854
3874	5601
8669	5485
3477	7189
9160	9111
8127	1502
7459	572
3807	6481
8322	4174
3169	7018
6250	7296
2153	2663
6568	3517
6055	255
5443	8901
8177	844
6734	9524
267	9779
1293	4145
7825	4853
9281	5668
6542	1922
2446	1460
5558	5224
1663	4052
2444	6132
3298	5294
3350	5687
6083	6158
3087	28
9446	5752
4631	8033
4270	7088
6350	2316
4011	8540
3952	2417
8057	8070
84	3369
9027	8813
3645	7147
9757	4481
8523	1633
3406	8061
8562	5760
9385	6172
8682	2104
9766	4639
4987	4434
2378	7110
1847	6979
8967	9828
5824	8026
1518	1851
4675	6235
1193	4081
5624	2005
9393	3752
881	6818
1371	3709
8395	4030
2451	9706
587	8876
8468	8994
8384	5793
5057	8097
6033	7921
3015	4917
9251	7585
2072	7145
2062	8430
4796	6697
5433	6839
3646	962
1805	506
9688	2872
2113	8782
7400	7151
6276	8420
1899	8707
4760	4985
4489	5963
7226	1360
7528	1855
9948	4515
5514	4074
1683	537
4678	2837
5943	1991
2630	6376
345	4014
2199	6474
2552	7554
1641	8723
3594	2845
9968	104
644	4641
5107	2069
3421	6384
329	145
9810	9337
3282	5067
9965	4901
5093	7824
3737	5818
8061	2040
2323	1404
2060	5618
4244	5576
7035	199
1576	5346
1385	5484
4370	7536
6649	4497
8885	2597
8887	6736
5891	134
6471	9465
3287	2514
3185	640
1173	3779
3665	9319
4283	9415
2125	3627
4332	4496
1627	4776
5654	4479
6638	2848
4919	8355
9809	450
5622	5753
2652	5542
4629	3886
5896	9803
7663	9006
9408	8985
7985	5274
673	5959
6509	4529
8005	9970
7900	3184
754	4110
6669	8558
3831	3518
2184	7428
2115	6124
2218	4537
3284	4650
401	3672
4343	4288
7822	3465
9462	4778
6865	884
1069	6105
8627	7176
2442	6095
2978	1103
143	2120
3668	1835
2264	5929
2744	1074
7088	6794
5494	796
3907	5229
6260	7868
9306	6804
4020	3577
4527	3639
5779	3748
5445	1824
8299	9050
329	7753
2927	4843
6506	7769
8059	359
416	3511
5670	2981
3140	9801
993	6257
4124	6095
3517	6217
1660	3859
8402	6223
3286	8216
7837	1623
1122	3864
3655	7029
5289	715
8002	6842
1608	1669
7196	2936
2691	3961
3477	137
1189	931
5677	182
1939	9149
6896	6017
1328	279
1025	5413
1208	9879
868	4259
6790	1128
6300	8566
8401	5510
9670	7205
1136	2811
5725	4882
9185	3548
7702	588
3183	7590
5245	6973
9945	4102
4271	7197
4493	5890
627	6869
4951	274
2721	2260
808	8707
4673	3476
946	6186
1156	7525
3312	9197
