500	249901
6469	731
383	61
2140	2272
7206	3283
8091	1644
3227	4771
1341	9313
9307	2330
4635	8091
1206	9113
1750	9160
8574	8517
5395	9050
3441	3058
5121	611
725	5608
8405	527
2180	8606
6325	6645
2296	6736
1082	7941
7707	8763
1042	4292
9447	7513
8316	9163
2744	8782
3497	7682
6020	2512
6025	6896
6133	659
2431	900
1055	2454
9853	1755
2375	5338
5707	8019
6153	1385
5605	2226
7928	8632
8319	8428
4835	3273
3210	125
3632	1636
3695	5091
5219	3045
8303	9332
9561	872
4221	1260
2677	1488
1846	6414
3101	812
5277	4309
1321	8600
5480	5467
7250	7637
5439	177
5615	8168
2206	4994
9340	9147
3130	9505
6978	648
972	2857
1991	7526
891	3712
2353	778
6994	4369
9289	7410
7032	9077
9604	7907
5637	6777
6839	5298
5533	559
5939	68
1462	692
7924	6808
8357	4103
8275	2761
7317	1712
6450	9570
475	173
1067	4689
6048	1288
2112	26
8158	4372
991	1860
2161	6832
409	491
4759	4660
9202	7999
8781	7418
8408	9475
3921	7886
7871	4427
2153	4140
2496	5326
6988	9028
2505	1726
3142	6339
7260	5918
8451	9032
7333	5785
8591	4092
7242	9448
3666	1767
9628	5200
3468	2923
6545	8081
3536	7676
4867	990
7381	7614
3291	4337
4791	6309
8332	846
4614	7281
568	634
6805	3505
2838	1301
9684	6073
5466	9284
3454	390
2837	4863
3260	7411
6832	5554
1274	5030
511	9824
5415	9768
5217	9423
2080	8788
5745	2565
3545	5202
650	5640
4112	2800
9375	6604
1952	1780
52	3279
9680	3339
6319	7691
2231	9185
7912	3984
3907	6806
222	2679
8089	3372
1855	1422
7851	9944
4043	5201
6736	4249
6957	9393
5432	3076
8438	9954
6709	1547
7991	6254
2299	8230
4590	3030
8817	688
5365	7043
7024	3494
1934	1883
4027	80
3970	6886
5663	464
7125	6853
2534	3914
9760	4921
3131	1099
6014	7214
3710	8055
5345	9254
3121	6463
2239	6065
1562	3394
2175	8118
2116	6854
3606	6578
5663	7858
1231	7791
3746	5049
6872	851
4627	8635
9027	4122
5266	2826
7568	5213
1989	947
4858	7386
537	7426
1465	8472
710	2821
9474	6338
5577	5668
56	8961
9583	310
8521	1255
7532	1496
4535	4423
4397	2
2712	9775
7328	2964
6797	6420
6113	719
421	9838
9657	106
7929	2046
3433	7668
3617	3854
3464	8841
7168	6139
5156	9605
8641	7881
6656	8449
126	1894
7581	6691
3312	7164
9967	5446
8846	2128
1237	5680
9671	4175
6176	2233
2367	663
3143	4360
853	5870
7283	502
5363	7480
3956	3777
8169	7007
4006	792
7289	944
9047	5736
2882	4673
5146	8917
2805	9480
8090	5282
1520	5244
9978	86
4895	9996
7146	4291
8589	672
9982	4286
2836	8511
9723	9432
224	6114
5492	7382
577	4913
5328	4335
3148	4131
9676	5748
7857	4543
4864	6081
9740	827
9520	858
5996	5511
4497	4323
1994	729
4611	6821
8464	436
9921	337
7288	6529
6849	7979
6239	1540
2690	7505
1736	2892
5730	637
9165	6275
5194	145
3821	5581
6537	3584
8851	5793
8985	267
7127	1575
6215	8202
3167	3734
9156	2419
6955	4058
7199	7674
5350	4978
1665	1543
7961	6659
5256	5963
4875	4682
9591	3645
9863	5973
293	7050
9093	3273
6236	4718
5139	8905
7547	8275
731	9831
3539	6962
3018	2498
3965	2497
4147	6221
4917	2240
2793	862
4067	2145
3916	4057
3056	2005
3829	3634
9794	6435
9581	1111
8556	5301
1126	6586
9483	6397
7075	2938
178	6040
9611	6872
892	3582
9840	5017
6356	4086
6166	4847
5922	4715
5705	9586
8435	3070
6841	6379
4375	6194
3665	2533
6338	9333
5004	6684
4220	9346
23	4672
3882	1920
8562	114
4164	7419
5083	9180
8958	5240
9605	6030
5739	3139
7981	7108
8155	6382
8195	8616
8102	49
2972	7521
2370	4516
5882	1783
4673	4949
5187	7395
1009	2196
9369	4468
3610	9059
7020	4129
3259	1957
1919	6826
6245	2068
2291	9148
8680	3091
6911	6141
7492	737
7216	9722
5476	5813
6664	2692
7045	9776
7940	1803
2175	9627
5975	5009
6949	842
5690	8550
9565	7681
3559	2580
4856	6196
4848	1977
6545	6878
849	6158
8886	2316
4737	3586
6688	6410
6336	5448
4315	6826
2345	1197
6940	9038
4291	9119
8077	8698
3060	8795
681	219
8296	6844
9245	4050
9190	6834
8423	5367
4721	9917
8667	7423
8280	3797
214	9384
194	2563
6177	8789
9191	3266
9199	429
3345	9753
6579	5396
2010	4826
3320	2985
9007	8238
1609	510
5896	6122
5319	127
5343	8158
2710	550
4432	6890
8413	3271
3431	969
5740	1840
2587	1052
5978	4277
2810	3336
9764	3809
7842	834
660	4928
2034	8169
1590	3091
1631	4705
9242	6852
905	3078
5441	4083
4714	1899
9965	3012
5944	8037
2944	2294
535	9439
5262	6051
2457	2261
4697	3550
6222	770
230	8611
6513	656
2302	8610
7618	4006
5543	9962
5396	4646
5609	5938
1548	4416
1471	4806
2432	9417
292	9437
6045	6604
4504	2929
6710	4881
6499	6889
3093	6039
2074	1777
6749	8222
2293	707
680	901
7218	4032
4746	6503
311	830
6523	7653
8053	2308
5892	7977
5125	7834
9130	2033
3409	2161
6609	3405
7159	4569
5817	384
5122	8595
8882	3382
9408	4522
8514	9837
5324	5253
9412	9377
1283	4778
1356	6126
1407	588
3876	665
8419	9222
9955	7798
5269	8152
6938	5402
926	5093
789	5017
3686	9276
227	6733
1081	3058
4379	4378
10000	432
8555	7864
1886	7485
9723	7243
6150	954
7812	7699
385	8864
6573	8367
8135	889
4024	9367
229	4543
6713	8736
3755	2182
8713	3575
7122	7065
3300	6542
6018	4532
3677	905
9803	3034
3791	3471
4928	923
5339	7917
4650	5256
758	8243
1525	9129
108	96
5840	2800
2097	1385
1261	5612
6774	9999
1294	8897
7735	9967
