500	624782
2188	4643
7368	9035
1921	4300
4183	5477
9802	7275
5305	839
6309	8530
8167	4800
9340	6988
3535	6600
2271	7681
3408	4379
2473	3952
3241	6653
2840	1492
2975	4429
8701	6145
8096	5707
206	4949
6673	105
4615	247
9118	2066
8394	8022
2021	7452
9519	2988
6688	4056
9075	1637
2565	3851
4552	4053
887	7403
5399	796
3717	7538
6066	3616
9337	5031
2119	9599
8764	2689
6803	8484
140	8472
6182	6393
750	3806
4768	3310
8410	9776
6691	9433
2375	940
7389	7917
8565	4687
2903	7288
1062	75
7215	6904
3515	532
1323	1593
4917	8692
3954	1096
2356	4770
6197	2928
9927	9323
2062	9410
5267	3949
4076	8493
8071	378
716	2136
2218	1596
9230	9778
994	5550
7685	9660
8298	5520
6388	615
9781	3780
5359	9570
9669	2479
6108	17
9002	6665
8425	8608
4774	2430
297	4546
2508	6888
9725	2069
9799	1151
141	718
7548	558
2180	7185
598	2818
9467	5980
1374	4566
8930	4469
4758	7388
9666	2495
6116	358
3759	3999
4409	6401
7964	8434
9083	1129
713	5814
1163	2164
495	9028
1032	5252
7933	4101
9340	6717
5689	5612
2317	1680
6970	2127
6761	4858
2261	969
3955	9365
9868	2266
5157	1015
3124	8224
9406	2951
5168	841
3002	4607
1925	3402
5811	2296
9956	3462
4086	3667
6547	7178
344	6831
8922	9389
8245	2177
8779	743
136	1579
297	8287
6485	7515
8202	8178
3819	1124
1464	3673
967	6421
7182	7729
9167	1897
8065	2030
7106	5627
3329	7279
7823	6329
5871	2082
9783	5868
8610	7583
6122	3195
9687	8507
7406	8663
6779	5777
9938	88
9835	9191
4640	6255
8678	6170
6087	6418
6846	4413
323	6153
1637	6473
9382	8686
6786	7950
7259	6246
9927	655
3954	6359
735	328
7395	8500
1238	229
4905	8085
1305	6592
2065	547
2047	7111
3712	1428
3242	8217
5654	5938
9196	4942
7876	5944
3706	4301
2233	4114
9965	3649
1326	3312
1792	4028
5049	9523
2012	9248
7557	3800
8649	5595
1213	8782
5050	3747
8901	380
3218	4856
6138	2283
3405	3328
596	638
7206	8007
7719	8670
6312	100
1351	6181
5301	8452
6207	8115
5043	7170
8605	8382
2046	7391
6160	6999
7707	9136
7627	143
2014	7000
1954	1333
3136	9380
383	2350
8879	6145
4758	3902
706	5403
1144	5573
3338	2549
2377	2175
6408	6692
5437	9639
383	3119
9008	9279
9564	5427
2968	5957
7403	8250
5692	1269
9508	5677
9077	886
1735	6737
7311	2938
3659	7714
3710	2710
571	4006
5940	1635
8607	862
2364	9350
5082	3991
4858	5898
9193	8079
928	6587
3535	8636
2526	3130
6820	2834
4967	2773
8574	7272
4681	5968
1455	1082
4768	6551
3308	6606
1153	2494
592	815
1198	8038
4931	5848
141	7698
6655	8960
6636	4967
729	1123
9367	6205
1847	9901
4779	3782
8626	9985
6864	573
6037	6176
9358	2571
1293	2707
7275	4555
2783	92
1353	2794
2565	542
826	856
8368	6270
9006	601
4577	6629
4419	3176
4111	6900
5150	6637
3891	873
6130	192
8046	5533
1444	3046
9679	2927
6230	1311
392	9075
8500	8218
2601	221
1707	3595
2720	8146
562	1004
9163	892
9128	3167
6748	8594
99	9480
5026	331
4951	1072
9334	1657
5606	7509
4897	1792
7419	9832
5911	412
4979	7243
5751	6366
2331	8179
2605	5629
2701	7922
9705	9075
8711	7346
2937	7293
3321	6324
3868	2578
3919	2127
1337	8580
3260	178
1809	1480
4002	6528
2163	2547
2122	6847
9618	8035
1705	8380
4081	7021
5203	6934
1837	9990
8600	6263
6971	5508
2125	9331
1793	3584
5427	8432
8539	6883
608	2764
2983	909
1934	2111
8936	5366
1861	7090
768	6610
5088	9342
850	6722
6881	1931
2628	645
3203	3300
1842	3766
2828	5125
5286	5171
8690	2985
6273	5276
4523	2242
8741	974
7907	769
5144	6782
3606	5145
5509	6392
9455	4747
3520	4844
5338	2606
670	3120
9191	9290
8637	1964
2100	4867
2273	341
2252	4156
9212	7018
9377	7941
3811	9824
5667	7135
2016	3442
9904	6640
4198	5541
9552	2276
2951	8137
3422	4600
3249	1940
4242	6195
5480	5745
9254	7161
2453	3979
2962	5495
7155	624
2776	2055
8284	3498
3234	2572
2051	7331
823	3371
6926	5630
7501	1170
2337	7439
4786	8467
3815	3063
5278	4730
2487	3266
978	3109
5434	6189
5161	4538
1429	192
5740	2470
5452	6113
4022	1270
6826	7971
1415	8778
7799	6593
4043	3472
2409	9094
6555	3993
3347	9292
1189	781
5771	6424
7724	8751
9960	7465
8670	7600
6677	2402
3875	7797
3845	7976
3810	3115
1270	1204
7835	8188
431	2936
2602	7907
5981	501
3305	8330
6296	5343
7498	8533
2134	2849
6873	9773
944	1287
3635	3504
2395	8075
3764	4745
1892	1471
6625	6220
1117	9056
8633	8538
2365	2664
7340	48
6103	4694
525	9225
7340	4603
1337	9944
7727	2395
7897	8173
6015	1395
2540	2997
1813	9564
2447	9241
8874	5812
3785	5240
8119	3233
7507	3009
8096	1451
2330	1272
384	2886
5717	7738
3726	6722
1002	3015
7483	5310
5910	6771
5161	2037
2017	3932
6408	1895
5249	6547
707	2731
5072	5965
5211	8378
6914	777
2425	5508
7773	8443
3534	7258
9978	4784
3139	1282
9895	4537
6219	6034
7605	5231
5312	7441
7396	919
4602	7214
6	8371
1766	9171
4016	8778
6831	8292
788	4423
6344	2889
8554	1997
7536	4561
7002	5927
9054	5712
3955	9377
4745	8668
953	4000
8143	7551
7856	1990
3390	9437
8071	3416
5658	8003
5723	9036
6560	754
3853	1197
7791	8053
920	7435
5262	820
123	9029
6219	7219
1968	9149
9324	4386
3986	2236
7994	6845
8764	4899
2887	1494
9335	2156
150	1072
3094	8417
5912	665
7711	2771
2235	5875
8677	6131
4660	3338
4545	6918
9662	8441
5614	1276
9219	9248
8637	5614
