500	611841
5776	4497
8060	4374
3404	8536
9738	7716
9235	1266
2030	8313
3749	1132
9058	5668
2140	8453
1577	8153
5472	6019
2566	5293
285	2503
1058	2312
1555	6772
2526	547
5786	9422
1466	7396
6873	1790
9708	3714
3159	2619
8123	1569
6726	1277
1314	2939
9855	3967
7927	5760
4524	8958
6031	8818
1178	3730
5017	8725
5525	2719
3857	5221
8287	6340
4619	8230
3624	2600
3425	8670
2092	2825
9346	6434
822	7830
7451	8808
2064	4541
320	1493
8571	5443
6788	2546
6947	4510
5147	832
6098	8921
1030	9482
5803	4687
2765	1833
2752	2396
8182	9967
9533	5407
7148	7084
3028	3377
7518	580
9102	9588
3162	5488
9907	4123
1074	7703
3674	4879
9816	9451
3139	2239
3275	7318
4290	5430
618	8389
5307	3740
134	7474
1626	7061
2363	4036
2783	1228
3067	3363
4424	5439
151	9210
894	6997
6983	2444
7782	5206
3600	1284
9668	6543
4449	6550
2664	8566
3969	5670
3913	1596
7870	1349
2158	9637
1386	5808
2436	5626
6798	8108
2851	7774
8793	1054
5416	6871
1134	1551
5142	5961
2804	3895
4561	684
7786	3629
5026	6254
2430	2705
5901	2966
8357	2904
1079	1014
6998	5897
9137	4477
2874	1818
6440	9967
1088	3991
5775	4790
4243	9128
5162	1091
611	4129
491	5706
188	3260
8708	9300
8045	3568
6125	7028
2742	3046
6499	871
1469	9959
1684	1241
3344	1670
2164	8350
8575	9693
5494	1428
8759	2659
6822	2924
2527	50
1435	7614
1072	3445
4698	1684
559	6654
2237	1272
1096	577
4324	4805
8277	3701
5100	4399
9189	6726
7232	1767
7255	9323
7582	2296
7962	462
8052	728
7474	2907
780	8138
7522	1443
398	7447
6790	6432
7309	3455
9322	4270
4190	8609
5407	552
2155	7187
9471	8103
4044	9356
3522	6283
2817	3704
9488	4531
1489	591
4401	1033
5997	3957
317	3124
5723	7627
9090	4691
194	5064
941	1632
2105	2205
6171	8401
4535	7483
1268	6999
1222	6147
8772	1657
7631	156
4572	7463
5071	6199
7895	1190
13	7001
2583	5934
2032	7308
7679	6691
8571	4146
4459	2434
361	1483
6109	5768
1494	8518
6386	2
6565	752
5265	9404
9101	6839
8884	6657
1522	9692
4382	3371
3301	7089
2552	4960
7296	4977
9787	8561
9818	1073
8532	3324
1484	5845
3274	8482
8691	8927
3631	6442
6001	544
7207	8306
2712	822
1140	5587
2743	1921
1194	795
2229	1783
8747	9248
2114	4656
29	4231
553	4172
8741	7771
1304	1192
1901	275
4297	3368
5078	4649
4160	8491
641	4534
7509	788
9854	7922
855	4666
3597	1924
7238	4600
6774	6966
7820	535
3533	7283
141	2950
3111	3058
8752	3302
1634	7233
4639	5527
2571	2877
6876	4187
7658	5297
1004	9610
1551	9370
3961	553
9814	6558
8975	7699
9083	3515
8111	6310
4637	1375
9465	5305
4268	3652
5675	325
1278	173
2525	1429
8621	1968
586	7105
4234	9922
1143	6861
8223	5912
5949	7654
5586	4158
716	2504
5346	9529
6509	4866
1510	3159
6208	123
1345	780
7039	8761
1784	4120
9309	3754
7243	4663
1132	9681
5800	7159
4645	1614
3287	7190
7328	1062
4159	6498
4710	1124
9553	7917
9433	5986
3834	6115
2225	8542
5965	7527
1205	1502
3673	8026
4158	1833
6184	8986
7102	8852
9114	9515
1627	9447
5008	4196
1776	2698
1968	8800
9686	6130
4297	3196
4989	9563
5391	9007
1622	4663
1595	4253
8892	7146
3847	3857
5185	995
8523	5904
8946	3998
5919	8609
4493	4746
7505	2198
1741	824
9633	7955
7139	5201
2760	1697
1733	4911
9969	447
6069	5291
412	9174
159	9250
3905	145
5151	4481
3644	2956
1170	5061
2239	3374
4010	757
5310	217
7229	8959
9437	9964
3646	816
6966	4554
4833	9802
6957	3742
3070	5852
4667	4982
8921	2508
6502	8945
1112	7129
953	8228
9732	985
4172	4563
162	4585
6211	7160
9403	3600
2327	110
5884	7060
9760	2096
8108	6147
3392	5164
4012	8223
6586	7797
7767	2918
9814	1913
3182	4306
9	4393
8340	9415
6957	3791
4595	932
7320	7949
5243	6447
3953	8492
9128	2028
4523	807
6305	1092
2596	4332
773	7823
3259	1349
3691	4991
2495	2736
1632	3623
5966	9438
8001	2793
8910	4382
4740	6287
804	6184
6063	3815
1828	5481
2771	5181
7980	7724
4547	3214
3338	1818
3214	1367
742	8766
1231	2233
6232	4369
1150	4203
6826	4656
8843	9384
9752	3948
172	6878
5307	5489
4673	5625
4932	6265
3226	6878
2982	9130
3167	9367
56	1209
5141	431
8635	7513
8212	2167
1855	8931
4335	1859
9562	9509
8730	6444
5208	3588
2914	3549
3657	710
5227	7787
219	7658
6958	3524
5232	3447
4411	6570
8389	6309
5785	31
1132	179
761	5178
9472	2165
9548	3587
7804	9828
8675	9412
453	5855
7588	631
6537	2665
2864	3961
1025	9010
7850	9771
5925	595
1287	4265
5976	2307
3154	9891
3391	8436
4613	239
1041	9832
9488	2308
6787	1702
2925	6094
309	5676
1253	2196
223	8954
2096	2254
8700	7824
6699	6770
8426	5963
5667	270
6939	9918
9403	6634
7044	4905
6348	7184
4186	176
5070	2582
1861	4764
1977	2004
8704	6187
3856	377
9927	6846
6294	4893
2572	4873
9516	474
8094	3922
27	3671
2386	1320
3566	325
7197	4793
9905	1569
2060	3794
768	6036
4763	180
9655	2861
7512	2244
3359	5558
7148	2316
7949	5382
5601	5269
1531	7685
3967	907
9040	2466
7299	2470
8759	9027
9257	7944
6966	7315
6749	3481
7925	4924
9753	5204
2755	9710
4388	360
6315	5171
2482	474
537	8015
9074	4105
6889	8677
3968	9070
3787	7527
9976	1074
8007	8738
7344	9300
2490	7049
4405	7458
101	6693
1745	6050
3178	7207
8565	6381
831	747
3662	3223
9771	1223
5838	3757
6859	1802
4693	1271
6451	8353
2120	8802
8358	7591
2152	6343
