500	1199910
3848	1790
2191	8773
8047	2285
817	4705
4632	1534
3027	6176
4556	3504
6541	4213
5809	4054
5936	1560
8228	8641
1755	5569
9298	2220
7055	8292
4076	6963
3622	3677
8204	4770
7892	9918
5524	7156
1501	3281
8958	5891
2045	1782
2304	6203
4742	4278
1548	1354
3971	1073
5734	3157
4496	843
6017	8108
2387	4733
9395	6712
125	4601
1200	6672
4739	5850
7279	3317
8882	1819
8158	1450
9033	107
6223	9121
5961	1877
204	2462
1315	7594
4084	7940
6742	1847
4134	6749
2361	3289
1686	902
5426	8907
1699	9069
5040	6263
9364	9529
1145	526
6393	344
2952	9706
5694	8971
5855	1479
5488	5387
4905	608
1005	4920
6617	6072
3775	8326
8279	2486
8101	2133
1763	4488
7300	6343
4679	1709
5932	4806
1243	6460
759	429
396	4071
5575	5027
439	3467
6001	8008
683	5015
3843	8198
9603	8390
4034	9173
1393	4770
3003	4736
6485	7772
1370	8288
5010	1685
7211	4248
1415	8652
7769	1703
7828	2749
8367	6508
1747	973
1233	5811
6886	9338
6841	1741
5681	494
533	9826
1960	204
1078	4391
5895	5924
7985	8393
4346	123
2435	205
8517	5939
1114	260
711	7676
6312	1616
2862	1892
8820	233
7151	9390
8088	5968
8631	8727
7302	1887
3901	6531
3117	2106
950	7911
2896	3651
9203	6629
6409	3127
2445	8789
9422	2034
2964	5415
9301	7999
8822	6334
3308	1908
3612	3688
5973	5070
8278	5311
8809	8593
9829	8217
7524	654
2904	7190
1752	4071
9023	9254
2661	1038
4495	6212
1411	6088
144	5889
3410	3465
5055	4566
7442	8017
5277	8898
5328	3217
5419	8135
5936	8507
2431	5205
9182	9508
2972	3827
256	741
4681	1990
1322	2523
2385	1704
8271	7998
6260	3177
7707	5257
9910	1303
9350	7628
9822	623
6875	1051
498	9888
1137	4490
4117	8572
4104	8265
350	438
1321	2462
13	4675
3800	819
6768	2679
3710	7465
8935	4967
6612	342
2307	468
7840	1465
2433	9998
9809	6943
3132	1916
7360	9374
7567	321
4057	1660
1693	8961
5959	4422
9248	8594
8616	5206
970	9048
3416	973
3183	3327
9171	597
5314	2489
930	5262
3853	3607
987	8739
1053	4546
4130	6745
8579	3118
8487	1881
5377	8158
325	195
1394	2038
1802	2059
8751	7293
2229	8275
751	3623
7916	8179
602	2233
1106	8894
6430	8501
9577	6848
3858	7521
9431	5958
8145	5468
5316	367
5984	9202
1170	5900
8311	1390
3565	9685
5954	4039
4434	1667
5977	4519
4846	8751
2714	318
3218	7069
9272	89
2684	9857
5583	5740
4288	660
6538	7854
1329	4891
6532	1694
6940	5332
6841	2339
7775	1446
529	5289
9717	9743
6750	5261
8995	9369
7107	5435
7780	4474
1220	161
3763	5932
2061	9518
2833	1729
6635	2920
4010	8372
8022	9944
3942	4803
9127	8142
1466	2070
6072	3866
5890	7546
1229	9031
9608	7581
6071	5053
10000	9546
916	8499
9149	5163
3596	3843
3001	6273
6523	1542
8495	776
1817	2443
7512	3438
16	3870
7198	5489
8558	3697
7159	8776
8727	1322
9530	2353
4155	7653
1420	2006
1512	3017
7484	3042
5304	1080
8026	9875
5066	7932
4151	3951
3748	1078
4669	1957
7084	43
6423	5412
2717	2755
3516	9247
1494	2237
2309	3412
7972	1973
260	8214
6375	2335
6242	6536
1741	4133
8530	793
935	9657
6229	6546
9887	6031
8819	8769
9498	4859
8337	6174
5396	6131
9759	8071
3102	2324
9720	280
5198	1010
8038	4436
5398	8894
7878	3599
9793	1025
2627	6697
9666	4384
3912	4380
8992	5143
4248	4171
3656	1431
8961	2559
4271	8388
8465	4693
9942	7555
945	7241
1387	585
657	4463
791	1239
4652	1113
3383	900
790	6183
4567	8743
7290	5394
6388	3017
4440	2877
2457	9064
1614	2955
6682	3857
4222	1471
9723	7747
3757	4538
1601	7281
2586	4726
889	6570
1210	8144
8592	4431
8576	6496
6782	6493
7716	911
5636	7569
5051	4120
193	122
6470	5164
8497	2501
8192	7470
6579	6157
8850	9918
4322	3364
5293	8450
34	3581
172	4085
6238	4183
619	7292
1527	5333
2955	8809
3046	2256
2754	7078
946	9604
6384	3035
2202	5863
8536	2982
6790	7120
1867	7937
3290	8941
2769	858
9741	2565
4509	9145
7899	5641
144	6058
2143	7732
3687	8827
2159	1960
9337	8131
1808	2404
8362	364
4539	7830
4455	1350
5909	1593
2124	9571
3707	910
8062	5374
6261	6258
4480	3902
3706	7183
1767	2275
4828	6603
2242	4522
571	1746
1555	9904
6972	8853
3965	3426
5417	6390
6678	1332
1285	4417
9460	9954
9396	6991
8684	4067
2680	5010
8935	3916
2418	5830
9799	9103
2756	7066
6952	7742
3952	3419
122	8710
5544	5411
8893	4715
7594	4967
2949	7102
9347	2528
394	9021
8115	3384
6766	8042
806	2061
6554	7632
1484	455
5943	3033
3462	7472
3948	3041
5726	2317
6714	8090
6229	8272
641	769
6943	1550
9520	8496
7054	1943
6653	7330
6525	2561
6771	4410
2714	728
963	8010
275	224
7222	7415
5366	3173
5846	3801
7631	1772
118	9666
7208	587
3177	2729
2367	6489
850	2043
8713	8846
6266	586
6383	7641
1443	836
736	2679
2014	3365
9138	3794
6064	3864
1704	2200
298	3462
7492	2291
9329	9871
9273	5517
5874	6579
7370	111
1589	1198
4997	6124
5587	3623
1365	6904
4779	2506
9051	6888
320	7585
5836	9971
4958	6251
7845	3792
4010	5475
9401	1117
6415	1678
2930	3252
4192	4310
1686	4961
5971	5407
8604	8430
3273	2430
2564	5947
9387	9845
7243	4348
6718	3670
8318	2035
7122	67
1230	6572
6059	2269
4745	577
4477	8469
953	1945
324	1834
7629	3542
3816	585
1079	2964
7957	9865
253	151
6732	4712
5999	2269
6949	2996
5928	3082
1677	1455
2332	9069
3769	3885
8716	5730
9048	2074
6078	4100
3988	2653
8249	5798
