500	628011
4334	7160
5610	5401
4488	9851
9678	541
9928	8324
1409	6844
9078	1884
5100	2160
8397	8368
5095	2199
9057	7837
7337	3244
3517	7497
5367	7159
2102	5016
8017	2173
4030	656
1759	200
4120	8329
2899	1311
1919	4600
9731	314
1302	3148
2260	1188
8074	8387
9339	5946
6235	3745
9008	3587
5807	929
780	9841
5000	8040
5594	4132
1558	8624
5242	4930
2400	6818
3680	8353
1094	2109
6918	9254
5463	1257
8378	741
3818	705
9411	4250
7453	1057
6841	6957
3712	278
6070	5149
3314	7631
7075	3732
3272	6954
329	2213
8683	4050
7269	6721
40	3083
447	3777
7735	9420
2273	2914
1746	2077
4140	2116
1203	6068
9854	6481
1488	213
2380	9895
4095	1541
7278	135
1999	4883
9930	190
5181	192
1916	2477
1403	9932
915	9569
3616	547
1014	7295
2577	2433
5386	8043
4425	5058
8775	5774
3636	8578
3349	1891
2643	6518
4848	7409
5984	889
9656	9291
4598	7553
7328	5029
1004	6622
6291	5250
512	3800
8069	3178
4020	8477
6215	627
6967	6016
613	449
8493	5372
6442	9870
7977	9954
764	5662
8827	572
1676	4201
9176	2147
3027	9564
4594	9147
6946	9704
2244	3640
8929	6618
9564	6996
397	3807
3591	9358
8097	7925
1857	4572
4061	8943
4263	1848
6039	1817
3311	8119
8430	9575
4908	3420
7671	3739
9196	5798
2890	3287
2479	8025
1321	620
2430	1613
8378	2513
5212	9999
2143	8647
9121	7057
6908	5713
9186	1637
2444	2198
4583	6137
2273	4066
6189	2107
7746	9757
2539	5947
9534	1596
7461	9562
8620	1507
8816	149
6984	4039
7579	572
4176	26
8152	7487
4870	3140
506	2654
5566	8112
8021	4342
3123	9441
4401	9350
4189	3882
8955	6192
1391	2565
3979	7141
6133	4467
3178	4991
7482	6557
6806	7662
6183	3915
4878	6642
9270	543
1247	4089
2515	5903
1129	719
5236	6697
1028	7924
9783	4905
4499	8806
8847	9787
5246	7457
7911	6872
1981	5125
879	4710
8048	4380
9892	7276
449	5526
7447	4548
2186	8954
4304	5537
5962	6523
1454	9594
8579	1064
1866	7048
5482	7646
5287	828
8905	3010
2518	4998
799	9299
8288	6128
8768	4391
9794	9817
2415	9969
700	2003
5109	4928
2803	8407
787	7452
4635	5369
5043	1593
8594	2516
5980	7726
214	4883
3144	7129
9596	5674
8792	3394
5560	7478
2631	6742
1159	7661
731	7240
6407	3552
2735	4077
3440	1297
6979	684
1559	7598
3852	5299
9397	1098
3885	367
2063	2231
9344	3635
51	172
84	6016
6008	1416
5437	9620
6961	4099
9329	802
8796	1605
636	415
4851	2111
8004	9380
3557	1282
1833	8966
7773	1001
1021	5998
3265	7681
9819	4066
6175	6742
3812	3418
3000	1130
2242	6301
4983	1338
413	1690
8284	9548
337	1476
1844	1297
2973	9542
1256	4990
3541	6812
7383	7172
9492	3747
731	9724
2290	88
9353	7967
6500	9254
8339	7647
5527	9435
5596	1038
3833	3181
2965	6684
9345	4408
5411	5715
4007	4452
4408	2062
852	567
9629	979
3748	6476
7539	8428
7475	8120
1091	7434
9873	7323
1925	5225
981	1875
887	6663
2706	2325
6306	8121
3276	886
3759	4529
8365	5858
3926	139
4348	7901
3996	9388
2497	8449
7688	7669
9879	2534
7489	529
6315	5483
8327	1205
9139	5163
1904	9885
3183	7738
9665	6129
6627	2014
3353	6439
4167	5416
811	7178
8458	9629
3454	1425
8547	1735
2970	930
7228	8172
8261	7998
5935	2250
9327	2419
5666	4951
2149	1595
3385	439
4634	5529
7020	6163
1204	6981
9511	1288
9157	5251
2231	5271
7328	743
5293	5427
1373	7148
91	49
9120	7482
8696	371
66	7642
8970	6433
9696	8836
2394	6394
1411	550
685	5035
2332	8616
8405	2490
2671	439
2503	4816
5463	2106
7524	7088
5963	9624
5031	6100
1283	2535
4158	1121
1646	1996
7360	7465
9628	6248
8529	9499
9007	9315
9582	8066
6694	650
9828	9199
2776	9760
1530	717
3336	5155
4964	5585
6757	4440
8378	6386
4796	6115
6545	1632
8031	5451
2843	9032
7586	1103
401	9361
6219	2858
28	2509
1533	8399
9362	742
3147	6099
7307	1671
9578	9906
2228	7762
6920	6772
2324	3808
1564	4585
5356	2081
2916	1481
7118	6287
6136	7569
4536	1989
1809	711
4179	4732
2686	4963
7087	7103
9361	3974
970	1456
5424	8874
3010	3914
9737	7357
2715	3569
7678	4537
5349	337
6071	9570
6505	6721
3936	6609
3340	7473
3988	5506
9346	2997
5567	1708
9039	4847
1684	6712
7088	7039
8985	7157
8412	8099
970	4721
352	8031
2282	6124
7517	6240
7852	9990
4776	6043
9518	1082
7733	1769
791	7552
2912	7885
9816	9671
246	4950
6160	9456
4677	3478
5044	6542
3703	5514
1759	4910
2578	8778
3955	5492
8156	6122
7660	6845
1084	8011
1755	1923
9	2208
9901	9937
659	2665
4066	8684
547	253
1650	4720
2652	2841
2828	5673
3788	9021
1466	8686
7351	4642
6672	7408
1314	889
1217	6923
3919	7330
9981	317
1906	928
9312	1213
5195	2564
427	4296
8406	8683
6237	7957
5347	7294
2564	3095
3522	950
4285	3073
8620	1950
4283	8246
7459	6225
9117	5150
9071	3153
9763	5735
6447	1345
2792	4487
9069	4716
7038	9597
327	1830
9956	4258
2444	672
9511	3058
9962	5143
5068	9199
1664	5152
2530	9540
350	7870
7415	7495
3572	4123
1052	748
9797	1565
3183	9983
3678	6617
383	738
1315	3909
4164	6474
4150	6226
9810	9114
6814	1736
2408	4305
1353	442
6531	8151
5456	4670
4425	4597
9040	1858
8310	8449
4205	1671
7486	312
6639	1586
9092	323
6685	9774
1771	1278
5501	2667
7129	284
7878	2979
2895	4425
6914	4872
4935	9977
4665	8741
3371	9185
5321	2937
4442	7150
8842	3446
2160	8802
5673	6776
7712	9556
5193	1003
2650	4815
301	6245
9829	5781
