500	1214900
5151	4197
5941	3718
2470	6285
8574	1652
9715	1655
4193	1603
6256	3666
7447	6072
7891	4010
3096	7661
4132	6858
6367	6537
2546	8148
4985	9848
3634	369
8442	3087
3468	757
4598	3421
2129	758
7398	74
8196	6471
2055	8275
6043	973
4635	2619
8756	9470
9417	6451
6104	7845
5153	5790
3448	1429
6989	6188
8039	5187
9953	3497
5669	6748
2335	5156
959	7865
6607	7713
5587	9024
3771	9419
5970	1742
8371	6123
386	8995
3762	7732
1124	7167
311	3614
4549	5429
8786	6871
8308	7088
8589	3423
1080	9140
9681	3030
2261	440
3770	47
3080	4398
8007	8908
1998	5072
71	3715
1319	5939
8000	9438
4141	5889
6849	5653
5527	8810
9529	4035
2301	5685
8542	3707
1468	1047
3295	1111
1072	3507
9049	5587
284	6917
1092	6270
6358	5768
2676	2997
8948	4235
7677	615
8233	818
6723	4583
7867	6771
9394	2912
1735	1451
2772	7928
4683	8740
3739	112
6295	3384
2845	551
6197	849
4115	1629
9745	3381
554	152
1950	7081
3290	6118
9387	9481
7270	4833
841	720
5855	9203
687	6301
160	6338
9293	6807
2699	5815
3519	8880
4091	6714
4597	8012
462	5372
8091	8396
2577	4048
3602	4782
2747	4915
8255	2334
3841	7811
5677	5120
9239	3369
6310	9183
8192	6886
3230	5384
8922	2737
5822	4949
6307	8749
4622	3397
6654	953
6681	2333
5045	6983
5611	6788
5813	3039
7674	8488
110	5949
7596	6679
8838	373
673	6767
7836	224
5523	2467
2786	8318
3114	9120
6478	4946
8724	7175
6129	1164
7188	89
9727	322
5355	9649
5188	6812
9651	2424
2595	5771
4695	4075
8978	1774
3877	3969
6064	5532
3387	1507
2902	2241
1335	9007
6461	6888
903	6089
6002	4762
8151	1027
9148	5796
2922	754
6992	1010
1661	1183
1105	4501
6655	4547
9428	5295
3984	2124
2732	8366
2417	6327
7036	3096
3965	709
5730	8201
5346	706
5742	8142
877	3712
2488	1299
4271	2836
8408	553
9163	31
4033	4770
4447	423
8412	4620
1943	7298
2438	4467
3332	8095
2779	1402
8148	4301
4926	9391
8147	2801
8331	4275
2811	4039
3161	73
6835	5545
1267	565
7661	737
2840	4012
8783	701
3160	5446
5363	3612
592	8743
9570	7723
2353	7215
2115	7983
6942	4703
3946	2018
3259	661
3110	7509
8068	4238
3879	2475
6075	8737
3476	2858
4215	6715
4290	791
6681	2102
3627	8904
4908	2734
4490	9349
5113	4930
9653	2378
2647	5935
5022	1125
3037	9819
2161	8753
341	4163
127	5261
4344	8595
5170	2344
2746	3228
6025	3057
3087	1133
9784	5690
5627	1551
5841	9058
8286	2792
3505	1311
1992	2672
8886	63
9014	4938
1157	7488
513	5177
8404	3148
3996	2378
1509	6453
4713	9728
886	8612
4729	9840
2606	1167
7575	9589
6556	1024
6522	491
3703	1800
559	439
7949	5024
8405	6170
1432	5891
1690	2270
449	1659
4079	5955
6886	9582
9446	2120
9438	1855
3259	6827
8653	2775
537	8316
9282	9035
9545	2306
356	968
6684	7436
1864	2419
3291	3271
7353	6346
9676	9017
4320	8617
3088	4277
7772	9914
1500	9169
3426	6815
366	4694
6660	527
3414	3837
1623	3918
2210	8379
4093	2532
2275	334
2828	8668
5671	9085
2215	6472
7470	2165
3049	4006
466	9361
9745	89
2419	6013
4184	9488
1491	6847
1763	6370
7093	665
6229	3413
2736	6236
5967	2462
8222	5849
7174	1641
1718	9349
5963	9016
7222	7378
5882	1988
469	8801
9256	8064
4244	4970
737	7011
2422	4210
3699	6767
3814	3364
2377	6041
4410	1496
9479	2545
9206	4431
6621	9196
687	6721
9765	4687
1021	4366
188	2144
4164	9859
1464	6344
2867	5088
1428	596
2467	3318
1981	5495
1908	2299
4296	7933
8764	3368
8412	1277
508	6975
9139	6127
2410	6118
5050	7895
1562	1757
9739	3575
780	3864
3826	1342
3212	9441
4248	6372
2398	3676
3189	6772
1353	9120
3126	7175
8398	6581
8892	3840
3953	1580
8432	3375
5957	1997
6177	6435
8457	8781
9451	4383
8063	1920
3810	3899
6853	7337
1446	6701
2601	5514
1325	945
3728	5216
5954	1028
9477	821
5656	1187
9451	5382
7493	4384
11	7531
8399	1537
5474	918
6380	9626
5933	2539
1147	4356
9622	1409
9316	4291
5352	6578
7901	1750
1258	5611
7581	9055
2536	1909
2356	622
3806	5972
8523	5336
2944	8745
4787	1474
7478	4119
4352	2950
1671	4014
7385	4604
6445	9009
1993	2511
5823	5349
4491	4023
878	1363
7085	962
2681	454
9313	7729
5017	6265
9862	9766
6302	8691
6387	544
4661	4539
4901	2739
6395	3774
2899	2344
2921	2328
6437	2362
3234	8904
842	4493
1603	3183
562	9853
5971	7730
390	6503
1114	8306
4941	5289
1274	2104
28	6044
3273	1667
8015	4217
6714	8868
2250	6442
4122	3966
1897	9677
3663	1333
6671	3157
6086	7910
4451	1253
6456	1931
9291	8783
46	4831
6766	9932
3152	4994
8138	7033
4677	2926
1397	3208
8474	2910
5601	685
4503	9827
6460	779
2247	1514
2032	6543
6344	2195
6111	5120
2643	9804
774	9920
4836	7925
9122	5457
9733	5663
1124	5800
8575	1457
2831	1199
3974	9690
6251	1647
2124	5142
1512	1735
2715	526
3090	5030
1070	6431
5947	1446
304	1722
7153	9631
9293	4744
5149	9735
8230	7913
4972	9960
6314	9211
1426	2383
1000	7722
178	6759
2886	3492
2350	5643
8058	3776
262	6260
8545	4119
2233	4947
8353	1316
8095	8464
1873	6438
582	8070
5866	3267
5549	8718
7664	7173
573	2642
9611	1030
848	3634
7337	6071
129	3702
5734	9796
4390	3844
1456	3131
4989	4589
8727	7814
2030	1183
6647	8800
5773	2992
8762	5593
5406	2183
3326	6296
4562	5863
3450	8716
3403	4620
9683	3104
6883	2828
5643	7771
417	5164
7940	9648
1652	3930
8348	4356
2771	7575
8780	9371
