500	254245
7966	2221
829	3554
1560	4509
6330	3501
6280	631
3234	5915
7715	1307
5666	1151
702	51
3511	6414
9615	6627
1304	7040
6121	5267
7963	5156
6756	4414
7070	6714
6866	7326
7398	8744
9544	2722
4007	3999
1155	5715
4932	7001
8693	7359
9986	1423
2037	1398
612	9258
1431	8742
4096	9369
923	6835
8652	4164
6374	6180
3339	3851
7374	4557
4616	719
5751	4593
1680	4707
5578	3312
1972	6564
1843	3508
4005	4295
7064	8866
2682	4475
5315	4263
9485	1743
2853	3417
2918	3730
8433	917
3908	5811
263	4718
9067	6014
3373	1644
876	8722
9477	2416
7569	3938
10000	2840
208	9386
7570	3256
8129	8181
8306	4470
8305	2449
9589	6468
1890	9735
1495	5336
3613	6754
2143	550
9872	6710
1612	3095
8915	6977
3907	1842
6290	2652
8496	6118
2000	2153
4640	6736
2620	4882
4299	2443
8021	3422
2149	1775
6944	370
1969	650
9836	2776
741	8283
633	7017
6466	1326
3016	8800
3357	6020
9250	4718
34	7857
3269	7236
9581	1819
8083	556
6185	6048
1319	3281
6283	2081
6514	4437
5422	4013
2287	7591
7546	8029
2407	624
7163	559
5780	6494
1496	7261
4808	3872
1828	3278
2856	9413
4273	3985
672	641
6546	7290
3448	3705
9850	6857
2734	6010
4840	5467
50	6578
2474	5607
5024	4845
2291	2510
979	4115
4727	7100
9868	9955
6593	7390
7027	6688
2542	4414
8074	3312
1309	3410
1886	5706
3607	1119
3515	181
3576	2668
5733	3616
8376	1910
455	4579
1998	1176
9500	7812
1191	7233
4685	5138
5301	9777
8767	1832
9975	7812
2321	5761
9955	4360
1580	6756
4066	4837
9234	8047
7341	7454
4712	2939
9490	4650
1866	5881
1898	4587
5444	4171
1723	2167
9709	7036
7729	9569
165	4737
9660	5296
2037	9604
9969	5225
9318	8768
8389	9338
2514	8008
711	8391
600	7784
7497	7666
4715	5307
795	5059
2364	6405
7616	2783
9881	7446
1249	562
6078	7130
4927	7238
7584	5162
8488	6672
246	543
1201	2962
1885	7624
6118	7359
5020	1651
3608	7018
4622	4039
4399	2160
90	141
7186	7032
6718	5970
2681	1445
9597	3423
4321	655
186	1278
7359	4167
7078	6697
1180	25
2502	3088
8010	2566
6997	3967
6302	6030
9203	330
7246	8730
25	9917
4194	4218
3721	361
2838	6688
242	7873
6170	1378
3451	2410
1656	5436
6486	2955
4468	548
9774	3207
4190	7892
5822	2460
5843	8043
8511	1587
8142	2957
2664	4590
1405	3383
3146	6437
3889	3896
6275	7596
6647	176
6203	9573
9293	7480
227	7556
427	8211
9316	177
6993	3490
8824	4702
2141	3929
6002	2374
1544	4565
9969	264
1343	8942
5785	8128
6339	4147
4505	9594
3340	7031
5273	9715
7968	4796
4510	8871
90	9273
9061	833
6146	3443
4702	2755
9285	8225
7107	4172
5389	8871
4163	8870
3200	6183
658	2701
1023	9501
3481	5463
8417	2393
45	1402
2728	4815
553	7954
9254	7605
4988	2267
2457	1718
1594	7586
5260	5501
9916	8
459	8308
8946	4381
2923	8026
2136	537
6279	104
3394	722
9255	7681
1616	9558
337	4439
6712	9675
1476	8727
2290	8662
842	7542
9388	352
5078	817
6117	974
8592	9293
6088	6483
1772	3023
5351	1839
2907	4299
3355	1585
1033	5241
9020	9062
6528	4773
4796	2938
2722	5144
4151	7164
7421	3083
9630	9237
8452	5334
5910	2283
7426	4936
5594	6957
3278	8099
9166	715
4282	7327
892	5847
5026	2779
2221	8477
9764	6873
7070	6585
609	6499
9156	3568
8591	53
5492	3204
5132	6963
2872	9658
113	1301
916	514
4052	7946
4306	1199
1749	9820
7269	7484
5828	7703
2410	8896
2177	7015
7968	7384
7420	4827
961	2019
8529	2740
7930	5489
5443	1009
9043	7061
6143	565
838	4401
498	3029
1257	9740
3582	4608
5388	1653
3859	232
5216	7762
1148	4968
1180	2463
244	6546
8178	1810
7957	3906
6978	9187
542	6426
9920	3268
98	768
6499	2836
7917	2369
4929	4179
2695	9710
9780	6385
3517	5521
7727	1240
6157	1671
1450	8692
7197	3620
9472	8198
825	1442
3155	5606
2254	9044
2626	361
3785	5234
3693	8437
5092	5051
3764	6014
8336	4315
2646	3820
4860	7734
5302	7849
8370	7053
7689	7590
8794	6149
6239	4125
1021	5105
9399	4508
120	6551
7605	4755
1333	7145
7120	1593
1122	6772
4880	6944
6125	1527
637	2473
1996	306
7861	8578
6381	2798
8137	9601
5212	4283
143	955
8186	592
6229	3499
5581	9871
7268	5058
8872	8372
747	1092
4424	5803
6638	7502
6669	3665
6305	7960
4853	8872
3610	2278
8941	6088
3257	8190
1489	3415
4367	2870
3859	9730
5400	9864
9800	5724
6629	4359
3882	3900
4211	4643
625	7361
7419	8186
9691	5866
5587	1555
3394	3767
6822	7830
1697	982
8773	1907
3521	514
5374	4255
7661	9397
2762	9980
8964	6995
9553	9091
3135	9576
8294	3777
124	9725
4850	870
2258	6527
5103	7418
284	3536
2029	4668
9056	9638
1048	9367
2365	6859
6451	8808
7061	7573
3809	8699
847	5462
5307	3749
8273	6192
6374	2348
402	2874
9130	1337
4117	9034
3173	5423
3196	9312
8312	5658
4504	252
5134	9122
1012	9045
3464	8532
1942	4532
4246	5552
1854	9202
6912	136
5307	9688
2326	393
4550	1213
3572	2546
2371	6054
6728	5133
5734	7591
7937	9812
4649	3817
2734	3457
6478	9232
6291	2766
7600	8943
3826	3855
1068	2050
3438	6344
3557	2515
2406	7137
9724	4161
58	7567
7210	8882
8462	9352
9142	641
9046	2724
8223	7689
2989	8927
3456	188
7641	8386
8175	9094
5332	3790
7813	6560
1713	7695
7548	3445
6679	241
1488	8145
1093	7549
5285	2639
4543	7899
5266	2755
9651	8354
2687	3396
1925	981
2451	2702
5796	2002
9151	6800
6403	3243
8259	8575
9357	2412
3227	6890
5056	9334
