500	1855746
4620	8791
2240	6043
3093	332
4185	7249
8269	2055
9616	3086
2892	1266
8213	1556
2147	6613
9469	4736
6776	1670
9304	26
4094	6808
3317	4047
7726	5012
1022	8229
2852	4966
6015	5852
1753	8202
9287	4825
2550	2183
7797	3114
7403	5962
3808	6235
9988	8670
1309	3172
8039	3428
5900	4035
7174	5275
574	2414
8076	7765
214	9571
9333	2422
4724	6420
9373	2464
8574	6401
6632	7316
1784	5171
6449	4344
5143	3168
7957	4751
861	3833
8418	533
2014	7361
3056	6096
2835	2089
4202	2334
6394	694
6721	5409
820	7797
7231	6767
8743	1874
1787	2100
2035	5687
1958	9733
2969	2444
4781	1772
3074	6672
7534	4606
1717	7216
2442	3893
6362	663
8569	3152
4521	4397
5004	1808
460	2287
5373	5011
2219	7046
9485	1017
6022	3857
2950	5877
9443	2817
943	3233
4178	1223
2912	7872
62	7859
9897	1843
1995	340
1879	8329
2800	8383
9578	486
8318	6530
9163	2843
8871	7121
3372	1340
6989	5277
3525	8944
1702	8701
5893	366
5449	9805
4874	6636
7543	7881
5064	2814
2986	9017
6632	1805
4140	3699
7250	817
6974	8486
7184	8270
324	2840
1812	8586
3139	8465
257	9297
3944	8441
4017	2063
6459	5058
3602	2719
6566	9235
2184	2421
239	2397
2484	9407
6485	9725
4721	4790
5233	7149
9311	3868
7831	4098
8428	7612
1690	9490
1191	2349
4297	8479
2935	801
1543	4297
9189	8248
1345	7005
416	2144
6929	5895
1993	7520
306	2920
4124	5772
9731	474
6451	9311
21	6465
9132	3398
504	8416
9890	9563
5859	9015
7717	3426
3426	4556
5300	9596
4999	1573
3974	4159
806	7669
98	3709
2971	2406
8728	4736
3571	3210
619	4438
6134	5896
8808	9459
6545	5494
9456	696
6300	4898
4186	8765
7050	4306
9666	4103
621	4478
3310	3374
3377	598
1420	4906
7961	7019
897	7353
2656	9984
8174	3329
3269	68
6102	3590
8177	6941
1300	8946
5280	8359
2338	2356
4005	5920
7521	9637
1858	244
7227	4015
2187	396
1247	3116
992	9253
2688	5469
67	5406
6844	9302
8801	7051
6521	1597
8828	3885
9018	5247
5392	7320
6080	3006
647	3389
9897	25
4656	6972
7952	6710
8415	9657
541	5477
7703	6239
7999	6212
4774	4157
6999	5915
2100	7872
7683	3621
6082	4574
8310	9021
9482	4965
1428	569
750	417
7292	5130
6647	7312
2613	4676
4036	6455
4757	9779
8998	4301
9232	4785
5074	6502
5270	3365
5895	9333
5873	754
6956	6394
394	1600
4027	7434
5942	5940
1623	1158
9324	9623
5941	2927
6225	5297
3170	1850
3286	946
9910	3340
1857	7087
5111	6440
6094	497
1913	3638
9026	5114
6738	7120
8562	5604
517	3889
3441	1191
3423	8914
6061	336
6394	2479
4585	5515
4224	4110
7772	9567
953	2040
5540	3509
6052	3133
3450	7703
9162	1439
8014	8719
8014	3822
2415	6681
6627	9531
5856	600
7816	85
2877	820
9111	4747
2153	9935
2773	719
737	1584
7428	2810
1517	1937
5022	6001
2231	7325
8175	4734
7720	6707
5160	8942
7237	4823
2539	9759
2829	2175
9591	8995
8280	5144
1324	410
6236	2764
1230	2977
1866	9290
4859	5249
5452	6228
6163	7815
6534	5000
5388	6207
2804	8299
131	7422
4997	1462
2965	669
1322	6812
123	2457
8934	5242
753	3274
9992	5006
2428	2184
7350	5197
724	258
428	4350
8613	6807
108	2035
8893	1817
396	9578
7243	6529
23	1068
780	6391
110	4333
1559	3136
5336	3095
2451	6060
2021	956
8188	8577
2180	8938
6303	5282
658	169
6336	2546
480	3052
4743	8182
4431	3951
851	1739
7198	6923
323	5118
9301	5883
111	6706
9892	4607
2877	2414
9207	2516
3087	3260
5007	7334
8264	8640
2522	3124
8230	6196
1775	4543
8331	6618
8165	2505
6813	5909
437	6091
1857	6497
1154	5182
6841	8288
9644	5892
2516	956
6536	1680
5960	1251
9263	4097
7373	4819
3950	7995
1391	3744
3648	9490
840	6964
4871	2092
5188	1648
8884	8742
2812	6945
8388	9819
5924	4925
1153	8483
2227	7280
6126	8736
2298	1113
4296	2303
1738	3952
2204	4061
2503	5550
3528	4173
3126	9406
5141	974
2323	4281
2492	1705
2858	2629
610	9471
8069	1618
1819	5302
1421	4664
4617	8865
1676	363
4829	5912
9501	1199
2660	6345
9963	4816
4738	240
1309	9885
2837	46
5564	4131
6828	9620
2398	115
6900	240
6242	9317
9041	5474
3527	6570
7282	7554
5641	9591
8750	4757
8287	3355
5640	994
7923	8597
2373	9906
2722	7919
7575	9460
5460	935
4227	6347
5968	1099
2431	1344
3372	6184
7662	5319
3275	7444
4200	4395
9350	6525
81	3654
130	2968
5925	9287
1739	2647
3518	3759
7863	1895
2668	2917
7006	5279
6557	3850
5325	5878
6438	5143
3885	5107
7572	9847
8677	9207
3036	3933
2717	2496
7307	2895
7637	7508
4733	5788
3184	5452
3531	2206
7097	229
4546	4535
4585	2196
7023	6957
1685	670
3952	2206
8625	2819
2854	6395
5052	4777
3093	7067
7877	3759
7851	9304
7318	8990
6162	6020
8680	6824
9436	5193
8482	8483
3111	1452
4436	559
2970	7615
5948	3711
4016	5959
2193	7249
5310	3791
2427	5070
5688	9090
7833	2338
205	9295
5521	1114
83	152
8998	3054
5396	8386
1470	5395
1370	4419
2866	7343
7491	3298
959	6230
577	98
5422	1501
9879	810
9401	6050
7283	9593
5564	2126
5199	8592
8194	3188
3365	8438
3001	5612
4405	5700
3031	8877
7728	4342
4268	7062
9780	5092
1963	4433
1538	7257
1912	2753
4902	5053
7072	4367
5851	4264
8160	8362
1237	5351
9015	937
4497	2687
7432	8328
9439	3673
3610	546
3971	3849
4407	3633
4511	82
1196	7761
967	6276
2709	8679
2473	7398
900	4977
8736	9948
8788	4899
1327	8840
2469	3827
9388	807
4383	1882
4374	5857
793	6059
