500	1884859
9537	8528
9045	8037
7874	6885
2396	1398
6598	5608
6550	5557
3981	2997
8344	7349
4885	3883
8669	7656
4004	2999
2134	1146
3354	2351
5636	4650
5682	4693
6673	5671
2567	1548
8120	7111
4784	3770
5032	4036
7954	6968
4217	3227
2277	1273
5899	4898
3880	2871
4661	3653
6216	5217
8827	7830
10939	9957
10351	9359
4360	3340
5030	4020
4401	3385
7864	6853
6921	5932
6513	5496
7552	6553
2249	1254
2686	1670
10829	9818
4888	3903
9401	8381
5959	4940
4052	3064
3920	2928
8946	7946
9674	8669
3556	2554
8641	7659
6925	5927
1784	784
8341	7346
2076	1086
4970	3989
7536	6536
9181	8187
7191	6191
2548	1558
9620	8616
8823	7833
2113	1106
10240	9257
1923	942
8657	7648
3531	2511
10476	9466
8019	7038
10724	9738
4980	3987
8386	7395
8599	7592
8565	7549
8736	7739
8961	7960
7496	6478
7631	6614
5810	4830
4683	3679
5252	4258
10170	9166
9270	8267
8943	7957
4443	3461
3525	2515
3746	2761
5129	4115
2830	1843
5744	4727
9994	8988
3876	2884
9527	8540
7974	6984
2778	1796
3289	2283
9718	8721
5507	4496
10866	9867
1688	697
2526	1511
6295	5278
2029	1032
1238	243
1997	1004
5506	4504
7454	6436
7828	6814
6098	5109
6949	5966
7783	6791
1946	946
1270	278
10286	9288
4198	3213
3265	2277
2046	1029
9320	8339
6778	5785
8456	7438
8449	7468
10736	9756
4941	3933
10648	9652
7452	6469
6764	5780
9003	7987
9190	8190
3735	2752
8596	7582
2772	1754
5367	4374
2725	1725
7183	6196
7135	6140
10584	9588
10732	9722
10787	9781
2459	1451
7394	6414
2289	1300
7846	6846
9223	8205
4264	3265
6080	5081
9731	8735
7542	6562
10098	9085
5036	4038
3479	2485
2940	1944
6129	5115
8319	7327
3091	2110
9608	8603
8093	7098
2890	1910
9638	8624
7022	6036
5604	4603
8023	7022
1441	447
5826	4813
5457	4469
10922	9910
5476	4467
10582	9564
6622	5628
4433	3414
5332	4343
9823	8835
3771	2768
10974	9960
2744	1726
9676	8688
7652	6668
1808	814
10051	9047
4234	3216
1226	216
9142	8131
10971	9973
5648	4646
10935	9943
7572	6591
3419	2430
10468	9463
3784	2778
7274	6279
7547	6550
3095	2093
9104	8113
3615	2630
2631	1650
10202	9183
5641	4630
6711	5712
2899	1889
6327	5332
5832	4841
2216	1204
3061	2080
2897	1914
8535	7538
9689	8677
5797	4795
6340	5332
3616	2625
10374	9355
3854	2840
3186	2181
7583	6566
7767	6766
2906	1895
9901	8885
5876	4864
1522	533
6418	5418
2643	1635
5205	4187
2986	2001
1063	46
5946	4928
1334	349
2804	1798
3880	2885
9651	8669
5692	4701
3657	2644
5849	4869
4398	3380
4197	3217
3310	2327
1354	363
5119	4136
2182	1193
5119	4106
7856	6874
7036	6028
3670	2673
6591	5593
1917	901
1889	879
10720	9712
1854	845
4196	3177
2499	1504
3336	2317
5227	4247
3994	2986
7994	6997
4380	3386
2486	1501
4634	3653
9221	8207
3356	2351
4121	3141
4605	3602
4414	3426
7065	6049
9565	8583
3863	2846
5598	4578
2946	1957
4245	3248
6700	5706
5903	4914
1230	228
2571	1583
10813	9829
3015	2017
4786	3791
3883	2880
9447	8433
6189	5199
10801	9800
8697	7677
7837	6851
4434	3429
7191	6198
9844	8848
5685	4668
3658	2665
9180	8166
8156	7171
7901	6897
4003	3004
2391	1386
2109	1125
9339	8333
8997	7992
1420	423
2452	1455
9878	8886
2144	1160
3205	2213
1403	401
6486	5488
10707	9699
10781	9799
8375	7358
7507	6515
2401	1394
7979	6992
6072	5075
8427	7421
10628	9637
3331	2331
5772	4771
10405	9418
7899	6903
7690	6691
10032	9022
3604	2612
7459	6444
8291	7306
1056	39
5096	4113
3363	2362
3942	2956
9659	8640
5331	4325
1536	532
2640	1625
1280	260
5328	4318
1322	324
9901	8881
9652	8643
9489	8483
4382	3376
6469	5477
1796	813
7714	6696
2291	1284
1300	284
6993	5994
9716	8709
6054	5041
3274	2288
3395	2377
2803	1820
1440	448
3412	2410
2876	1891
6147	5141
9002	8019
1029	27
5402	4416
3788	2783
7414	6432
9824	8834
7546	6541
6620	5612
1958	957
3219	2221
5527	4524
2824	1807
4693	3707
3391	2409
5818	4826
9538	8519
5049	4066
3945	2951
9779	8779
1774	789
3892	2895
9266	8268
8035	7038
4915	3935
6496	5512
9068	8055
2315	1298
4680	3670
9848	8831
9993	8991
9341	8327
4979	3960
10294	9300
7564	6546
7083	6087
3275	2262
2522	1515
4300	3306
7376	6388
5809	4819
8331	7341
10572	9589
2632	1626
2775	1789
8268	7288
7629	6623
5679	4696
9001	8015
2917	1910
7868	6855
9892	8909
7877	6896
5769	4767
4333	3333
3612	2630
8255	7268
8424	7437
8778	7786
2553	1545
7591	6601
3025	2019
3511	2527
3396	2402
4437	3445
10592	9591
7962	6962
8694	7696
2984	1968
8554	7552
9355	8348
10531	9542
3602	2618
5911	4924
7967	6962
7503	6490
4577	3565
2068	1073
2689	1682
6380	5369
8331	7335
5702	4714
4637	3621
3262	2276
1365	375
3287	2291
9027	8027
8541	7559
7667	6679
4712	3702
7270	6273
8858	7877
1779	785
10878	9858
10589	9596
5100	4094
6707	5698
2735	1741
7315	6310
1632	630
4412	3417
5180	4198
1499	507
6479	5488
9744	8748
1214	207
3800	2807
9244	8227
9496	8483
7396	6379
6675	5655
2734	1730
6783	5775
1905	892
5898	4884
9514	8525
2843	1823
7931	6943
8814	7822
2360	1348
10619	9623
7738	6756
5840	4830
6228	5214
10481	9475
8938	7951
5702	4687
5474	4484
7494	6508
4088	3087
6274	5286
9426	8431
6768	5781
1131	150
7332	6345
10723	9733
3819	2816
5566	4547
9985	8988
7847	6858
5283	4282
1085	100
1795	795
6804	5800
9655	8639
3104	2121
7937	6936
8237	7229
6581	5593
9580	8599
2874	1880
10772	9791
5851	4842
8655	7642
5635	4648
7457	6458
5935	4926
