500	662038
2129	1131
5530	4520
8785	7769
8000	7004
10505	9513
10248	9238
3628	2614
5489	4487
4548	3536
7397	6388
2605	1587
10633	9641
9929	8933
8353	7339
6640	5627
4965	3955
3765	2776
8966	7984
4485	3466
4298	3283
1212	211
7392	6383
8983	7987
1887	891
6442	5447
3870	2865
4923	3940
5615	4626
6060	5055
5111	4115
7956	6958
9734	8726
8783	7773
4381	3363
2663	1678
3848	2849
7158	6153
4700	3699
6654	5647
3198	2212
10699	9700
3272	2268
5927	4915
7389	6383
9593	8603
8931	7920
8342	7360
2587	1577
1018	2
10828	9827
6195	5193
10650	9667
1899	882
6364	5360
5754	4754
8788	7801
7321	6302
10937	9927
3099	2113
6567	5559
8568	7549
3499	2514
10818	9799
1579	591
6471	5472
8475	7484
3900	2889
5065	4051
9347	8348
4603	3592
2787	1767
9815	8814
7066	6046
9184	8188
2159	1178
8947	7961
9451	8452
9603	8595
6454	5447
2035	1047
2272	1278
4502	3501
6841	5861
1590	600
7758	6751
1889	897
5818	4826
3163	2143
4153	3159
4179	3196
8353	7370
8426	7424
8923	7941
9193	8192
4294	3288
8264	7275
10419	9419
10150	9157
8816	7818
6295	5282
7328	6315
8029	7028
2364	1348
9414	8423
10120	9132
5583	4569
3131	2144
8996	7992
7034	6054
5009	4005
4849	3837
5041	4039
6060	5051
8065	7082
3044	2026
1342	340
5246	4235
7348	6347
8914	7897
7796	6784
9470	8470
7259	6248
2131	1124
5192	4173
10519	9508
3452	2463
1395	393
4510	3513
3791	2798
8772	7781
8040	7026
7547	6528
10538	9535
2852	1850
9399	8407
4948	3966
9649	8639
4898	3885
2411	1396
9171	8171
1249	247
9094	8112
9154	8166
7662	6670
1982	991
7906	6914
9072	8081
5807	4795
1577	569
10508	9508
3401	2400
9162	8157
6807	5789
1275	271
1390	382
9409	8417
9622	8631
6660	5652
4439	3434
1937	941
5799	4804
1127	144
2291	1273
6266	5257
7623	6618
6802	5802
10597	9590
2984	1982
2325	1340
6105	5097
4326	3308
4043	3032
1548	537
2926	1920
3480	2482
9357	8355
6497	5491
9261	8244
9356	8346
5524	4526
9660	8676
8659	7649
7586	6571
8829	7843
9221	8205
6266	5257
9877	8886
1195	183
2458	1470
7970	6969
10669	9678
1649	638
3440	2449
2605	1586
6758	5775
4982	3969
3333	2331
8954	7964
1942	950
10476	9485
6422	5428
8497	7500
6563	5559
3186	2199
9635	8644
7838	6846
4599	3611
6204	5205
3982	2967
6930	5939
2532	1546
8885	7883
8769	7784
4769	3762
9257	8241
3795	2799
5266	4286
1414	410
10583	9580
2826	1825
1381	372
6232	5240
8089	7100
6053	5056
9790	8774
10453	9444
10054	9057
8810	7802
2480	1499
10648	9640
1976	984
2874	1877
5783	4772
4240	3237
10869	9885
10760	9741
5730	4725
7322	6315
8072	7071
3732	2731
5461	4477
4388	3373
8966	7971
8934	7928
4424	3434
1379	374
5391	4383
3854	2837
2647	1664
7023	6018
1072	73
5734	4742
8018	7013
10903	9917
7937	6953
4594	3602
6285	5295
2195	1199
6002	4987
3198	2199
5733	4739
8982	7991
1711	711
2373	1387
10501	9483
10327	9309
5654	4669
7989	6995
3031	2034
8506	7501
9540	8527
4472	3456
7067	6087
10127	9113
8732	7752
4698	3686
5360	4354
3397	2403
1824	839
3973	2980
5508	4501
10016	9023
9570	8589
6337	5350
1190	184
8419	7402
2065	1070
7600	6584
3813	2828
4288	3277
1838	852
9082	8067
8200	7184
9189	8202
10940	9920
7051	6045
10185	9182
9351	8354
8232	7228
5012	4021
9864	8882
3731	2733
7805	6806
9596	8601
8653	7658
1767	771
6235	5215
2031	1045
5990	4974
6906	5915
6539	5558
8309	7303
5886	4867
10051	9056
9109	8105
7208	6198
8278	7297
7824	6827
1242	230
1729	748
6196	5211
7138	6123
9635	8627
3518	2526
9030	8027
6084	5099
6207	5202
9181	8196
9639	8658
5281	4290
8613	7608
8183	7202
10793	9786
1411	427
8059	7041
5713	4697
2798	1788
1033	25
6514	5510
6685	5696
4466	3456
7247	6237
8852	7858
7310	6309
3625	2627
3868	2849
2631	1624
3398	2379
5643	4648
3294	2291
2086	1091
5017	4009
8538	7525
3832	2842
5747	4757
6436	5451
9991	8981
3881	2881
8879	7882
3313	2309
10247	9260
2217	1203
7115	6115
2927	1929
6484	5503
6301	5288
3830	2835
3332	2312
1436	419
1576	571
10665	9657
9337	8326
6072	5081
8713	7694
7391	6375
3576	2568
9588	8575
9834	8835
3086	2085
1282	285
9170	8183
2980	1977
4666	3679
4485	3479
4614	3606
7023	6030
2081	1087
7197	6207
10638	9622
2549	1544
3975	2974
1241	255
3919	2935
8874	7871
9729	8718
7930	6943
6548	5532
9953	8951
3744	2727
1100	105
8847	7858
4692	3679
7757	6755
1700	700
6294	5279
5804	4811
7294	6286
8211	7193
1808	819
9757	8768
10807	9807
8372	7362
7777	6797
8116	7128
6791	5806
6119	5126
7131	6134
7460	6478
3298	2299
5586	4588
6891	5878
7639	6631
9384	8368
8901	7883
10009	9000
7109	6107
4117	3133
9345	8333
3642	2622
6220	5200
3417	2409
10537	9535
9249	8254
6603	5586
7137	6139
9664	8653
4757	3772
6088	5105
7990	6990
10937	9918
6689	5679
4687	3707
8171	7175
5321	4323
10318	9314
2309	1312
3506	2519
6629	5647
8549	7564
1806	824
7056	6053
3385	2399
5629	4632
4408	3409
6878	5858
6807	5822
10157	9173
4268	3282
10062	9067
7935	6930
4293	3303
5795	4808
6997	5998
10789	9783
4533	3533
5828	4842
2614	1597
10383	9376
10306	9301
7129	6147
9254	8251
10959	9960
1586	572
4870	3852
10981	9971
5821	4814
3926	2921
4381	3386
2922	1929
5614	4631
4263	3253
6391	5395
9117	8132
10514	9531
8567	7580
2866	1849
9794	8791
2711	1691
10412	9393
2202	1183
7128	6132
10060	9075
8478	7485
6565	5575
8701	7689
6715	5722
8427	7412
10114	9123
9719	8703
9068	8084
