500	2239442
9186	8188
6153	5148
5557	4537
3088	2073
4641	3650
6168	5186
9938	8956
9677	8695
3348	2353
10290	9286
1662	681
5744	4724
9911	8907
8244	7242
6991	5979
7582	6574
5795	4797
9790	8778
10666	9662
6678	5693
9963	8948
1780	774
2971	1956
5096	4112
2694	1707
8010	7006
9018	8026
8674	7664
10224	9236
4622	3605
10649	9655
4384	3378
9306	8322
10300	9318
1635	645
5182	4171
7306	6290
9465	8479
9072	8061
5879	4891
5105	4086
8442	7432
7209	6204
4488	3490
8508	7512
2287	1281
9118	8135
3082	2075
4181	3163
4208	3208
2396	1388
3334	2350
1503	523
9904	8904
7590	6594
3759	2748
10509	9508
2708	1694
3269	2287
10722	9742
3631	2643
3016	2012
5922	4923
6442	5431
1785	782
5119	4100
8802	7786
1992	999
1982	988
4906	3914
7133	6134
10936	9953
1743	735
4487	3476
7158	6174
6350	5361
10386	9405
6198	5192
2133	1153
8083	7064
2957	1952
8777	7797
7847	6846
6314	5324
1843	828
4762	3773
4653	3644
6410	5392
5746	4745
3323	2330
9484	8471
7147	6151
9302	8322
1806	812
1935	929
10969	9971
6432	5418
10086	9073
9560	8573
3432	2448
3721	2710
4977	3967
2181	1197
7333	6335
8728	7713
6192	5209
3373	2371
6015	5021
1200	205
3247	2257
4351	3341
10765	9764
2970	1974
9345	8329
7845	6846
1253	249
3535	2527
2058	1042
3951	2967
10682	9689
5335	4348
9204	8193
4097	3083
4900	3907
2556	1556
3164	2176
3301	2316
7883	6892
4650	3652
8078	7065
7070	6075
9834	8816
8785	7779
7702	6718
4338	3335
3476	2491
3700	2703
4336	3342
5990	4971
2053	1051
2397	1413
1039	52
4270	3259
10898	9907
4397	3405
1593	603
10303	9302
6454	5471
1559	543
4670	3659
6705	5714
7549	6554
5350	4346
7714	6713
5673	4665
10785	9802
4107	3125
9129	8117
2151	1168
10700	9684
10064	9050
1002	22
1702	702
6804	5803
8750	7757
9295	8304
3156	2176
6324	5334
9512	8532
8423	7442
3591	2579
5763	4769
7760	6742
5755	4751
9775	8761
6750	5745
6672	5670
1289	271
10047	9030
8208	7189
9807	8808
4746	3730
9698	8715
8850	7832
2973	1989
1185	197
5114	4100
9643	8629
8443	7431
6678	5697
9605	8591
8848	7836
2437	1452
5619	4633
3666	2673
3632	2644
1770	760
6099	5086
7114	6125
6179	5190
9902	8914
3460	2471
8620	7626
9634	8619
7593	6596
5507	4513
10031	9047
4700	3692
1390	390
2822	1826
10387	9387
2436	1432
2073	1057
3417	2407
1202	190
4086	3071
5748	4731
8170	7172
2533	1533
3059	2058
9660	8674
8244	7258
5849	4839
5318	4319
6170	5157
7501	6504
6597	5594
5107	4119
1111	119
9054	8054
5524	4532
5838	4827
2325	1305
7723	6740
3853	2868
9894	8913
9641	8630
2823	1827
3308	2303
9721	8727
9799	8790
6860	5875
1791	781
5471	4469
1973	992
6868	5886
5827	4837
9373	8389
6411	5411
9375	8392
2846	1840
5801	4803
7635	6623
9768	8775
1432	443
1202	219
5574	4585
5445	4462
10273	9263
3756	2736
10491	9476
10590	9604
3336	2356
5298	4280
8922	7906
10252	9262
6021	5015
4753	3761
1282	264
10418	9402
5991	4994
1731	720
8246	7257
9223	8242
3105	2105
3782	2769
3651	2653
9610	8604
6735	5724
3007	2003
5636	4646
3960	2942
7550	6561
7866	6886
7295	6276
1387	371
3436	2416
7286	6304
6810	5820
5983	4977
8291	7284
4772	3769
1767	782
7517	6509
5124	4127
9326	8321
9469	8477
5611	4597
8165	7160
9911	8892
2765	1780
5542	4535
6337	5345
1302	288
3409	2406
5012	4021
8362	7367
10642	9648
8240	7250
9911	8894
2045	1033
5044	4060
9272	8278
3456	2476
9693	8704
10769	9764
5005	3993
2672	1684
6044	5049
4195	3182
2967	1965
8424	7442
9383	8389
7323	6324
1016	30
10599	9596
7710	6729
7697	6685
2465	1477
8172	7184
1933	928
4197	3190
8982	7981
7382	6388
1076	86
9794	8781
3940	2960
7385	6366
10185	9199
7985	6986
2484	1470
2706	1722
1769	751
3300	2296
9056	8075
1817	822
6545	5552
7595	6601
1533	540
9593	8579
1249	242
1428	410
5103	4094
6960	5961
10729	9717
1925	932
6328	5320
7202	6221
1197	191
8346	7338
2031	1048
6085	5069
4110	3095
2776	1784
6021	5032
1582	563
9559	8563
3281	2282
9077	8068
2415	1400
1662	642
4203	3192
8754	7737
10242	9233
8385	7385
10788	9796
2601	1587
1326	314
7018	6036
6131	5122
3003	1992
3450	2470
2932	1937
4510	3505
9484	8495
10105	9087
5765	4745
4659	3677
10156	9166
4399	3404
5110	4099
2560	1567
10381	9386
7006	6017
9505	8497
8023	7024
3417	2406
8667	7681
2750	1760
4222	3210
3177	2157
9080	8076
4512	3510
3067	2087
8670	7652
2436	1421
2320	1300
2059	1067
3802	2811
8134	7133
1565	578
9995	9001
2526	1542
10065	9062
8519	7523
6859	5866
10585	9592
7039	6052
4701	3704
3086	2076
10629	9639
4687	3680
9174	8188
10313	9330
1696	685
2965	1970
4921	3921
5758	4760
2402	1400
7011	5999
7074	6064
2120	1111
7595	6578
6734	5715
2740	1748
9463	8478
10867	9869
6675	5683
8315	7322
3891	2879
8355	7367
7257	6254
5038	4037
6032	5045
1832	812
6428	5446
10982	9992
9332	8350
2053	1056
1772	772
8837	7854
5070	4087
4474	3488
5405	4404
9056	8044
10674	9674
7372	6361
8627	7623
9042	8030
5957	4974
7995	7010
4700	3692
9638	8655
6127	5108
4607	3590
8559	7560
5177	4161
5843	4827
4813	3797
1591	593
4538	3553
8353	7363
1647	639
7181	6180
10159	9163
10982	9986
6768	5762
10360	9377
1071	66
2290	1309
9895	8908
7417	6397
5749	4753
10714	9700
1754	734
4674	3687
7799	6782
6442	5457
6110	5099
5792	4788
9763	8782
1160	173
4039	3024
3096	2084
1750	757
4932	3928
9729	8722
1225	241
6460	5440
4932	3915
