500	255236
2243	1254
3267	2277
8210	7198
7926	6930
9328	8342
6898	5897
3248	2254
8129	7118
1695	700
6436	5423
9635	8651
5472	4458
9787	8793
2327	1342
4562	3555
10896	9876
7918	6923
8195	7187
4451	3439
6992	5974
7854	6841
2603	1618
9275	8261
10995	10000
9742	8732
6434	5453
3146	2134
4869	3866
2943	1952
8921	7924
6936	5924
4652	3640
3428	2431
3478	2484
9637	8649
9746	8755
2287	1291
5930	4944
10739	9723
4198	3198
10593	9577
3705	2687
6254	5268
9124	8144
7669	6672
7230	6238
8380	7379
2694	1684
4796	3801
10857	9872
5187	4198
4209	3226
10868	9870
7927	6932
10473	9459
5786	4797
3371	2357
3501	2490
6811	5799
6160	5168
1936	940
2767	1762
7669	6672
2372	1387
5915	4933
4204	3199
5060	4046
1955	972
8119	7124
7312	6320
4126	3145
2153	1144
4750	3764
4164	3149
2132	1123
4552	3571
6219	5224
10546	9549
8146	7127
10656	9670
7076	6059
7222	6241
4869	3882
6902	5893
5565	4565
9135	8135
1804	803
9598	8593
4436	3426
3509	2501
3434	2424
9615	8634
8090	7088
6632	5626
4478	3498
7229	6227
10754	9743
1711	703
2178	1165
6794	5810
5844	4846
7975	6957
8049	7060
1816	829
7674	6693
3580	2591
8114	7122
7899	6904
5795	4802
7076	6078
7667	6675
1105	91
4824	3821
1524	505
6455	5442
8406	7402
7556	6548
9698	8708
1165	147
9649	8648
1259	256
1863	850
5382	4371
5889	4889
6008	5018
7512	6500
2637	1617
2699	1686
9647	8636
10630	9617
4861	3877
1785	765
5826	4812
3297	2277
6247	5238
8128	7118
6841	5859
10378	9398
1800	810
9506	8496
6780	5791
8394	7405
10796	9786
8058	7045
6917	5924
10370	9365
9107	8115
2926	1925
10640	9648
5997	4989
1972	988
9005	8016
2561	1560
10508	9500
6957	5941
7416	6420
10788	9786
4198	3197
5723	4707
1320	306
10604	9596
1744	758
3565	2578
4327	3324
5363	4352
5375	4382
9412	8417
8211	7202
7112	6117
1443	428
5985	4972
10916	9918
10990	9984
5960	4943
3284	2300
10172	9192
10486	9497
7527	6519
2839	1828
8646	7649
10804	9820
9442	8422
6524	5509
5144	4138
1429	433
5793	4806
7521	6515
10539	9521
3703	2703
4055	3074
4158	3138
10851	9852
5814	4819
7829	6842
2218	1203
4813	3814
6624	5610
7512	6498
7839	6823
8394	7411
7520	6538
6793	5799
1778	789
10815	9821
2618	1603
6018	5035
7310	6325
5952	4946
7916	6898
3754	2756
9990	8988
1489	475
8206	7205
5469	4458
8714	7702
4945	3961
7448	6458
9591	8589
6794	5777
5282	4291
9633	8619
9246	8236
5857	4872
3157	2159
6488	5477
10332	9326
3394	2407
6930	5923
10270	9289
9234	8236
4744	3748
8628	7631
7142	6147
4454	3445
3293	2283
3899	2908
6437	5441
9938	8932
1321	316
3082	2066
2322	1326
5376	4382
10989	9999
2759	1773
7934	6919
8836	7843
4888	3882
1950	930
5623	4629
8384	7379
6320	5331
7955	6959
4957	3965
6095	5075
7151	6147
9511	8504
4001	3006
7605	6607
10657	9665
7309	6314
7873	6853
8160	7149
8500	7482
7184	6172
6682	5679
6809	5826
3884	2882
2502	1489
2935	1932
10382	9384
3461	2445
3351	2339
7899	6913
7278	6270
7610	6616
5629	4638
6819	5813
4005	2996
10043	9047
10833	9814
10840	9841
8575	7589
10224	9204
2590	1594
2932	1916
10050	9053
1332	341
4046	3064
1429	418
6240	5258
4656	3649
7221	6207
1140	139
5670	4661
5476	4473
1641	648
4428	3409
7908	6907
1002	4
4880	3881
3818	2802
9857	8873
10580	9567
7571	6564
1468	466
6295	5275
10556	9552
6005	5012
6176	5173
5359	4344
2170	1169
3334	2340
3635	2629
6178	5187
6419	5412
3287	2300
4128	3117
10067	9073
6071	5068
4439	3434
2179	1160
1467	487
1513	530
7826	6812
9678	8668
5840	4827
8254	7236
4391	3396
2857	1870
10954	9941
2016	999
8471	7466
6610	5597
9366	8370
9284	8302
9575	8559
3325	2307
4631	3633
5262	4275
3830	2822
7534	6522
4149	3130
2720	1714
6784	5780
1705	714
6744	5734
2323	1315
4970	3951
9577	8559
6099	5098
2793	1802
1379	385
5738	4718
5013	4014
2009	1008
5543	4558
3514	2507
7222	6217
9979	8975
5191	4198
9047	8050
2299	1295
6053	5068
6138	5144
8154	7150
3588	2568
1272	270
10948	9939
2488	1504
2502	1483
6278	5287
6017	5019
10756	9770
10571	9587
5657	4673
9329	8318
3544	2549
1867	856
1125	121
4760	3765
10897	9879
10322	9324
3097	2116
7193	6181
3016	2002
10222	9204
8638	7623
8437	7431
6815	5812
3204	2198
7494	6494
3527	2543
8499	7491
8518	7537
1140	139
9692	8685
10795	9806
9153	8172
7521	6532
5153	4139
10304	9320
10554	9555
10598	9579
5929	4940
3770	2750
2525	1513
10651	9664
8239	7232
2290	1280
5823	4833
7447	6434
10387	9384
2838	1834
6430	5433
5345	4345
10116	9106
6898	5887
1117	104
3027	2040
7655	6653
3043	2047
4488	3484
8992	8000
1568	571
5781	4779
3087	2078
3720	2712
2066	1057
2597	1586
6630	5643
4842	3852
2441	1444
5190	4205
5910	4909
5189	4171
3160	2151
5082	4075
5583	4584
4152	3149
1110	117
2608	1595
10049	9068
6932	5933
10053	9041
7099	6099
7617	6634
5401	4385
10201	9221
5053	4038
5435	4428
4683	3683
1360	366
8471	7465
1766	761
10550	9566
9875	8884
9280	8272
9934	8930
2230	1245
6795	5783
8658	7668
9036	8033
3579	2565
1768	769
8502	7503
5786	4774
8685	7676
4818	3828
2387	1375
7487	6475
4418	3417
6897	5917
2638	1645
3120	2140
4547	3533
9863	8858
5753	4764
3712	2732
6398	5410
4897	3882
5992	4988
5742	4742
2228	1240
5342	4350
2056	1036
7082	6072
8159	7179
7806	6822
4488	3492
9443	8438
8107	7123
3157	2141
1527	526
9544	8542
7484	6498
3009	2004
7299	6294
10477	9488
4355	3366
6292	5272
