500	2289530
6848	5848
5893	4893
6859	5859
2628	1628
9188	8188
5847	4847
4375	3375
6772	5772
7538	6538
8547	7547
4230	3230
7191	6191
8767	7767
7384	6384
3439	2439
7598	6598
1419	419
6181	5181
6848	5848
8554	7554
3030	2030
6917	5917
7484	6484
6248	5248
8230	7230
1580	580
3793	2793
5910	4910
4498	3498
4294	3294
6960	5960
1486	486
3190	2190
9676	8676
1644	644
8690	7690
5999	4999
10123	9123
8216	7216
6093	5093
2668	1668
8362	7362
5268	4268
8270	7270
3862	2862
5319	4319
10726	9726
9553	8553
5007	4007
10141	9141
6322	5322
9004	8004
3448	2448
10046	9046
6583	5583
10298	9298
8480	7480
6202	5202
4417	3417
8625	7625
8862	7862
9013	8013
9891	8891
4065	3065
3729	2729
3936	2936
2702	1702
10975	9975
4830	3830
3856	2856
10957	9957
9446	8446
7552	6552
10445	9445
4675	3675
10570	9570
3619	2619
5967	4967
1771	771
2086	1086
10260	9260
5002	4002
4112	3112
4466	3466
1474	474
6909	5909
8305	7305
8264	7264
10530	9530
8451	7451
5358	4358
2567	1567
6471	5471
3879	2879
3543	2543
2770	1770
9670	8670
6495	5495
7688	6688
1782	782
1109	109
3122	2122
1307	307
3436	2436
2079	1079
2086	1086
8163	7163
3597	2597
6478	5478
2438	1438
2997	1997
5620	4620
6579	5579
7366	6366
8091	7091
6939	5939
1084	84
10004	9004
4154	3154
10454	9454
4546	3546
7463	6463
7788	6788
1686	686
7152	6152
5706	4706
1285	285
8163	7163
5635	4635
9580	8580
8971	7971
10824	9824
1267	267
7099	6099
7845	6845
1550	550
5585	4585
1676	676
7064	6064
3842	2842
4731	3731
4421	3421
5340	4340
8573	7573
5003	4003
3475	2475
7751	6751
9272	8272
9596	8596
4147	3147
4012	3012
4081	3081
10426	9426
7905	6905
6440	5440
10736	9736
10652	9652
2077	1077
1215	215
8426	7426
6189	5189
6240	5240
1169	169
10960	9960
8273	7273
2047	1047
7108	6108
1729	729
2825	1825
8638	7638
9477	8477
1875	875
8397	7397
3526	2526
8917	7917
8585	7585
3531	2531
8595	7595
4336	3336
5964	4964
7765	6765
9420	8420
2605	1605
10264	9264
1475	475
7594	6594
5628	4628
9568	8568
7408	6408
2512	1512
6486	5486
6723	5723
3783	2783
10946	9946
6865	5865
4364	3364
10384	9384
4640	3640
2681	1681
9554	8554
9567	8567
5175	4175
5713	4713
8889	7889
3012	2012
8005	7005
5172	4172
9011	8011
9075	8075
5269	4269
9577	8577
3672	2672
10114	9114
5829	4829
9638	8638
6453	5453
7225	6225
9478	8478
9129	8129
1137	137
3993	2993
10593	9593
5551	4551
1246	246
6605	5605
4330	3330
2375	1375
1002	2
1014	14
2246	1246
2903	1903
7560	6560
9743	8743
5140	4140
10998	9998
4229	3229
1917	917
1089	89
3919	2919
6923	5923
4282	3282
8092	7092
4008	3008
1116	116
6352	5352
10965	9965
10992	9992
6077	5077
5056	4056
6345	5345
2791	1791
2450	1450
3713	2713
2766	1766
5961	4961
10557	9557
1530	530
9215	8215
7995	6995
1658	658
1051	51
2991	1991
6911	5911
9971	8971
5162	4162
7181	6181
3595	2595
3181	2181
3453	2453
9772	8772
9827	8827
1005	5
1871	871
4226	3226
1059	59
6498	5498
5117	4117
10263	9263
7267	6267
5439	4439
7473	6473
6858	5858
3996	2996
1223	223
1071	71
3864	2864
6995	5995
8702	7702
2443	1443
4505	3505
9126	8126
5224	4224
9193	8193
2609	1609
3074	2074
2872	1872
4504	3504
10506	9506
3872	2872
8600	7600
10670	9670
7349	6349
9962	8962
9423	8423
8090	7090
3690	2690
7669	6669
1892	892
5490	4490
4891	3891
2052	1052
5019	4019
3534	2534
8760	7760
6564	5564
2814	1814
7426	6426
5350	4350
10275	9275
6870	5870
6486	5486
7672	6672
10661	9661
4284	3284
10298	9298
2825	1825
9196	8196
2113	1113
7106	6106
1027	27
9180	8180
3792	2792
5821	4821
4189	3189
9826	8826
8821	7821
8124	7124
9917	8917
2775	1775
2180	1180
9564	8564
9630	8630
7706	6706
1527	527
1978	978
7008	6008
8904	7904
8540	7540
10855	9855
5541	4541
4408	3408
5486	4486
4715	3715
2514	1514
7704	6704
3324	2324
5897	4897
5367	4367
4306	3306
6211	5211
10796	9796
4746	3746
7616	6616
10831	9831
7573	6573
6876	5876
9972	8972
10385	9385
3278	2278
6934	5934
9847	8847
8036	7036
3603	2603
9346	8346
9260	8260
4751	3751
2177	1177
6147	5147
9534	8534
9609	8609
10695	9695
5518	4518
9276	8276
6172	5172
9978	8978
3802	2802
1412	412
9023	8023
5899	4899
4855	3855
2870	1870
7834	6834
5295	4295
8288	7288
4523	3523
2267	1267
5451	4451
5552	4552
8390	7390
10727	9727
2318	1318
4945	3945
2698	1698
1559	559
8387	7387
9844	8844
3472	2472
3372	2372
7969	6969
3836	2836
8629	7629
5618	4618
1996	996
6366	5366
4037	3037
9871	8871
4709	3709
9244	8244
7014	6014
7914	6914
6956	5956
10451	9451
5610	4610
4296	3296
5174	4174
4398	3398
7817	6817
4415	3415
10352	9352
10140	9140
7178	6178
1137	137
10285	9285
2023	1023
1473	473
7525	6525
10733	9733
4940	3940
6703	5703
3731	2731
9595	8595
3795	2795
7310	6310
1563	563
3094	2094
2460	1460
6785	5785
6761	5761
1430	430
1594	594
1945	945
8873	7873
8187	7187
10685	9685
10553	9553
9943	8943
5508	4508
8698	7698
2822	1822
9786	8786
5784	4784
5496	4496
10593	9593
3874	2874
6500	5500
8560	7560
8817	7817
10817	9817
6535	5535
7101	6101
2995	1995
3956	2956
10514	9514
1106	106
1159	159
10511	9511
9795	8795
4720	3720
9239	8239
2017	1017
2971	1971
10440	9440
6243	5243
4985	3985
4530	3530
6932	5932
9339	8339
3868	2868
5411	4411
5907	4907
6805	5805
9286	8286
3384	2384
8222	7222
1968	968
9898	8898
6333	5333
1990	990
1583	583
10952	9952
