500	608083
2395	1395
2010	1010
4144	3144
4534	3534
2268	1268
3819	2819
8896	7896
9761	8761
2419	1419
8871	7871
9135	8135
2494	1494
10791	9791
4539	3539
2853	1853
9672	8672
4083	3083
10654	9654
7814	6814
1875	875
7094	6094
3138	2138
6652	5652
1329	329
7227	6227
3638	2638
8505	7505
9328	8328
8108	7108
9253	8253
8408	7408
4040	3040
4613	3613
9005	8005
1219	219
1603	603
1387	387
6870	5870
4202	3202
2067	1067
10569	9569
7714	6714
7899	6899
8242	7242
5681	4681
6646	5646
7828	6828
1232	232
3511	2511
5206	4206
2979	1979
8745	7745
3072	2072
5222	4222
1678	678
5391	4391
9426	8426
5234	4234
1651	651
4595	3595
8395	7395
5712	4712
3376	2376
3614	2614
10066	9066
9527	8527
7709	6709
7560	6560
2995	1995
7266	6266
2348	1348
9814	8814
7289	6289
4390	3390
5703	4703
1143	143
9867	8867
6408	5408
8410	7410
3450	2450
3190	2190
8378	7378
2301	1301
8008	7008
5437	4437
4469	3469
8806	7806
10739	9739
4162	3162
6376	5376
4448	3448
2130	1130
6221	5221
3828	2828
8556	7556
2640	1640
2229	1229
5153	4153
7571	6571
9103	8103
7869	6869
3212	2212
5808	4808
8798	7798
4843	3843
2747	1747
3408	2408
10892	9892
4238	3238
1733	733
4248	3248
2322	1322
2419	1419
2456	1456
3528	2528
1019	19
10420	9420
2421	1421
2153	1153
2489	1489
9772	8772
10670	9670
6615	5615
10700	9700
5586	4586
6731	5731
9995	8995
7631	6631
9801	8801
1083	83
1726	726
7940	6940
5406	4406
3637	2637
5804	4804
6888	5888
5272	4272
10216	9216
4145	3145
3141	2141
8237	7237
8173	7173
7341	6341
6871	5871
4512	3512
8687	7687
1718	718
10879	9879
5858	4858
9482	8482
10674	9674
8188	7188
8959	7959
5586	4586
9786	8786
6027	5027
3289	2289
2075	1075
10038	9038
5077	4077
7157	6157
8640	7640
3070	2070
6521	5521
2440	1440
9467	8467
7494	6494
4351	3351
1096	96
7713	6713
8348	7348
8950	7950
1263	263
9577	8577
9802	8802
4145	3145
9005	8005
3763	2763
3510	2510
8656	7656
4418	3418
2030	1030
5032	4032
5133	4133
10629	9629
10778	9778
9466	8466
8020	7020
6125	5125
5645	4645
10592	9592
3066	2066
6482	5482
2256	1256
7464	6464
8017	7017
4168	3168
3622	2622
8415	7415
1456	456
5633	4633
2029	1029
4904	3904
7617	6617
6463	5463
4516	3516
1465	465
7492	6492
2098	1098
5862	4862
9915	8915
3282	2282
7562	6562
2960	1960
7117	6117
4535	3535
6962	5962
6996	5996
3735	2735
10089	9089
3607	2607
5678	4678
10570	9570
10329	9329
2318	1318
6817	5817
7457	6457
6699	5699
9569	8569
8327	7327
9817	8817
8842	7842
9216	8216
8679	7679
9754	8754
3958	2958
1500	500
7061	6061
7091	6091
2419	1419
6186	5186
5771	4771
1579	579
1011	11
2067	1067
2176	1176
9356	8356
10559	9559
9771	8771
8766	7766
8069	7069
9434	8434
8541	7541
1250	250
2477	1477
1762	762
7387	6387
1903	903
5572	4572
4547	3547
8859	7859
1675	675
3976	2976
5705	4705
5734	4734
1744	744
4898	3898
2780	1780
3994	2994
5725	4725
1240	240
10127	9127
7006	6006
1796	796
8663	7663
4406	3406
3298	2298
6952	5952
1348	348
2854	1854
1394	394
8245	7245
9966	8966
3611	2611
7650	6650
2141	1141
3584	2584
1335	335
10387	9387
7878	6878
3444	2444
3287	2287
9275	8275
10764	9764
7730	6730
10459	9459
5399	4399
2604	1604
5602	4602
3941	2941
6320	5320
4524	3524
5765	4765
6749	5749
7547	6547
7204	6204
6796	5796
9551	8551
5042	4042
9821	8821
4503	3503
4105	3105
8140	7140
9644	8644
6651	5651
1024	24
5505	4505
1434	434
8623	7623
10071	9071
2449	1449
7825	6825
3863	2863
4318	3318
2704	1704
8054	7054
5089	4089
9538	8538
5933	4933
5728	4728
8073	7073
4003	3003
2988	1988
8564	7564
2422	1422
7547	6547
9801	8801
4353	3353
3598	2598
9695	8695
7958	6958
3652	2652
5243	4243
10807	9807
3395	2395
3609	2609
6919	5919
3577	2577
4624	3624
3351	2351
2428	1428
4006	3006
8767	7767
9715	8715
9190	8190
6644	5644
4702	3702
7973	6973
4029	3029
4836	3836
3310	2310
6110	5110
10701	9701
5984	4984
9610	8610
9948	8948
1218	218
1656	656
10119	9119
8040	7040
6413	5413
2206	1206
4234	3234
10998	9998
4585	3585
5694	4694
1505	505
7682	6682
5886	4886
5317	4317
9639	8639
3560	2560
3366	2366
5971	4971
8319	7319
4115	3115
6116	5116
4034	3034
5177	4177
2557	1557
9213	8213
1550	550
3489	2489
1405	405
4773	3773
5750	4750
9880	8880
5168	4168
9840	8840
2293	1293
7681	6681
9046	8046
2211	1211
10247	9247
9036	8036
8538	7538
7724	6724
8137	7137
2993	1993
2196	1196
6132	5132
4600	3600
2328	1328
8426	7426
9449	8449
2130	1130
2084	1084
7457	6457
2488	1488
3604	2604
10850	9850
4683	3683
10429	9429
2329	1329
3188	2188
8164	7164
3865	2865
1633	633
5892	4892
5929	4929
7752	6752
3897	2897
9479	8479
8230	7230
10592	9592
1281	281
8954	7954
5658	4658
8055	7055
4510	3510
3094	2094
5366	4366
1683	683
10691	9691
6712	5712
4500	3500
5718	4718
4541	3541
1359	359
6377	5377
10658	9658
10729	9729
7991	6991
4818	3818
2806	1806
3835	2835
8240	7240
8247	7247
4266	3266
3907	2907
10588	9588
5441	4441
1846	846
8679	7679
4803	3803
8363	7363
8590	7590
6007	5007
9874	8874
1605	605
3289	2289
10795	9795
9363	8363
3930	2930
8126	7126
4084	3084
10103	9103
10864	9864
1323	323
10584	9584
5243	4243
8464	7464
5113	4113
8184	7184
4398	3398
1084	84
1285	285
5088	4088
2312	1312
3901	2901
5757	4757
9855	8855
6458	5458
4950	3950
8354	7354
4356	3356
4726	3726
1586	586
3801	2801
1684	684
