500	1219194
3296	2296
9539	8539
5470	4470
8866	7866
10692	9692
2273	1273
7383	6383
7615	6615
2631	1631
2398	1398
9627	8627
5271	4271
3778	2778
2850	1850
5597	4597
8734	7734
9566	8566
9692	8692
6858	5858
1809	809
6276	5276
9808	8808
7500	6500
8484	7484
6354	5354
6316	5316
1835	835
9477	8477
9810	8810
1403	403
1577	577
8808	7808
2885	1885
10033	9033
10085	9085
3230	2230
5863	4863
3414	2414
6967	5967
10517	9517
6209	5209
10552	9552
3759	2759
5771	4771
5234	4234
9967	8967
2838	1838
9859	8859
4324	3324
2685	1685
8695	7695
1530	530
1899	899
3227	2227
5360	4360
6974	5974
3977	2977
3443	2443
5396	4396
8634	7634
1166	166
7518	6518
3092	2092
5820	4820
10830	9830
10672	9672
2259	1259
4580	3580
3211	2211
8377	7377
3852	2852
2590	1590
8923	7923
9279	8279
5820	4820
1283	283
8805	7805
1803	803
9804	8804
9775	8775
5400	4400
10576	9576
5296	4296
7584	6584
2619	1619
7298	6298
3551	2551
8221	7221
5153	4153
3951	2951
3335	2335
7595	6595
9438	8438
2252	1252
10189	9189
5067	4067
5555	4555
1744	744
7866	6866
1230	230
1101	101
6925	5925
5813	4813
5900	4900
2235	1235
9803	8803
9346	8346
8080	7080
2420	1420
8130	7130
4811	3811
9403	8403
10371	9371
3128	2128
1958	958
2536	1536
10970	9970
7987	6987
2074	1074
2130	1130
5642	4642
9458	8458
5907	4907
2034	1034
5511	4511
9626	8626
10758	9758
10010	9010
5463	4463
4224	3224
1820	820
4784	3784
10564	9564
7264	6264
7417	6417
10651	9651
3661	2661
3668	2668
4697	3697
1792	792
9820	8820
5497	4497
3273	2273
3187	2187
3134	2134
3356	2356
3605	2605
3898	2898
7395	6395
3323	2323
2266	1266
6123	5123
6323	5323
10779	9779
4183	3183
8191	7191
8699	7699
4354	3354
8886	7886
3473	2473
6892	5892
6358	5358
5329	4329
3628	2628
4267	3267
8109	7109
2046	1046
6412	5412
2117	1117
2157	1157
8945	7945
2998	1998
6515	5515
6329	5329
5374	4374
8191	7191
8299	7299
1534	534
8378	7378
9001	8001
9072	8072
8918	7918
10225	9225
4883	3883
2756	1756
6063	5063
8506	7506
9657	8657
8118	7118
10624	9624
3004	2004
10295	9295
5813	4813
8669	7669
5334	4334
4937	3937
4965	3965
10025	9025
1594	594
10285	9285
5547	4547
1259	259
5980	4980
10056	9056
4944	3944
7460	6460
2566	1566
10423	9423
5749	4749
6220	5220
1967	967
4566	3566
1401	401
3537	2537
3126	2126
10238	9238
1284	284
10057	9057
5710	4710
1162	162
6222	5222
6986	5986
3977	2977
7125	6125
8080	7080
7718	6718
9067	8067
8434	7434
7865	6865
7407	6407
5195	4195
7835	6835
2508	1508
6623	5623
5704	4704
1989	989
5404	4404
6932	5932
3014	2014
2038	1038
8829	7829
8577	7577
9873	8873
1421	421
5799	4799
9900	8900
4117	3117
4711	3711
10694	9694
10442	9442
2842	1842
2076	1076
3698	2698
6086	5086
6567	5567
1101	101
6634	5634
1666	666
9053	8053
10628	9628
5245	4245
7923	6923
10919	9919
8626	7626
7882	6882
2031	1031
1246	246
8515	7515
1629	629
6959	5959
2760	1760
2284	1284
3665	2665
9977	8977
3149	2149
5065	4065
1452	452
8470	7470
3828	2828
9748	8748
2069	1069
6441	5441
7856	6856
4583	3583
4311	3311
2227	1227
4813	3813
2674	1674
9202	8202
9951	8951
10851	9851
2117	1117
9643	8643
5644	4644
1745	745
2589	1589
1812	812
6833	5833
1174	174
1874	874
2094	1094
2376	1376
5684	4684
6625	5625
2920	1920
7871	6871
7074	6074
4790	3790
4314	3314
1756	756
6721	5721
6028	5028
6420	5420
3344	2344
9255	8255
7069	6069
4327	3327
8004	7004
10151	9151
10941	9941
2194	1194
6050	5050
10336	9336
8490	7490
5867	4867
4853	3853
9927	8927
8785	7785
8649	7649
2283	1283
3206	2206
7451	6451
2806	1806
8810	7810
2254	1254
5041	4041
5314	4314
7455	6455
6093	5093
8630	7630
8274	7274
5832	4832
9934	8934
5396	4396
1568	568
5931	4931
6716	5716
3250	2250
8199	7199
6634	5634
6740	5740
5665	4665
1376	376
5511	4511
6931	5931
1128	128
7040	6040
9840	8840
7137	6137
8443	7443
7786	6786
9364	8364
10078	9078
9637	8637
2969	1969
4595	3595
8398	7398
9546	8546
7216	6216
10297	9297
6426	5426
5073	4073
4942	3942
8684	7684
6816	5816
1379	379
7290	6290
1579	579
8159	7159
2545	1545
6329	5329
4888	3888
2315	1315
9067	8067
4550	3550
1252	252
5149	4149
3090	2090
3275	2275
7580	6580
2122	1122
1833	833
5810	4810
6203	5203
6444	5444
3014	2014
3925	2925
3139	2139
8661	7661
7784	6784
8817	7817
6937	5937
10709	9709
8216	7216
8032	7032
4571	3571
3093	2093
2313	1313
4003	3003
2794	1794
10348	9348
9144	8144
2007	1007
1789	789
5452	4452
2204	1204
5603	4603
1314	314
2722	1722
8672	7672
2078	1078
8158	7158
9562	8562
9255	8255
6729	5729
8511	7511
4828	3828
4889	3889
9826	8826
2019	1019
4415	3415
8906	7906
6478	5478
6970	5970
7334	6334
6260	5260
10929	9929
5008	4008
3343	2343
7355	6355
2878	1878
10510	9510
6505	5505
7367	6367
8901	7901
3942	2942
4938	3938
8167	7167
5816	4816
8948	7948
5766	4766
6000	5000
2193	1193
2685	1685
6060	5060
10328	9328
5006	4006
1447	447
2521	1521
3566	2566
5288	4288
9500	8500
1966	966
6268	5268
8462	7462
4940	3940
3059	2059
8232	7232
4502	3502
8629	7629
7850	6850
8886	7886
2162	1162
10837	9837
10314	9314
3274	2274
7938	6938
2916	1916
2358	1358
7490	6490
3833	2833
9319	8319
1206	206
3377	2377
4011	3011
3917	2917
5401	4401
8904	7904
6277	5277
4716	3716
6453	5453
2042	1042
4841	3841
7665	6665
5006	4006
2056	1056
3093	2093
7881	6881
9934	8934
2808	1808
