500	638456
3156	2156
7701	6701
5773	4773
1187	187
4639	3639
8919	7919
8332	7332
8661	7661
8763	7763
5946	4946
10247	9247
6717	5717
9308	8308
3898	2898
5888	4888
7652	6652
7318	6318
5391	4391
7835	6835
5195	4195
1265	265
7889	6889
4497	3497
2775	1775
3054	2054
4469	3469
6666	5666
5876	4876
8378	7378
2809	1809
1733	733
1064	64
10422	9422
3594	2594
4073	3073
7893	6893
9654	8654
5267	4267
7752	6752
5290	4290
8889	7889
1867	867
3952	2952
9930	8930
9223	8223
1265	265
9007	8007
6563	5563
6057	5057
2865	1865
5871	4871
1530	530
1787	787
1261	261
5791	4791
4659	3659
10445	9445
10749	9749
2144	1144
10789	9789
10250	9250
9797	8797
3007	2007
10419	9419
1144	144
10334	9334
6768	5768
5748	4748
7367	6367
4268	3268
2075	1075
1784	784
8957	7957
9539	8539
8418	7418
10385	9385
3699	2699
5731	4731
1671	671
1332	332
9089	8089
10400	9400
10250	9250
4866	3866
1306	306
7230	6230
7213	6213
4034	3034
9164	8164
5674	4674
10398	9398
9281	8281
3099	2099
3632	2632
5607	4607
7192	6192
4272	3272
10382	9382
6404	5404
5050	4050
10946	9946
9404	8404
8984	7984
3782	2782
2379	1379
10233	9233
7291	6291
7823	6823
4796	3796
8773	7773
6793	5793
5773	4773
3176	2176
7377	6377
4217	3217
4998	3998
8858	7858
5099	4099
7475	6475
10394	9394
2381	1381
9971	8971
10500	9500
5142	4142
2874	1874
6292	5292
7425	6425
4210	3210
10555	9555
9341	8341
2641	1641
3591	2591
2982	1982
10354	9354
5821	4821
3651	2651
3288	2288
1427	427
5436	4436
5438	4438
3582	2582
7912	6912
2375	1375
4679	3679
2242	1242
8256	7256
9734	8734
7630	6630
3250	2250
3997	2997
8487	7487
7099	6099
8525	7525
1363	363
8674	7674
3122	2122
7761	6761
4500	3500
2052	1052
5947	4947
9762	8762
2450	1450
4924	3924
6088	5088
4841	3841
2804	1804
4447	3447
1410	410
4979	3979
9019	8019
3603	2603
7422	6422
8622	7622
7742	6742
3976	2976
10131	9131
8989	7989
3036	2036
7308	6308
6226	5226
1642	642
8105	7105
3893	2893
5301	4301
6015	5015
9998	8998
8107	7107
3654	2654
10818	9818
5906	4906
6207	5207
10430	9430
10971	9971
2333	1333
9378	8378
4287	3287
1205	205
2989	1989
6516	5516
6638	5638
7347	6347
8602	7602
1926	926
3467	2467
7364	6364
7785	6785
8512	7512
4456	3456
4580	3580
8379	7379
6644	5644
5076	4076
2144	1144
1845	845
10457	9457
4088	3088
10359	9359
1090	90
7468	6468
9393	8393
6807	5807
8465	7465
2066	1066
4687	3687
8758	7758
2092	1092
5034	4034
8798	7798
1742	742
7410	6410
8747	7747
6274	5274
1285	285
2031	1031
6058	5058
10334	9334
7327	6327
10132	9132
10426	9426
7618	6618
2203	1203
3633	2633
6872	5872
10760	9760
1137	137
3628	2628
9231	8231
5026	4026
4900	3900
2475	1475
4247	3247
5554	4554
10920	9920
1692	692
3684	2684
2344	1344
10687	9687
3193	2193
8280	7280
2768	1768
7801	6801
3189	2189
1432	432
4408	3408
10134	9134
5707	4707
6527	5527
5246	4246
7829	6829
3996	2996
9785	8785
8813	7813
3384	2384
7907	6907
10538	9538
2142	1142
6205	5205
8076	7076
10029	9029
1171	171
1931	931
3112	2112
6137	5137
4752	3752
5656	4656
8831	7831
6849	5849
10233	9233
8803	7803
9861	8861
7688	6688
9383	8383
3878	2878
10554	9554
6358	5358
9274	8274
6222	5222
1870	870
7237	6237
10737	9737
8996	7996
10042	9042
4124	3124
3144	2144
3700	2700
3590	2590
8449	7449
7158	6158
7252	6252
2012	1012
8602	7602
10767	9767
6022	5022
3248	2248
7045	6045
5439	4439
10221	9221
6424	5424
5380	4380
3453	2453
7118	6118
8832	7832
5542	4542
9642	8642
10820	9820
10822	9822
3244	2244
10592	9592
1650	650
10926	9926
10478	9478
2743	1743
7226	6226
5165	4165
3836	2836
1776	776
8476	7476
1896	896
5845	4845
6000	5000
7213	6213
6940	5940
1449	449
7489	6489
3829	2829
10755	9755
5546	4546
5167	4167
3594	2594
9834	8834
10869	9869
3427	2427
1264	264
4865	3865
2927	1927
3359	2359
3324	2324
4702	3702
6993	5993
8295	7295
3490	2490
6697	5697
4150	3150
8850	7850
8596	7596
5685	4685
4333	3333
9236	8236
10854	9854
10048	9048
8201	7201
3520	2520
5258	4258
3004	2004
5633	4633
5211	4211
9178	8178
2317	1317
8977	7977
6314	5314
8739	7739
5267	4267
8845	7845
2419	1419
5993	4993
5361	4361
6415	5415
5234	4234
3967	2967
4621	3621
2209	1209
5982	4982
9243	8243
10840	9840
4445	3445
8801	7801
4556	3556
4511	3511
6993	5993
9638	8638
9384	8384
4583	3583
1967	967
7530	6530
1696	696
10264	9264
8063	7063
9020	8020
7164	6164
8143	7143
8748	7748
10479	9479
3513	2513
7643	6643
6110	5110
1055	55
9131	8131
1659	659
7151	6151
10786	9786
6468	5468
9924	8924
10011	9011
2488	1488
3410	2410
1680	680
2101	1101
3428	2428
1398	398
7985	6985
1094	94
3341	2341
3912	2912
9378	8378
8628	7628
7807	6807
6780	5780
4041	3041
9814	8814
5697	4697
7824	6824
2937	1937
8651	7651
7445	6445
3504	2504
1442	442
8271	7271
8453	7453
9051	8051
7839	6839
1210	210
5829	4829
8928	7928
1182	182
10594	9594
6196	5196
8286	7286
5967	4967
4195	3195
5892	4892
9730	8730
1771	771
6872	5872
7914	6914
9457	8457
7713	6713
5552	4552
2869	1869
8436	7436
1003	3
6134	5134
10452	9452
7963	6963
3749	2749
5865	4865
5937	4937
10227	9227
2120	1120
2331	1331
6954	5954
7340	6340
2650	1650
1256	256
8639	7639
5412	4412
2216	1216
1277	277
8402	7402
3803	2803
5308	4308
5467	4467
7247	6247
8655	7655
9924	8924
8387	7387
4117	3117
6696	5696
4526	3526
1793	793
9256	8256
