500	1273405
8962	7962
10515	9515
9447	8447
2402	1402
8334	7334
6763	5763
7593	6593
8490	7490
1164	164
8712	7712
9099	8099
6205	5205
1596	596
5067	4067
10343	9343
8722	7722
5871	4871
7858	6858
4009	3009
7508	6508
3808	2808
8269	7269
9349	8349
2727	1727
4673	3673
5880	4880
9859	8859
2454	1454
5669	4669
1601	601
3715	2715
4973	3973
8186	7186
4696	3696
7470	6470
2097	1097
2851	1851
6792	5792
5428	4428
9864	8864
2910	1910
4608	3608
1074	74
5553	4553
10905	9905
5290	4290
3293	2293
3417	2417
3337	2337
4732	3732
1593	593
9062	8062
4180	3180
10048	9048
10653	9653
5957	4957
8694	7694
9599	8599
9134	8134
10538	9538
2229	1229
7480	6480
1925	925
1780	780
8156	7156
6070	5070
6411	5411
5389	4389
6229	5229
10309	9309
7112	6112
7188	6188
5690	4690
6041	5041
3641	2641
5416	4416
8390	7390
6432	5432
3290	2290
5895	4895
2565	1565
7853	6853
3389	2389
6575	5575
9099	8099
10963	9963
5235	4235
3898	2898
1627	627
1789	789
5978	4978
6650	5650
8194	7194
6569	5569
3504	2504
5060	4060
10086	9086
3512	2512
6994	5994
7624	6624
4167	3167
1190	190
2069	1069
9123	8123
10919	9919
6068	5068
7967	6967
10464	9464
10073	9073
10107	9107
8915	7915
8808	7808
1110	110
5943	4943
3681	2681
5135	4135
10057	9057
4895	3895
7501	6501
8002	7002
1852	852
3157	2157
7336	6336
3196	2196
7857	6857
9323	8323
6916	5916
4204	3204
1883	883
8415	7415
7353	6353
3813	2813
10017	9017
4719	3719
8205	7205
2344	1344
3412	2412
3820	2820
7042	6042
1221	221
2062	1062
6151	5151
7592	6592
10017	9017
7500	6500
10858	9858
6824	5824
10424	9424
9796	8796
2373	1373
5347	4347
8583	7583
4099	3099
10082	9082
10126	9126
5563	4563
9121	8121
8684	7684
4908	3908
10325	9325
4111	3111
10403	9403
7006	6006
5214	4214
10866	9866
8377	7377
8391	7391
3331	2331
1367	367
6537	5537
2458	1458
2860	1860
10619	9619
10157	9157
4974	3974
3607	2607
4062	3062
7461	6461
2669	1669
6855	5855
6830	5830
5349	4349
9116	8116
7087	6087
9385	8385
4455	3455
5028	4028
9740	8740
7664	6664
1614	614
4574	3574
7969	6969
4189	3189
2029	1029
5799	4799
9636	8636
4920	3920
1574	574
8106	7106
5853	4853
6018	5018
9870	8870
5834	4834
10802	9802
4876	3876
7762	6762
6488	5488
5409	4409
2574	1574
8425	7425
1408	408
5147	4147
10032	9032
8974	7974
5619	4619
4761	3761
6108	5108
2418	1418
10058	9058
7229	6229
2134	1134
4004	3004
10405	9405
1207	207
7763	6763
10958	9958
9349	8349
6033	5033
3850	2850
9365	8365
8379	7379
6994	5994
7432	6432
6452	5452
6599	5599
4801	3801
10292	9292
1460	460
6171	5171
1741	741
7817	6817
8392	7392
5012	4012
6621	5621
2326	1326
3707	2707
2865	1865
9157	8157
10043	9043
6107	5107
8424	7424
9302	8302
2916	1916
2222	1222
4684	3684
1733	733
4259	3259
1092	92
4275	3275
8926	7926
1817	817
1955	955
8598	7598
6666	5666
7709	6709
7231	6231
9718	8718
10214	9214
9099	8099
1157	157
1949	949
9655	8655
9449	8449
4779	3779
9575	8575
7864	6864
1407	407
6538	5538
9500	8500
5014	4014
10036	9036
8338	7338
6496	5496
5653	4653
9174	8174
1889	889
10529	9529
7904	6904
4313	3313
4785	3785
6833	5833
3105	2105
10315	9315
3611	2611
2461	1461
7077	6077
6925	5925
5557	4557
5264	4264
8626	7626
9055	8055
8361	7361
3346	2346
8019	7019
2421	1421
10892	9892
1424	424
5187	4187
5860	4860
7917	6917
10966	9966
1028	28
4035	3035
5508	4508
7952	6952
4718	3718
7339	6339
6926	5926
10530	9530
6961	5961
2402	1402
7181	6181
8583	7583
4443	3443
1996	996
10361	9361
3917	2917
10346	9346
2459	1459
2891	1891
8174	7174
1794	794
8118	7118
3403	2403
8997	7997
1555	555
6527	5527
2625	1625
9924	8924
7022	6022
1761	761
4817	3817
2586	1586
5034	4034
10925	9925
9680	8680
4937	3937
1003	3
7690	6690
3553	2553
10960	9960
3750	2750
6507	5507
5464	4464
2114	1114
3978	2978
4134	3134
8672	7672
1477	477
3084	2084
8185	7185
10454	9454
3988	2988
4335	3335
10747	9747
5203	4203
4716	3716
7417	6417
6546	5546
2792	1792
4125	3125
5626	4626
2904	1904
10350	9350
2423	1423
6268	5268
9328	8328
8420	7420
4619	3619
5872	4872
9291	8291
3788	2788
1477	477
10909	9909
9125	8125
2450	1450
2676	1676
2646	1646
9840	8840
9261	8261
2690	1690
7028	6028
4063	3063
1400	400
7241	6241
6505	5505
3344	2344
6747	5747
7485	6485
2151	1151
8421	7421
6619	5619
6379	5379
9039	8039
2376	1376
3039	2039
3843	2843
5489	4489
6663	5663
9942	8942
9648	8648
5684	4684
7742	6742
10415	9415
1729	729
2904	1904
1840	840
3041	2041
9995	8995
4905	3905
2629	1629
8176	7176
10416	9416
2116	1116
10479	9479
7040	6040
6099	5099
8442	7442
4913	3913
10684	9684
9809	8809
5946	4946
6322	5322
8289	7289
7676	6676
2152	1152
6906	5906
1633	633
2454	1454
9218	8218
10551	9551
8112	7112
5486	4486
7679	6679
10005	9005
9133	8133
9020	8020
7229	6229
10212	9212
7298	6298
10704	9704
9109	8109
6767	5767
2680	1680
4604	3604
6469	5469
4076	3076
1528	528
10733	9733
8039	7039
2502	1502
3972	2972
7210	6210
1959	959
2869	1869
4762	3762
1253	253
1267	267
2833	1833
5605	4605
4204	3204
7045	6045
5306	4306
6063	5063
4105	3105
5469	4469
8084	7084
10741	9741
3152	2152
10263	9263
1103	103
1951	951
5669	4669
2742	1742
6904	5904
6793	5793
2251	1251
6031	5031
3711	2711
3293	2293
6358	5358
10167	9167
4388	3388
3138	2138
7520	6520
3165	2165
8674	7674
9910	8910
10068	9068
1383	383
