500	247817
4272	3272
9875	8875
1431	431
1271	271
10503	9503
1612	612
5225	4225
9954	8954
4921	3921
1307	307
7934	6934
9862	8862
10825	9825
5996	4996
7556	6556
8312	7312
3941	2941
2465	1465
7597	6597
8168	7168
1632	632
1598	598
2551	1551
7990	6990
2077	1077
1559	559
5620	4620
8690	7690
1397	397
7717	6717
4770	3770
9653	8653
8693	7693
3598	2598
3194	2194
9552	8552
8275	7275
2677	1677
2204	1204
3113	2113
8654	7654
7014	6014
3620	2620
2487	1487
1827	827
8488	7488
6390	5390
9273	8273
3469	2469
6451	5451
7615	6615
6592	5592
7944	6944
10407	9407
5283	4283
6708	5708
3081	2081
6923	5923
10139	9139
3622	2622
3952	2952
3947	2947
10278	9278
7029	6029
9874	8874
7506	6506
6520	5520
3228	2228
3446	2446
9528	8528
8444	7444
2301	1301
2582	1582
10807	9807
6080	5080
3977	2977
5995	4995
9095	8095
4593	3593
1195	195
1472	472
3815	2815
6720	5720
8849	7849
1736	736
8219	7219
3248	2248
4327	3327
6537	5537
8200	7200
5533	4533
6491	5491
8620	7620
7711	6711
3349	2349
6161	5161
5543	4543
4930	3930
2164	1164
4698	3698
7849	6849
7620	6620
5955	4955
5554	4554
8724	7724
2420	1420
3032	2032
8137	7137
2575	1575
10935	9935
7641	6641
3543	2543
7628	6628
7880	6880
5039	4039
1173	173
2357	1357
7385	6385
9566	8566
10544	9544
2867	1867
7908	6908
9705	8705
5866	4866
5951	4951
9309	8309
6867	5867
3269	2269
8727	7727
2664	1664
10286	9286
9238	8238
4302	3302
10570	9570
7255	6255
9341	8341
10605	9605
9602	8602
8600	7600
1870	870
8681	7681
4961	3961
8433	7433
8486	7486
5294	4294
1538	538
4384	3384
8741	7741
3521	2521
5240	4240
1404	404
7554	6554
2621	1621
7473	6473
5236	4236
1077	77
2413	1413
7075	6075
8502	7502
2634	1634
1367	367
10839	9839
5148	4148
3076	2076
8706	7706
6774	5774
10291	9291
3170	2170
9740	8740
3379	2379
5569	4569
3646	2646
5398	4398
3341	2341
10049	9049
8502	7502
1460	460
5372	4372
4272	3272
9232	8232
4001	3001
3181	2181
5625	4625
10627	9627
1229	229
8719	7719
9069	8069
4098	3098
8246	7246
8109	7109
5263	4263
8867	7867
5504	4504
5000	4000
6016	5016
4480	3480
7661	6661
7471	6471
2711	1711
4193	3193
8066	7066
6969	5969
3836	2836
2638	1638
2597	1597
9640	8640
4541	3541
3474	2474
6236	5236
9045	8045
9663	8663
6081	5081
8925	7925
2034	1034
10865	9865
5756	4756
7748	6748
6348	5348
6756	5756
2395	1395
9477	8477
7793	6793
3190	2190
9580	8580
7607	6607
9817	8817
6824	5824
5048	4048
5092	4092
7835	6835
3617	2617
2123	1123
10725	9725
8002	7002
7470	6470
6245	5245
3630	2630
10479	9479
1506	506
8234	7234
6152	5152
8260	7260
5172	4172
7437	6437
4228	3228
8632	7632
1244	244
4168	3168
7460	6460
1222	222
6296	5296
6211	5211
7404	6404
6223	5223
6226	5226
3341	2341
9955	8955
1457	457
10253	9253
3938	2938
1596	596
4537	3537
4658	3658
1605	605
2426	1426
9559	8559
2402	1402
6761	5761
3137	2137
6081	5081
4583	3583
8837	7837
3021	2021
3754	2754
1527	527
9754	8754
2276	1276
7732	6732
7631	6631
4134	3134
10474	9474
4983	3983
8205	7205
7084	6084
10991	9991
1012	12
2796	1796
10970	9970
3983	2983
3876	2876
5802	4802
2689	1689
8944	7944
7486	6486
9305	8305
8503	7503
7496	6496
7256	6256
8777	7777
6165	5165
7840	6840
8518	7518
2948	1948
6271	5271
4555	3555
5420	4420
8723	7723
3216	2216
3299	2299
8353	7353
2149	1149
7835	6835
4668	3668
4905	3905
7187	6187
8370	7370
3068	2068
5495	4495
5166	4166
4694	3694
7036	6036
7401	6401
2507	1507
8413	7413
7749	6749
5038	4038
5660	4660
4398	3398
6843	5843
1166	166
5183	4183
6707	5707
2743	1743
1338	338
5229	4229
7990	6990
3923	2923
6279	5279
6616	5616
2101	1101
8937	7937
6769	5769
2910	1910
8577	7577
2475	1475
4881	3881
10900	9900
5048	4048
1545	545
3451	2451
3868	2868
4026	3026
10334	9334
3438	2438
3228	2228
1369	369
8524	7524
1056	56
1819	819
10356	9356
1478	478
10154	9154
8994	7994
4121	3121
9778	8778
8176	7176
3238	2238
6443	5443
1149	149
7009	6009
3407	2407
7833	6833
9272	8272
4730	3730
9639	8639
8727	7727
6870	5870
9213	8213
3581	2581
1638	638
3023	2023
2871	1871
8085	7085
6868	5868
6246	5246
6125	5125
8312	7312
10711	9711
2377	1377
6924	5924
1501	501
2038	1038
10937	9937
6803	5803
8602	7602
8454	7454
4485	3485
10615	9615
2072	1072
2479	1479
5704	4704
7054	6054
6785	5785
2671	1671
2748	1748
10930	9930
7757	6757
4338	3338
1851	851
10140	9140
7452	6452
8339	7339
6295	5295
10726	9726
3807	2807
5791	4791
6870	5870
2682	1682
8896	7896
5845	4845
10315	9315
10214	9214
7223	6223
1675	675
7701	6701
7403	6403
5584	4584
4451	3451
6885	5885
6690	5690
3790	2790
9397	8397
1038	38
10720	9720
9485	8485
6132	5132
10155	9155
10820	9820
1171	171
2435	1435
3374	2374
1760	760
10282	9282
6870	5870
2744	1744
10060	9060
1248	248
5684	4684
6205	5205
10128	9128
4635	3635
5697	4697
7609	6609
6317	5317
8630	7630
3525	2525
8195	7195
7463	6463
1486	486
1227	227
8487	7487
4452	3452
1319	319
1314	314
7998	6998
1364	364
6408	5408
6004	5004
3527	2527
9664	8664
3184	2184
6212	5212
7129	6129
9673	8673
5737	4737
10259	9259
6022	5022
6688	5688
3093	2093
6657	5657
6414	5414
6355	5355
5723	4723
4151	3151
7148	6148
6223	5223
7657	6657
3235	2235
10021	9021
2059	1059
10166	9166
6367	5367
4042	3042
4661	3661
8559	7559
7884	6884
5615	4615
3215	2215
9939	8939
9664	8664
