500	244266
10528	9528
9107	8107
3606	2606
4233	3233
10001	9001
1431	431
3682	2682
4878	3878
4577	3577
3646	2646
1195	195
6576	5576
2074	1074
9828	8828
9793	8793
5025	4025
3156	2156
4283	3283
2337	1337
8821	7821
2454	1454
6002	5002
1799	799
3237	2237
6447	5447
5497	4497
4299	3299
3201	2201
9473	8473
10402	9402
3131	2131
2649	1649
1576	576
2597	1597
3328	2328
3994	2994
6449	5449
9713	8713
5372	4372
5038	4038
10938	9938
4597	3597
3247	2247
6935	5935
5659	4659
6806	5806
4378	3378
8726	7726
6437	5437
10483	9483
6510	5510
6101	5101
10179	9179
7102	6102
3285	2285
5320	4320
2663	1663
3910	2910
8640	7640
6552	5552
9869	8869
5908	4908
10685	9685
4009	3009
9748	8748
5407	4407
10191	9191
10494	9494
9141	8141
2528	1528
5353	4353
9371	8371
3619	2619
7733	6733
9769	8769
4236	3236
9380	8380
8949	7949
10762	9762
5899	4899
9693	8693
3971	2971
5142	4142
2436	1436
4476	3476
1005	5
4843	3843
8580	7580
1055	55
9613	8613
6281	5281
9596	8596
4708	3708
2242	1242
3502	2502
7045	6045
2178	1178
10719	9719
1099	99
5765	4765
3755	2755
1736	736
2026	1026
1582	582
4802	3802
5155	4155
7254	6254
7501	6501
3024	2024
8768	7768
9961	8961
8711	7711
1116	116
5627	4627
2148	1148
1756	756
3552	2552
1329	329
8227	7227
10867	9867
2543	1543
10881	9881
4657	3657
10316	9316
9023	8023
9629	8629
6814	5814
6414	5414
2404	1404
5692	4692
9108	8108
10394	9394
7952	6952
5889	4889
9980	8980
5219	4219
9510	8510
7340	6340
7200	6200
10957	9957
6268	5268
8814	7814
2345	1345
8915	7915
5030	4030
3057	2057
7720	6720
8917	7917
6785	5785
5071	4071
5812	4812
3440	2440
3002	2002
9666	8666
5581	4581
9183	8183
2064	1064
5608	4608
1232	232
7651	6651
10181	9181
1618	618
5404	4404
4997	3997
1209	209
6786	5786
2216	1216
1485	485
5422	4422
8077	7077
1744	744
8644	7644
3664	2664
1317	317
4408	3408
6242	5242
7071	6071
7103	6103
1161	161
8793	7793
8562	7562
9678	8678
4214	3214
6870	5870
3633	2633
10288	9288
8247	7247
3388	2388
4392	3392
7032	6032
10515	9515
2713	1713
9197	8197
9197	8197
6780	5780
8078	7078
1090	90
7373	6373
4044	3044
6947	5947
5011	4011
10500	9500
4379	3379
8837	7837
2399	1399
8228	7228
8291	7291
1346	346
4788	3788
2254	1254
6806	5806
4904	3904
8671	7671
3461	2461
2913	1913
5248	4248
3561	2561
1225	225
9745	8745
6509	5509
6886	5886
6132	5132
7878	6878
3105	2105
4133	3133
7030	6030
4527	3527
4707	3707
5583	4583
2793	1793
1635	635
1943	943
10407	9407
8127	7127
4404	3404
9067	8067
4146	3146
9099	8099
5362	4362
9123	8123
4123	3123
6849	5849
6480	5480
9091	8091
4523	3523
6649	5649
7305	6305
5495	4495
7081	6081
7700	6700
5593	4593
8557	7557
5414	4414
7407	6407
8271	7271
10097	9097
7695	6695
7033	6033
5462	4462
6446	5446
1648	648
9822	8822
4023	3023
2533	1533
5046	4046
10327	9327
2552	1552
6849	5849
9594	8594
1371	371
2429	1429
1910	910
4546	3546
7155	6155
2721	1721
3797	2797
3809	2809
6421	5421
4994	3994
1204	204
6455	5455
6147	5147
2345	1345
7052	6052
10920	9920
10709	9709
8688	7688
8399	7399
10140	9140
8652	7652
2731	1731
3097	2097
6740	5740
7793	6793
3042	2042
8768	7768
7149	6149
4784	3784
2533	1533
1992	992
4919	3919
8001	7001
3004	2004
2754	1754
2950	1950
8087	7087
4011	3011
8184	7184
10959	9959
7582	6582
1982	982
3198	2198
8465	7465
4472	3472
4711	3711
6408	5408
1746	746
5080	4080
8164	7164
4504	3504
5851	4851
6012	5012
4223	3223
1404	404
3825	2825
7621	6621
3114	2114
8980	7980
9273	8273
10763	9763
9663	8663
6899	5899
7647	6647
3401	2401
3164	2164
6317	5317
7333	6333
10528	9528
8128	7128
8404	7404
5207	4207
8323	7323
2946	1946
8410	7410
3097	2097
5884	4884
10943	9943
2351	1351
3964	2964
8963	7963
3595	2595
7551	6551
6202	5202
4436	3436
5725	4725
9033	8033
8606	7606
2100	1100
3574	2574
7193	6193
1282	282
2753	1753
2384	1384
8446	7446
4553	3553
3274	2274
3838	2838
3746	2746
2905	1905
5859	4859
1457	457
4957	3957
7871	6871
4552	3552
5288	4288
7382	6382
5012	4012
6159	5159
8719	7719
9450	8450
8144	7144
5024	4024
6337	5337
1602	602
8914	7914
5744	4744
5339	4339
10741	9741
4587	3587
3119	2119
1936	936
3958	2958
3003	2003
2142	1142
5950	4950
2868	1868
5835	4835
3441	2441
7171	6171
4260	3260
7850	6850
4604	3604
2351	1351
1559	559
5494	4494
6964	5964
9793	8793
7092	6092
4553	3553
9378	8378
7862	6862
5322	4322
1160	160
4896	3896
4477	3477
10760	9760
5430	4430
1647	647
4436	3436
6068	5068
8292	7292
6350	5350
6054	5054
8088	7088
2421	1421
1742	742
8091	7091
10758	9758
8903	7903
5679	4679
5305	4305
2460	1460
5202	4202
6575	5575
7149	6149
9908	8908
10032	9032
2684	1684
6924	5924
6226	5226
7091	6091
4073	3073
1518	518
6038	5038
9289	8289
2193	1193
4361	3361
4261	3261
8722	7722
1345	345
7501	6501
6256	5256
10623	9623
6298	5298
6065	5065
9850	8850
3486	2486
5984	4984
2691	1691
1131	131
6314	5314
10017	9017
7723	6723
8582	7582
5742	4742
4206	3206
8969	7969
9653	8653
3618	2618
7884	6884
6528	5528
6301	5301
7098	6098
2821	1821
10068	9068
2174	1174
9802	8802
7647	6647
2315	1315
3754	2754
9192	8192
9357	8357
3356	2356
8121	7121
9480	8480
3555	2555
1979	979
9310	8310
5217	4217
8361	7361
6767	5767
7204	6204
3821	2821
6237	5237
9694	8694
10815	9815
5435	4435
3616	2616
2442	1442
7354	6354
