500	2298865
7965	6965
6120	5120
9734	8734
5080	4080
6037	5037
10121	9121
4366	3366
9137	8137
6126	5126
3983	2983
4628	3628
1263	263
1968	968
2476	1476
3427	2427
7209	6209
1925	925
5333	4333
2639	1639
6220	5220
1720	720
9165	8165
2561	1561
7493	6493
7465	6465
8891	7891
4424	3424
7493	6493
9585	8585
1818	818
5646	4646
9749	8749
6542	5542
4910	3910
10995	9995
7493	6493
9601	8601
1904	904
6007	5007
4314	3314
6733	5733
2797	1797
4953	3953
1477	477
3200	2200
2671	1671
8811	7811
8783	7783
2258	1258
7944	6944
10518	9518
5430	4430
9467	8467
4968	3968
1996	996
10215	9215
9151	8151
2076	1076
8029	7029
8873	7873
8382	7382
7134	6134
6726	5726
1439	439
4757	3757
9755	8755
3335	2335
6207	5207
4411	3411
6042	5042
1306	306
7717	6717
5663	4663
6482	5482
4762	3762
8042	7042
3488	2488
5189	4189
3364	2364
10753	9753
5218	4218
8914	7914
10021	9021
6883	5883
10655	9655
9530	8530
5421	4421
8749	7749
8993	7993
2523	1523
6313	5313
7013	6013
7092	6092
5147	4147
10488	9488
10717	9717
5176	4176
10084	9084
3163	2163
2158	1158
2583	1583
7368	6368
7970	6970
10322	9322
2852	1852
2519	1519
1220	220
9167	8167
8894	7894
2809	1809
5804	4804
6528	5528
4653	3653
7325	6325
2852	1852
3433	2433
3027	2027
10059	9059
9345	8345
9354	8354
5187	4187
2500	1500
3245	2245
2572	1572
1690	690
9005	8005
1250	250
1182	182
3578	2578
7630	6630
10192	9192
7606	6606
3664	2664
4223	3223
10272	9272
3633	2633
10415	9415
2393	1393
9647	8647
1043	43
8850	7850
10261	9261
6069	5069
5940	4940
2698	1698
7622	6622
5727	4727
2894	1894
1161	161
10447	9447
1364	364
6114	5114
8476	7476
5623	4623
2292	1292
5759	4759
3532	2532
5648	4648
7316	6316
8810	7810
10323	9323
7442	6442
8890	7890
6455	5455
2319	1319
2840	1840
3678	2678
6236	5236
4821	3821
9146	8146
1978	978
10398	9398
4903	3903
10669	9669
3151	2151
7222	6222
3679	2679
6883	5883
7706	6706
5433	4433
9693	8693
9817	8817
3136	2136
5539	4539
1974	974
9160	8160
2816	1816
1524	524
10936	9936
1603	603
10383	9383
6682	5682
1049	49
9117	8117
10849	9849
4744	3744
8752	7752
6298	5298
5948	4948
8473	7473
9906	8906
6738	5738
8907	7907
7792	6792
5467	4467
10092	9092
7716	6716
5307	4307
5217	4217
4189	3189
3242	2242
2886	1886
6339	5339
6359	5359
8358	7358
1530	530
8003	7003
10557	9557
1501	501
7878	6878
3047	2047
8175	7175
5623	4623
9952	8952
10015	9015
5044	4044
4713	3713
8508	7508
1190	190
7306	6306
3895	2895
2956	1956
4298	3298
5485	4485
4783	3783
1743	743
2177	1177
6441	5441
4109	3109
6459	5459
9240	8240
2730	1730
7480	6480
3838	2838
1644	644
6306	5306
10124	9124
5427	4427
8512	7512
8702	7702
4600	3600
10272	9272
9116	8116
1328	328
1248	248
4555	3555
4279	3279
8202	7202
9742	8742
7774	6774
3124	2124
5908	4908
3308	2308
4389	3389
5747	4747
8678	7678
5491	4491
9820	8820
3601	2601
5278	4278
8150	7150
4928	3928
10344	9344
5153	4153
5319	4319
5447	4447
6766	5766
8487	7487
8761	7761
9207	8207
2513	1513
5085	4085
2733	1733
3090	2090
7647	6647
9154	8154
5771	4771
5065	4065
1369	369
3444	2444
8100	7100
4812	3812
1191	191
7050	6050
7584	6584
9285	8285
4121	3121
2981	1981
3872	2872
1627	627
8022	7022
6731	5731
9111	8111
6331	5331
7246	6246
6805	5805
7705	6705
10373	9373
10820	9820
9097	8097
4357	3357
10882	9882
9144	8144
4126	3126
4222	3222
6504	5504
2652	1652
6365	5365
8638	7638
1162	162
7023	6023
10123	9123
3243	2243
4669	3669
7848	6848
7476	6476
1943	943
7141	6141
7552	6552
4245	3245
6253	5253
3683	2683
2960	1960
1073	73
7942	6942
4231	3231
3393	2393
6255	5255
9743	8743
6932	5932
6260	5260
7798	6798
2238	1238
4429	3429
7809	6809
8560	7560
8521	7521
6834	5834
10331	9331
9169	8169
10122	9122
9533	8533
4510	3510
7499	6499
4260	3260
6547	5547
10009	9009
7284	6284
8060	7060
4119	3119
4971	3971
9764	8764
3789	2789
1214	214
4865	3865
5399	4399
4128	3128
8783	7783
6570	5570
7217	6217
1467	467
7810	6810
10920	9920
9384	8384
9037	8037
7302	6302
2405	1405
7090	6090
1807	807
7039	6039
9961	8961
2138	1138
8714	7714
6822	5822
1580	580
10538	9538
8618	7618
3536	2536
8390	7390
2480	1480
9074	8074
5598	4598
3381	2381
3288	2288
8809	7809
4523	3523
9643	8643
9857	8857
5938	4938
6260	5260
4456	3456
5386	4386
3196	2196
10942	9942
7394	6394
5462	4462
2578	1578
5249	4249
7197	6197
10943	9943
5640	4640
6877	5877
6478	5478
4521	3521
6444	5444
2686	1686
4844	3844
9018	8018
8219	7219
7425	6425
10575	9575
2006	1006
8948	7948
5491	4491
2817	1817
2498	1498
5800	4800
7234	6234
6830	5830
6501	5501
9194	8194
3578	2578
4578	3578
9206	8206
3692	2692
7390	6390
3962	2962
8844	7844
10896	9896
10721	9721
2258	1258
4992	3992
6676	5676
3423	2423
5909	4909
5701	4701
1754	754
1449	449
7929	6929
9075	8075
9752	8752
4513	3513
5530	4530
2874	1874
2365	1365
3755	2755
6126	5126
2590	1590
10397	9397
5664	4664
10047	9047
7775	6775
7338	6338
1283	283
9881	8881
7162	6162
9940	8940
7631	6631
6064	5064
2408	1408
7442	6442
7557	6557
7967	6967
9756	8756
9266	8266
3285	2285
10113	9113
9671	8671
4814	3814
8474	7474
1159	159
2325	1325
5582	4582
1369	369
2172	1172
4959	3959
9408	8408
9699	8699
2614	1614
8603	7603
5497	4497
6487	5487
2311	1311
3757	2757
11000	10000
5482	4482
9193	8193
6415	5415
6554	5554
10569	9569
