500	253964
6338	5338
8988	7988
7908	6908
1854	854
9873	8873
10479	9479
1567	567
6041	5041
7400	6400
6852	5852
4935	3935
8261	7261
2287	1287
3107	2107
2296	1296
9963	8963
3041	2041
3070	2070
6564	5564
2572	1572
9331	8331
4821	3821
2096	1096
6037	5037
4582	3582
8018	7018
4439	3439
2482	1482
8600	7600
5600	4600
5585	4585
8058	7058
5646	4646
5902	4902
10553	9553
3993	2993
8163	7163
8339	7339
4089	3089
2578	1578
2034	1034
9581	8581
9914	8914
4102	3102
8184	7184
6684	5684
8421	7421
9799	8799
2444	1444
10447	9447
10419	9419
9690	8690
3154	2154
10817	9817
2761	1761
5827	4827
9929	8929
4656	3656
7908	6908
1967	967
2146	1146
2126	1126
3343	2343
7246	6246
4559	3559
10266	9266
7956	6956
7417	6417
9529	8529
8099	7099
8971	7971
9342	8342
3640	2640
3178	2178
6278	5278
5558	4558
6510	5510
10332	9332
3903	2903
4914	3914
1883	883
3311	2311
9415	8415
6579	5579
9006	8006
5379	4379
8526	7526
6356	5356
9160	8160
7450	6450
8825	7825
4346	3346
8495	7495
2015	1015
4869	3869
6180	5180
3039	2039
9949	8949
2046	1046
5446	4446
4796	3796
3721	2721
6725	5725
9823	8823
2766	1766
7254	6254
4634	3634
7824	6824
6008	5008
1482	482
6720	5720
3844	2844
3254	2254
5427	4427
1220	220
7545	6545
3631	2631
7721	6721
10529	9529
10890	9890
5121	4121
5167	4167
7090	6090
10111	9111
3563	2563
6187	5187
4049	3049
8529	7529
7101	6101
9416	8416
4653	3653
7163	6163
3141	2141
6664	5664
7186	6186
4985	3985
10920	9920
4531	3531
3288	2288
10401	9401
3731	2731
10074	9074
10601	9601
10829	9829
8879	7879
10441	9441
6246	5246
7171	6171
6651	5651
2265	1265
10609	9609
6748	5748
2555	1555
2579	1579
7782	6782
10202	9202
9301	8301
1457	457
6042	5042
9311	8311
9332	8332
4069	3069
8774	7774
4471	3471
4854	3854
5482	4482
9399	8399
8629	7629
8694	7694
4363	3363
8642	7642
5867	4867
2767	1767
9899	8899
10149	9149
6159	5159
7123	6123
10357	9357
8903	7903
8665	7665
1425	425
5832	4832
6655	5655
3593	2593
1620	620
7699	6699
9543	8543
4222	3222
6451	5451
7376	6376
2711	1711
1288	288
4630	3630
4031	3031
6547	5547
10556	9556
1836	836
2697	1697
5771	4771
6555	5555
4119	3119
9108	8108
2070	1070
3785	2785
6346	5346
10783	9783
4140	3140
1154	154
1459	459
8867	7867
5241	4241
6766	5766
7106	6106
9596	8596
5655	4655
3915	2915
4064	3064
3606	2606
1399	399
1686	686
10442	9442
9302	8302
8231	7231
6215	5215
8190	7190
5100	4100
7827	6827
7567	6567
9284	8284
4314	3314
8998	7998
7687	6687
6486	5486
2489	1489
9557	8557
5680	4680
3334	2334
1964	964
1914	914
7520	6520
7393	6393
7215	6215
5575	4575
9904	8904
7471	6471
8005	7005
3218	2218
3188	2188
2341	1341
9444	8444
6861	5861
5609	4609
9183	8183
3340	2340
8501	7501
3656	2656
2823	1823
4215	3215
3050	2050
3859	2859
9750	8750
10845	9845
1186	186
9947	8947
1244	244
4621	3621
1284	284
6916	5916
6105	5105
7615	6615
2181	1181
9630	8630
4137	3137
3459	2459
4160	3160
7134	6134
2805	1805
1841	841
5588	4588
6593	5593
6951	5951
9934	8934
4970	3970
7270	6270
3848	2848
4645	3645
5701	4701
9032	8032
8034	7034
10093	9093
4448	3448
1885	885
5562	4562
1060	60
8332	7332
3076	2076
1253	253
10437	9437
2238	1238
9099	8099
2655	1655
2861	1861
10777	9777
2840	1840
1432	432
9427	8427
5491	4491
5153	4153
5464	4464
7110	6110
4734	3734
10522	9522
1109	109
3894	2894
7689	6689
9137	8137
8034	7034
8235	7235
2516	1516
3177	2177
9417	8417
8559	7559
5178	4178
9651	8651
6997	5997
4677	3677
9751	8751
8184	7184
9447	8447
8365	7365
3492	2492
10776	9776
8219	7219
8731	7731
5890	4890
5936	4936
4127	3127
2023	1023
10817	9817
4800	3800
6427	5427
6321	5321
5398	4398
10759	9759
8372	7372
2622	1622
6172	5172
5942	4942
5521	4521
7894	6894
4940	3940
9871	8871
3996	2996
2737	1737
9972	8972
4665	3665
7508	6508
1509	509
5184	4184
10423	9423
6350	5350
2397	1397
2644	1644
4548	3548
5761	4761
7557	6557
7717	6717
3955	2955
5274	4274
6709	5709
5151	4151
1128	128
5610	4610
3465	2465
10488	9488
3779	2779
8123	7123
8310	7310
1520	520
2695	1695
4246	3246
8572	7572
7809	6809
4796	3796
2493	1493
8495	7495
1002	2
1832	832
1917	917
7576	6576
10737	9737
2667	1667
2442	1442
1274	274
10048	9048
7729	6729
4722	3722
9226	8226
10462	9462
6206	5206
10498	9498
4269	3269
10058	9058
10604	9604
8905	7905
3411	2411
4098	3098
2194	1194
9835	8835
2441	1441
2566	1566
4165	3165
9474	8474
9614	8614
4855	3855
5857	4857
4036	3036
10381	9381
2945	1945
9584	8584
3085	2085
8646	7646
9623	8623
7635	6635
5344	4344
10529	9529
4149	3149
6016	5016
7647	6647
7630	6630
3546	2546
1203	203
5838	4838
3394	2394
3253	2253
4393	3393
5701	4701
1712	712
6407	5407
9849	8849
1941	941
9869	8869
8726	7726
1632	632
5873	4873
8629	7629
7061	6061
1792	792
8659	7659
7069	6069
9852	8852
2404	1404
6554	5554
3940	2940
8044	7044
2041	1041
1559	559
7982	6982
10676	9676
8783	7783
5733	4733
6498	5498
5482	4482
6064	5064
9157	8157
6520	5520
10120	9120
4123	3123
7013	6013
5415	4415
1695	695
4017	3017
7375	6375
8721	7721
7714	6714
7054	6054
4715	3715
8515	7515
2469	1469
9265	8265
6105	5105
10969	9969
3176	2176
6436	5436
3595	2595
1241	241
9940	8940
10591	9591
6468	5468
2034	1034
2816	1816
7233	6233
1731	731
9321	8321
8466	7466
1707	707
4614	3614
9076	8076
2930	1930
6542	5542
