500	628502
5684	4684
9154	8154
9114	8114
4035	3035
8194	7194
6799	5799
8441	7441
8018	7018
10661	9661
9942	8942
7667	6667
4676	3676
5992	4992
10610	9610
10324	9324
9980	8980
2490	1490
10092	9092
8466	7466
7619	6619
3981	2981
9110	8110
3257	2257
9056	8056
4027	3027
1409	409
7376	6376
9943	8943
9558	8558
9916	8916
6710	5710
10738	9738
5187	4187
10752	9752
7211	6211
1853	853
3490	2490
2091	1091
7215	6215
10576	9576
5087	4087
2920	1920
5187	4187
2923	1923
7974	6974
1072	72
5719	4719
1426	426
2322	1322
1459	459
3832	2832
9885	8885
9939	8939
2199	1199
2328	1328
5759	4759
1942	942
6410	5410
10526	9526
4815	3815
10285	9285
3702	2702
7185	6185
8059	7059
10813	9813
6997	5997
8419	7419
1667	667
8049	7049
2886	1886
6009	5009
3009	2009
9388	8388
2848	1848
5148	4148
4914	3914
8806	7806
5889	4889
3052	2052
9456	8456
7601	6601
3923	2923
8600	7600
10643	9643
4572	3572
10899	9899
1487	487
4700	3700
4568	3568
3055	2055
3830	2830
2932	1932
1221	221
7572	6572
1218	218
4517	3517
8985	7985
4817	3817
1151	151
8834	7834
1731	731
4723	3723
5659	4659
2196	1196
5017	4017
3922	2922
2849	1849
6027	5027
10590	9590
7528	6528
6034	5034
3846	2846
10177	9177
7366	6366
1343	343
5276	4276
7888	6888
9619	8619
4892	3892
9887	8887
2352	1352
9743	8743
6645	5645
9086	8086
10114	9114
6497	5497
5127	4127
9571	8571
9156	8156
6831	5831
5130	4130
5123	4123
2165	1165
9558	8558
5176	4176
9458	8458
4790	3790
4941	3941
6153	5153
2084	1084
5089	4089
9846	8846
10505	9505
8870	7870
2806	1806
6092	5092
7595	6595
2434	1434
5340	4340
1310	310
9992	8992
3787	2787
10687	9687
8180	7180
7198	6198
6891	5891
3892	2892
6479	5479
7460	6460
8049	7049
9849	8849
6850	5850
3564	2564
6308	5308
8766	7766
5034	4034
7223	6223
4600	3600
9182	8182
6566	5566
3783	2783
4053	3053
1135	135
8517	7517
6230	5230
8382	7382
7647	6647
9909	8909
8778	7778
3447	2447
8154	7154
6731	5731
5038	4038
8353	7353
3558	2558
6843	5843
2957	1957
3285	2285
5373	4373
7816	6816
4245	3245
1054	54
4167	3167
7700	6700
10170	9170
1097	97
8453	7453
1906	906
7987	6987
7133	6133
1859	859
8978	7978
3398	2398
5048	4048
8269	7269
9896	8896
6330	5330
8732	7732
6808	5808
5454	4454
6867	5867
9285	8285
5062	4062
6303	5303
3556	2556
4068	3068
3715	2715
7124	6124
3487	2487
10673	9673
9203	8203
4231	3231
6951	5951
2269	1269
10591	9591
8405	7405
10885	9885
5997	4997
7547	6547
4458	3458
3863	2863
6249	5249
4517	3517
1042	42
2962	1962
2848	1848
9346	8346
5305	4305
10607	9607
2087	1087
4309	3309
4170	3170
8005	7005
7599	6599
10199	9199
10236	9236
10474	9474
1323	323
9627	8627
8283	7283
1948	948
5113	4113
6278	5278
3522	2522
6749	5749
7245	6245
8137	7137
4552	3552
8636	7636
3699	2699
10926	9926
3582	2582
9416	8416
7145	6145
6868	5868
4421	3421
3896	2896
1833	833
8649	7649
6030	5030
8649	7649
2717	1717
1681	681
5148	4148
4638	3638
3145	2145
7336	6336
2447	1447
5730	4730
7135	6135
2911	1911
1285	285
9272	8272
9002	8002
4211	3211
5449	4449
10653	9653
9846	8846
10922	9922
3063	2063
9101	8101
2836	1836
9991	8991
6388	5388
10015	9015
8078	7078
1927	927
7647	6647
4203	3203
9347	8347
3284	2284
2460	1460
1417	417
1557	557
4812	3812
3466	2466
2338	1338
6124	5124
4429	3429
5645	4645
5200	4200
8005	7005
5578	4578
5392	4392
6818	5818
10935	9935
1270	270
4405	3405
10559	9559
10805	9805
2542	1542
5427	4427
8535	7535
2754	1754
3176	2176
3211	2211
1855	855
10927	9927
3847	2847
2378	1378
5175	4175
3991	2991
1095	95
10599	9599
10228	9228
10631	9631
2519	1519
1901	901
8286	7286
6817	5817
7478	6478
1202	202
2351	1351
10366	9366
6917	5917
8712	7712
1475	475
7879	6879
7602	6602
8889	7889
10614	9614
3246	2246
6119	5119
5523	4523
4267	3267
3372	2372
4345	3345
7571	6571
3731	2731
5559	4559
10935	9935
4798	3798
8215	7215
10466	9466
1004	4
10454	9454
7102	6102
7032	6032
6567	5567
4765	3765
3186	2186
2919	1919
4863	3863
6333	5333
2233	1233
3095	2095
2342	1342
10506	9506
10392	9392
10931	9931
1882	882
8615	7615
7097	6097
1632	632
2278	1278
10240	9240
7588	6588
8649	7649
8148	7148
1963	963
3881	2881
8511	7511
6008	5008
5552	4552
4650	3650
3796	2796
3062	2062
10075	9075
5148	4148
8050	7050
3303	2303
9734	8734
9757	8757
1773	773
10761	9761
10463	9463
2570	1570
5430	4430
1737	737
1397	397
7653	6653
4986	3986
1862	862
4225	3225
10441	9441
3786	2786
5202	4202
7682	6682
4139	3139
8013	7013
4017	3017
5058	4058
3273	2273
9258	8258
10226	9226
1223	223
6821	5821
10714	9714
7691	6691
3203	2203
2524	1524
10029	9029
5078	4078
7056	6056
3246	2246
7976	6976
3057	2057
1047	47
4858	3858
6828	5828
6084	5084
8712	7712
2283	1283
2729	1729
4924	3924
3899	2899
1816	816
3207	2207
10238	9238
9854	8854
5158	4158
8335	7335
4255	3255
6233	5233
5268	4268
6746	5746
2974	1974
6136	5136
5327	4327
6863	5863
6854	5854
5982	4982
9356	8356
9527	8527
6083	5083
2086	1086
3816	2816
4312	3312
4493	3493
4688	3688
9778	8778
1950	950
8993	7993
6561	5561
9740	8740
5485	4485
3888	2888
2546	1546
6540	5540
4959	3959
2622	1622
10190	9190
7405	6405
10207	9207
3786	2786
9733	8733
5565	4565
6251	5251
2278	1278
8222	7222
3959	2959
6822	5822
8096	7096
3931	2931
9368	8368
5515	4515
3146	2146
10895	9895
3887	2887
3404	2404
