500	1888401
10526	9526
1327	327
9546	8546
6486	5486
9176	8176
7354	6354
8266	7266
10279	9279
9169	8169
6126	5126
3247	2247
3024	2024
8653	7653
5458	4458
9326	8326
7334	6334
1771	771
4318	3318
7784	6784
4987	3987
10421	9421
10040	9040
6407	5407
7667	6667
1079	79
10584	9584
6683	5683
1598	598
5113	4113
9958	8958
5036	4036
1999	999
3329	2329
2585	1585
10804	9804
10864	9864
9334	8334
10381	9381
10990	9990
9327	8327
5862	4862
10191	9191
4739	3739
4721	3721
10891	9891
9644	8644
5724	4724
7786	6786
5290	4290
6958	5958
9855	8855
9075	8075
4381	3381
10544	9544
10480	9480
6248	5248
1432	432
6284	5284
7750	6750
8935	7935
10152	9152
9216	8216
10176	9176
3234	2234
5081	4081
10460	9460
2400	1400
1700	700
5619	4619
10818	9818
10196	9196
3376	2376
10915	9915
1458	458
4300	3300
1511	511
2665	1665
1849	849
10901	9901
1797	797
5203	4203
5925	4925
5192	4192
1828	828
6447	5447
4310	3310
7360	6360
9450	8450
1133	133
3666	2666
1455	455
9172	8172
4031	3031
4496	3496
6972	5972
2264	1264
6362	5362
3054	2054
8732	7732
8520	7520
3116	2116
6486	5486
7419	6419
2553	1553
9751	8751
6989	5989
6550	5550
3220	2220
7147	6147
9213	8213
5796	4796
8303	7303
7724	6724
8303	7303
1877	877
8758	7758
5263	4263
1783	783
5622	4622
2772	1772
3867	2867
8480	7480
8383	7383
9599	8599
6217	5217
4310	3310
4670	3670
10767	9767
6843	5843
4796	3796
2587	1587
1285	285
7144	6144
4931	3931
9943	8943
4388	3388
1307	307
7749	6749
1620	620
2625	1625
4985	3985
6147	5147
7254	6254
7024	6024
7652	6652
6011	5011
10776	9776
10699	9699
8328	7328
1340	340
10149	9149
3718	2718
6311	5311
1220	220
1055	55
3721	2721
2767	1767
1301	301
7146	6146
3166	2166
5020	4020
10937	9937
4743	3743
8522	7522
7980	6980
2116	1116
3610	2610
1273	273
3578	2578
4217	3217
3660	2660
5854	4854
1209	209
6741	5741
9241	8241
7143	6143
9181	8181
10046	9046
5651	4651
1187	187
10905	9905
7438	6438
3845	2845
1245	245
2690	1690
4123	3123
1133	133
6358	5358
9919	8919
3279	2279
7537	6537
6088	5088
5309	4309
7089	6089
9146	8146
1482	482
3099	2099
4143	3143
9370	8370
2389	1389
2087	1087
2806	1806
4351	3351
4457	3457
9335	8335
6592	5592
2727	1727
5094	4094
3366	2366
10184	9184
6203	5203
4962	3962
6391	5391
8920	7920
10634	9634
6703	5703
5042	4042
7164	6164
10849	9849
7787	6787
6018	5018
4406	3406
8593	7593
2143	1143
5820	4820
9589	8589
3479	2479
4031	3031
9904	8904
5190	4190
2690	1690
7809	6809
10537	9537
10700	9700
6888	5888
1238	238
8098	7098
5779	4779
2773	1773
7539	6539
5923	4923
8410	7410
5906	4906
7863	6863
6007	5007
1723	723
9076	8076
5539	4539
3160	2160
6653	5653
6306	5306
5464	4464
4098	3098
8045	7045
4493	3493
4795	3795
10807	9807
8842	7842
5392	4392
5330	4330
8187	7187
8407	7407
9807	8807
10204	9204
1278	278
1545	545
10360	9360
10848	9848
10823	9823
8220	7220
2050	1050
1888	888
10717	9717
4840	3840
10391	9391
7191	6191
1184	184
8169	7169
5711	4711
7013	6013
3095	2095
8472	7472
6460	5460
10883	9883
5141	4141
5104	4104
4273	3273
5771	4771
8791	7791
5673	4673
2579	1579
9664	8664
10795	9795
7968	6968
9443	8443
2598	1598
9301	8301
5695	4695
3716	2716
1433	433
4599	3599
5736	4736
1490	490
5940	4940
2572	1572
2633	1633
10182	9182
9641	8641
3190	2190
2550	1550
8494	7494
7621	6621
1234	234
1365	365
9479	8479
8385	7385
2515	1515
1872	872
10274	9274
5889	4889
5855	4855
5427	4427
4581	3581
5363	4363
4454	3454
2504	1504
3355	2355
2184	1184
6614	5614
2276	1276
10730	9730
5612	4612
6860	5860
8640	7640
9612	8612
10988	9988
5220	4220
4134	3134
9639	8639
3694	2694
7519	6519
5313	4313
1729	729
6984	5984
3795	2795
5197	4197
6633	5633
7179	6179
4820	3820
3971	2971
10614	9614
1943	943
6652	5652
7495	6495
3610	2610
5666	4666
6438	5438
5653	4653
2166	1166
7600	6600
5625	4625
4773	3773
10099	9099
7719	6719
6977	5977
3194	2194
1070	70
1861	861
2316	1316
10517	9517
2432	1432
8056	7056
3192	2192
3669	2669
4002	3002
9724	8724
3545	2545
9198	8198
10423	9423
2649	1649
5971	4971
2841	1841
2270	1270
8679	7679
9562	8562
2918	1918
6071	5071
8187	7187
5102	4102
2171	1171
6973	5973
1971	971
6849	5849
4945	3945
6266	5266
6575	5575
10651	9651
10478	9478
6921	5921
1807	807
2507	1507
7632	6632
8971	7971
8562	7562
9396	8396
1530	530
9982	8982
4853	3853
8597	7597
9341	8341
4824	3824
2805	1805
7420	6420
3079	2079
9902	8902
8209	7209
1699	699
2059	1059
10030	9030
4288	3288
2235	1235
9914	8914
9097	8097
3237	2237
9664	8664
5309	4309
6170	5170
9312	8312
8953	7953
10536	9536
9491	8491
1551	551
7125	6125
4048	3048
2952	1952
1192	192
7820	6820
10735	9735
3433	2433
3785	2785
7217	6217
9797	8797
6203	5203
7255	6255
1060	60
10589	9589
6662	5662
6592	5592
3792	2792
9454	8454
3425	2425
7033	6033
6422	5422
10036	9036
1097	97
3036	2036
6906	5906
8062	7062
9705	8705
4114	3114
4090	3090
9677	8677
8717	7717
4194	3194
3925	2925
4428	3428
4829	3829
10819	9819
7986	6986
9962	8962
9290	8290
9663	8663
2458	1458
3415	2415
8170	7170
7204	6204
8833	7833
1722	722
6091	5091
6302	5302
2705	1705
1875	875
5122	4122
6908	5908
5159	4159
3512	2512
10775	9775
3528	2528
2320	1320
6095	5095
9163	8163
1574	574
4100	3100
5127	4127
8398	7398
1812	812
1510	510
3928	2928
7630	6630
5160	4160
