500	602009
6085	5085
10290	9290
8725	7725
7423	6423
1065	65
1097	97
8790	7790
9869	8869
2356	1356
4875	3875
2668	1668
3244	2244
2451	1451
4274	3274
10650	9650
3373	2373
9984	8984
4292	3292
10453	9453
7170	6170
7412	6412
1941	941
9984	8984
1663	663
1608	608
9410	8410
5461	4461
3517	2517
3392	2392
9329	8329
4639	3639
2525	1525
1512	512
7609	6609
5165	4165
2765	1765
8183	7183
8699	7699
3311	2311
1247	247
4706	3706
9621	8621
4517	3517
3097	2097
1787	787
5494	4494
8554	7554
10686	9686
3794	2794
5798	4798
9287	8287
7330	6330
9191	8191
6393	5393
10787	9787
3329	2329
2839	1839
1045	45
1126	126
3451	2451
2992	1992
6309	5309
10979	9979
10140	9140
8938	7938
6453	5453
3123	2123
9533	8533
6237	5237
5886	4886
4050	3050
10962	9962
2081	1081
10249	9249
1033	33
8306	7306
10511	9511
5874	4874
4319	3319
3715	2715
4124	3124
1576	576
2057	1057
1022	22
5206	4206
9453	8453
7487	6487
7930	6930
2026	1026
10641	9641
6546	5546
5666	4666
4646	3646
7850	6850
3878	2878
3624	2624
3341	2341
1894	894
7408	6408
6974	5974
9852	8852
3410	2410
4320	3320
1515	515
8336	7336
6703	5703
5751	4751
4958	3958
3509	2509
7312	6312
8862	7862
1944	944
4781	3781
9740	8740
2500	1500
4189	3189
10960	9960
6497	5497
10369	9369
7605	6605
8655	7655
10720	9720
9670	8670
6328	5328
9669	8669
6784	5784
10974	9974
1156	156
10446	9446
1804	804
5981	4981
6970	5970
1321	321
5487	4487
5890	4890
4601	3601
5478	4478
3711	2711
9694	8694
3713	2713
8962	7962
5475	4475
1550	550
4215	3215
8356	7356
8633	7633
4701	3701
7872	6872
8967	7967
6753	5753
6042	5042
8384	7384
9261	8261
7375	6375
8247	7247
2938	1938
2900	1900
6674	5674
8662	7662
8133	7133
2346	1346
7147	6147
2432	1432
2554	1554
10792	9792
2998	1998
9247	8247
4043	3043
9184	8184
4249	3249
1687	687
10575	9575
2427	1427
4346	3346
10483	9483
4601	3601
4589	3589
7706	6706
4914	3914
8152	7152
3700	2700
4150	3150
1705	705
4541	3541
2768	1768
5747	4747
10996	9996
5111	4111
2617	1617
9847	8847
6252	5252
7954	6954
5740	4740
4537	3537
8707	7707
3316	2316
5819	4819
8019	7019
3048	2048
10058	9058
3774	2774
9526	8526
6700	5700
8976	7976
8648	7648
9066	8066
1771	771
10319	9319
3703	2703
5543	4543
2527	1527
10907	9907
1147	147
8510	7510
6429	5429
5888	4888
1272	272
3401	2401
3544	2544
10451	9451
1734	734
3098	2098
9425	8425
9647	8647
3139	2139
7686	6686
5776	4776
9097	8097
3786	2786
8400	7400
3881	2881
4966	3966
4787	3787
5567	4567
1677	677
7874	6874
8597	7597
1589	589
2828	1828
3701	2701
6137	5137
2447	1447
2973	1973
9699	8699
9843	8843
5419	4419
9672	8672
10107	9107
4690	3690
6464	5464
10663	9663
3646	2646
7925	6925
9980	8980
3433	2433
7591	6591
9661	8661
7794	6794
3740	2740
5688	4688
4557	3557
10712	9712
6790	5790
9825	8825
2288	1288
8073	7073
5503	4503
4223	3223
8028	7028
10926	9926
3113	2113
2028	1028
3174	2174
4411	3411
6987	5987
6232	5232
2113	1113
7646	6646
5732	4732
9233	8233
1266	266
5760	4760
1176	176
3794	2794
5817	4817
2362	1362
3002	2002
2912	1912
4780	3780
3254	2254
7652	6652
3455	2455
9297	8297
9899	8899
4105	3105
5202	4202
3075	2075
3830	2830
1395	395
7541	6541
9771	8771
6508	5508
8704	7704
5698	4698
2493	1493
6715	5715
9171	8171
9372	8372
6937	5937
8260	7260
3323	2323
3880	2880
1177	177
7656	6656
9884	8884
1311	311
1358	358
3813	2813
10605	9605
8447	7447
3394	2394
3194	2194
5271	4271
1635	635
2664	1664
9516	8516
4454	3454
4690	3690
1617	617
3135	2135
10481	9481
8504	7504
2962	1962
2916	1916
8424	7424
4312	3312
5492	4492
5072	4072
3007	2007
7812	6812
4947	3947
2642	1642
9810	8810
5790	4790
5422	4422
5376	4376
8856	7856
6043	5043
3194	2194
8254	7254
10029	9029
5630	4630
2081	1081
6263	5263
4909	3909
5232	4232
6030	5030
8435	7435
2326	1326
8343	7343
2041	1041
6596	5596
3426	2426
6342	5342
6304	5304
1586	586
5235	4235
7983	6983
4649	3649
7270	6270
9368	8368
6549	5549
3315	2315
1025	25
4309	3309
8610	7610
1447	447
5014	4014
3514	2514
7568	6568
3231	2231
1888	888
4429	3429
2598	1598
1357	357
8362	7362
9488	8488
9132	8132
3329	2329
9609	8609
7083	6083
3488	2488
5991	4991
3876	2876
10248	9248
7789	6789
10945	9945
10636	9636
8165	7165
6967	5967
2762	1762
8423	7423
3529	2529
10563	9563
8182	7182
6150	5150
2856	1856
5526	4526
8317	7317
2662	1662
1147	147
2283	1283
5133	4133
2848	1848
3304	2304
8784	7784
10004	9004
5649	4649
9913	8913
1715	715
4793	3793
6619	5619
10524	9524
3076	2076
6022	5022
10244	9244
9575	8575
5530	4530
6813	5813
9983	8983
3338	2338
10449	9449
2773	1773
3022	2022
6873	5873
6260	5260
7012	6012
1239	239
4633	3633
9973	8973
2238	1238
7453	6453
6043	5043
5764	4764
4248	3248
1039	39
3886	2886
7658	6658
6064	5064
8421	7421
9345	8345
3312	2312
9658	8658
1977	977
6431	5431
8878	7878
3832	2832
4823	3823
4863	3863
1607	607
5200	4200
4991	3991
3143	2143
6405	5405
9061	8061
3901	2901
3127	2127
1238	238
1069	69
1947	947
11000	10000
9303	8303
3627	2627
5415	4415
3330	2330
4320	3320
1144	144
1242	242
4762	3762
4849	3849
4751	3751
10877	9877
4603	3603
6975	5975
4830	3830
6182	5182
7777	6777
3046	2046
6716	5716
6028	5028
10928	9928
4530	3530
9690	8690
5595	4595
10843	9843
10904	9904
5985	4985
5639	4639
2246	1246
10925	9925
