500	1860801
5114	4114
7332	6332
7945	6945
5965	4965
4445	3445
6942	5942
7885	6885
9601	8601
3242	2242
8919	7919
3875	2875
8742	7742
3965	2965
6567	5567
2805	1805
1896	896
6865	5865
4589	3589
4142	3142
1616	616
2039	1039
7474	6474
5718	4718
1618	618
5625	4625
5044	4044
3248	2248
7678	6678
2427	1427
7441	6441
1772	772
10601	9601
10039	9039
6985	5985
3191	2191
10158	9158
10183	9183
6342	5342
5167	4167
9609	8609
5304	4304
7932	6932
7778	6778
10016	9016
10375	9375
5148	4148
8212	7212
9861	8861
10408	9408
9068	8068
6246	5246
1843	843
7588	6588
8271	7271
3787	2787
5099	4099
7886	6886
1408	408
8586	7586
10837	9837
4115	3115
9037	8037
1661	661
3543	2543
10852	9852
3175	2175
6834	5834
3638	2638
7534	6534
6423	5423
4837	3837
6124	5124
7291	6291
8364	7364
5120	4120
1503	503
9051	8051
9656	8656
9848	8848
4213	3213
3431	2431
6863	5863
8834	7834
7442	6442
2945	1945
1809	809
1526	526
9121	8121
9353	8353
8571	7571
6286	5286
4570	3570
8386	7386
7555	6555
9836	8836
3651	2651
3967	2967
4301	3301
9110	8110
5316	4316
6589	5589
1519	519
7022	6022
6667	5667
1819	819
6088	5088
5715	4715
5238	4238
3779	2779
2052	1052
4122	3122
7730	6730
1894	894
6814	5814
4818	3818
5986	4986
3250	2250
7681	6681
10122	9122
1123	123
8298	7298
7957	6957
10327	9327
4540	3540
4792	3792
9820	8820
6724	5724
2245	1245
9955	8955
2684	1684
8123	7123
1654	654
2804	1804
8905	7905
9133	8133
5166	4166
6961	5961
6433	5433
3846	2846
8497	7497
7689	6689
3132	2132
6961	5961
4483	3483
10792	9792
1296	296
1155	155
5327	4327
3593	2593
7632	6632
10455	9455
2691	1691
8160	7160
7787	6787
1925	925
8470	7470
6473	5473
9545	8545
10428	9428
1932	932
3667	2667
3954	2954
6946	5946
6291	5291
7242	6242
2760	1760
1701	701
8492	7492
9026	8026
7598	6598
8279	7279
1685	685
5198	4198
10138	9138
5096	4096
2013	1013
10071	9071
4502	3502
5929	4929
7321	6321
1273	273
7728	6728
2943	1943
8349	7349
2210	1210
1805	805
7591	6591
1704	704
10869	9869
4389	3389
5361	4361
1825	825
9240	8240
8745	7745
7093	6093
4140	3140
9173	8173
10550	9550
2700	1700
6165	5165
6452	5452
5869	4869
7225	6225
10743	9743
10043	9043
10566	9566
5403	4403
4479	3479
1677	677
10062	9062
3333	2333
5756	4756
8712	7712
7171	6171
2259	1259
9027	8027
5055	4055
2953	1953
6129	5129
8722	7722
1792	792
6641	5641
8949	7949
9355	8355
3821	2821
3945	2945
9252	8252
2994	1994
6148	5148
6509	5509
10721	9721
3766	2766
8340	7340
2398	1398
4846	3846
5474	4474
5646	4646
6618	5618
2763	1763
4052	3052
5514	4514
8186	7186
1437	437
10548	9548
10779	9779
6969	5969
2152	1152
3290	2290
1327	327
4710	3710
6293	5293
4854	3854
10532	9532
6756	5756
8843	7843
7415	6415
8624	7624
10336	9336
4107	3107
8004	7004
7093	6093
5519	4519
9895	8895
7628	6628
2136	1136
5413	4413
4070	3070
10130	9130
9917	8917
2831	1831
9876	8876
9249	8249
1542	542
10278	9278
7447	6447
2756	1756
4215	3215
2242	1242
9675	8675
5314	4314
2196	1196
9076	8076
3546	2546
8706	7706
1606	606
2802	1802
6186	5186
1544	544
6370	5370
8333	7333
2466	1466
5058	4058
7196	6196
1816	816
4772	3772
7037	6037
9362	8362
9235	8235
2964	1964
8814	7814
1402	402
1061	61
6455	5455
6654	5654
5779	4779
5896	4896
10219	9219
2080	1080
2581	1581
1653	653
1381	381
10639	9639
4453	3453
7069	6069
2657	1657
6399	5399
10847	9847
6352	5352
2032	1032
3690	2690
8268	7268
6043	5043
9644	8644
1610	610
10125	9125
7862	6862
10426	9426
1547	547
10979	9979
4913	3913
5744	4744
5348	4348
7924	6924
7896	6896
8594	7594
2999	1999
7928	6928
5289	4289
1557	557
2442	1442
8851	7851
2877	1877
7521	6521
4856	3856
4237	3237
10067	9067
7421	6421
10853	9853
1937	937
10983	9983
4672	3672
1268	268
2174	1174
6578	5578
8226	7226
4409	3409
7144	6144
6966	5966
2100	1100
4565	3565
1442	442
7197	6197
7792	6792
4765	3765
9322	8322
10176	9176
9918	8918
10923	9923
6890	5890
8428	7428
2605	1605
6306	5306
8143	7143
7911	6911
3104	2104
9499	8499
3748	2748
2422	1422
1649	649
2804	1804
7552	6552
8108	7108
2961	1961
9045	8045
3798	2798
2568	1568
9805	8805
5186	4186
7894	6894
8260	7260
6988	5988
1034	34
10396	9396
8567	7567
8377	7377
5914	4914
1866	866
2154	1154
10061	9061
10902	9902
4592	3592
2266	1266
2395	1395
8421	7421
8834	7834
4067	3067
8311	7311
6515	5515
6555	5555
10417	9417
7133	6133
8242	7242
6678	5678
7245	6245
7351	6351
1889	889
6806	5806
3981	2981
7900	6900
6162	5162
4288	3288
10884	9884
10336	9336
8763	7763
9024	8024
2528	1528
6039	5039
1544	544
5186	4186
7392	6392
2128	1128
8193	7193
9405	8405
1578	578
1999	999
5257	4257
2918	1918
2272	1272
3199	2199
3685	2685
2059	1059
8202	7202
2180	1180
10225	9225
5199	4199
3635	2635
9152	8152
3447	2447
4115	3115
10093	9093
8383	7383
10270	9270
1372	372
1521	521
2224	1224
2736	1736
3703	2703
1484	484
3885	2885
4978	3978
8007	7007
7281	6281
2108	1108
8070	7070
10413	9413
6623	5623
8147	7147
3087	2087
2030	1030
7585	6585
2699	1699
1126	126
1457	457
10819	9819
7975	6975
10457	9457
3301	2301
7592	6592
1207	207
8770	7770
7122	6122
10161	9161
8303	7303
4107	3107
7442	6442
2283	1283
5254	4254
9635	8635
3512	2512
6065	5065
3018	2018
1709	709
4260	3260
10210	9210
6458	5458
3463	2463
2532	1532
6481	5481
4332	3332
4716	3716
