500	1273032
6177	5177
8296	7296
8436	7436
3530	2530
8823	7823
3900	2900
9328	8328
9726	8726
6466	5466
2080	1080
10902	9902
2127	1127
7392	6392
10962	9962
7427	6427
2327	1327
9725	8725
2591	1591
3704	2704
9675	8675
8878	7878
1878	878
5668	4668
6949	5949
5718	4718
9820	8820
2000	1000
5219	4219
10735	9735
7141	6141
9369	8369
2358	1358
8569	7569
5352	4352
4174	3174
9443	8443
8645	7645
10375	9375
10892	9892
4192	3192
4732	3732
2496	1496
5000	4000
9294	8294
7624	6624
9465	8465
10034	9034
10062	9062
7485	6485
6413	5413
10322	9322
10947	9947
4833	3833
5023	4023
9641	8641
4295	3295
10087	9087
1509	509
3194	2194
3461	2461
3864	2864
8023	7023
3611	2611
4933	3933
3287	2287
10021	9021
3745	2745
1827	827
8617	7617
5865	4865
10234	9234
6375	5375
3753	2753
4411	3411
9738	8738
6376	5376
2227	1227
1205	205
6389	5389
9426	8426
8254	7254
7069	6069
4331	3331
7932	6932
8913	7913
6095	5095
5387	4387
10774	9774
10618	9618
9113	8113
6322	5322
10461	9461
2120	1120
8288	7288
5011	4011
4580	3580
9851	8851
5785	4785
4635	3635
2505	1505
1047	47
10165	9165
7863	6863
1048	48
5071	4071
4951	3951
10588	9588
5428	4428
9451	8451
4776	3776
8493	7493
3412	2412
8036	7036
4321	3321
1260	260
6631	5631
1899	899
3602	2602
9887	8887
5021	4021
10612	9612
9665	8665
6862	5862
2752	1752
4829	3829
3285	2285
8791	7791
7242	6242
3546	2546
4194	3194
2062	1062
5851	4851
10671	9671
8282	7282
9673	8673
8332	7332
10889	9889
7125	6125
9975	8975
6448	5448
5888	4888
8356	7356
3043	2043
8586	7586
5239	4239
3521	2521
5540	4540
3171	2171
5414	4414
1556	556
2031	1031
6297	5297
6506	5506
1798	798
4757	3757
8199	7199
4316	3316
8757	7757
1015	15
8730	7730
2052	1052
10195	9195
3205	2205
2311	1311
3638	2638
8686	7686
8852	7852
6159	5159
5016	4016
6050	5050
6549	5549
6194	5194
7224	6224
5804	4804
1508	508
7434	6434
1390	390
2690	1690
8882	7882
3927	2927
6451	5451
3721	2721
4009	3009
4182	3182
4053	3053
4543	3543
5747	4747
8730	7730
9660	8660
10204	9204
4359	3359
10231	9231
10359	9359
4447	3447
10093	9093
6482	5482
3609	2609
3372	2372
2130	1130
2998	1998
8251	7251
7632	6632
2147	1147
3919	2919
10031	9031
3767	2767
3382	2382
4559	3559
1025	25
9362	8362
5367	4367
2518	1518
7563	6563
4927	3927
9136	8136
6228	5228
6370	5370
3450	2450
9452	8452
7617	6617
9599	8599
9741	8741
7128	6128
6793	5793
10646	9646
4498	3498
10682	9682
7532	6532
1039	39
3134	2134
1816	816
2434	1434
8355	7355
1376	376
9275	8275
8964	7964
6232	5232
2649	1649
3607	2607
2251	1251
1684	684
1251	251
4921	3921
4894	3894
3202	2202
1325	325
1796	796
3159	2159
10342	9342
8630	7630
10357	9357
10441	9441
6091	5091
10722	9722
6487	5487
1023	23
5048	4048
10288	9288
8198	7198
9165	8165
5618	4618
8252	7252
3734	2734
9635	8635
4042	3042
9612	8612
1401	401
6338	5338
9328	8328
7457	6457
9432	8432
2291	1291
7632	6632
7555	6555
8988	7988
4747	3747
3472	2472
3913	2913
1096	96
3415	2415
5769	4769
8985	7985
2246	1246
3565	2565
10377	9377
5597	4597
5334	4334
2269	1269
3353	2353
10544	9544
7972	6972
9212	8212
4025	3025
9649	8649
1788	788
2276	1276
10629	9629
10969	9969
8236	7236
3302	2302
3660	2660
3341	2341
4960	3960
8031	7031
5316	4316
4116	3116
10305	9305
3222	2222
6667	5667
6354	5354
7888	6888
10984	9984
9393	8393
6367	5367
4109	3109
10468	9468
6549	5549
3516	2516
2233	1233
6811	5811
9096	8096
6972	5972
4077	3077
10004	9004
10438	9438
5325	4325
5982	4982
7038	6038
9346	8346
9017	8017
8986	7986
9380	8380
6282	5282
5032	4032
6985	5985
3060	2060
8551	7551
3566	2566
5636	4636
9413	8413
5614	4614
3436	2436
8075	7075
7937	6937
7288	6288
10536	9536
4225	3225
2614	1614
4029	3029
10332	9332
6218	5218
10730	9730
6558	5558
8119	7119
3717	2717
1285	285
6688	5688
3895	2895
8812	7812
5304	4304
5031	4031
1797	797
1153	153
10595	9595
9246	8246
4758	3758
9537	8537
9057	8057
9688	8688
3661	2661
4826	3826
5788	4788
1334	334
6229	5229
6014	5014
6006	5006
1911	911
9370	8370
8769	7769
9922	8922
3105	2105
3700	2700
1816	816
3983	2983
3697	2697
5801	4801
10991	9991
10645	9645
7882	6882
3272	2272
4640	3640
4677	3677
4522	3522
1686	686
1397	397
1018	18
4487	3487
6476	5476
1177	177
5013	4013
9669	8669
1865	865
7713	6713
3408	2408
8689	7689
3681	2681
3092	2092
2140	1140
7500	6500
7715	6715
10919	9919
2648	1648
5328	4328
4968	3968
2634	1634
9539	8539
8323	7323
1085	85
4906	3906
1823	823
1456	456
10054	9054
6609	5609
9121	8121
1086	86
8477	7477
4127	3127
4713	3713
1285	285
4553	3553
8792	7792
8387	7387
10579	9579
3445	2445
9128	8128
4426	3426
7428	6428
9561	8561
2933	1933
4107	3107
7880	6880
8158	7158
8382	7382
8625	7625
8577	7577
8888	7888
1265	265
5204	4204
9828	8828
3682	2682
1708	708
4258	3258
5977	4977
5074	4074
4978	3978
7657	6657
10438	9438
8033	7033
4798	3798
3868	2868
10584	9584
9033	8033
2480	1480
8107	7107
3991	2991
4514	3514
1085	85
2849	1849
5649	4649
4663	3663
9165	8165
9867	8867
10308	9308
5629	4629
5869	4869
1740	740
5475	4475
2341	1341
2655	1655
7326	6326
8851	7851
10816	9816
10830	9830
5468	4468
8086	7086
1867	867
9020	8020
5763	4763
1186	186
7274	6274
2528	1528
3619	2619
1757	757
10170	9170
2387	1387
10709	9709
10779	9779
8712	7712
7842	6842
1024	24
