500	1893810
2990	1990
8362	7362
8044	7044
5120	4120
9715	8715
2520	1520
9760	8760
4065	3065
9834	8834
5430	4430
9113	8113
2438	1438
8407	7407
8056	7056
8975	7975
4872	3872
1018	18
1307	307
8332	7332
9497	8497
4015	3015
3310	2310
9278	8278
2486	1486
7378	6378
1114	114
2065	1065
8387	7387
3503	2503
6920	5920
1893	893
4479	3479
10107	9107
1300	300
5666	4666
1350	350
5213	4213
2395	1395
9254	8254
5185	4185
2466	1466
7810	6810
6115	5115
2609	1609
6094	5094
8546	7546
6450	5450
7399	6399
3185	2185
5243	4243
1586	586
8838	7838
1953	953
9985	8985
2850	1850
2269	1269
4777	3777
8069	7069
1527	527
6143	5143
9778	8778
1110	110
9462	8462
1536	536
1951	951
7110	6110
10091	9091
10082	9082
10295	9295
8512	7512
9083	8083
9754	8754
7563	6563
6963	5963
8468	7468
6917	5917
6037	5037
4583	3583
10885	9885
1014	14
7659	6659
1492	492
7878	6878
7857	6857
1197	197
1587	587
7892	6892
8076	7076
1686	686
4381	3381
8573	7573
8835	7835
4735	3735
3039	2039
1942	942
10215	9215
4079	3079
7367	6367
8058	7058
6986	5986
10391	9391
6191	5191
9931	8931
4670	3670
6492	5492
1247	247
10794	9794
2563	1563
10698	9698
9824	8824
9420	8420
7769	6769
8666	7666
3955	2955
2533	1533
7053	6053
8428	7428
3980	2980
5951	4951
10821	9821
2198	1198
1788	788
7957	6957
6642	5642
6373	5373
10118	9118
2204	1204
7571	6571
5830	4830
8557	7557
8204	7204
9880	8880
2284	1284
6827	5827
4154	3154
3523	2523
7066	6066
4981	3981
4090	3090
8882	7882
10603	9603
9644	8644
3631	2631
6949	5949
3960	2960
9551	8551
10161	9161
4214	3214
1817	817
4370	3370
9599	8599
1253	253
6108	5108
2899	1899
1113	113
7518	6518
4217	3217
8566	7566
3394	2394
7010	6010
9503	8503
2295	1295
4129	3129
5030	4030
5678	4678
10544	9544
7478	6478
4053	3053
1945	945
6015	5015
5642	4642
10026	9026
10885	9885
9504	8504
1680	680
6806	5806
1539	539
8214	7214
4197	3197
9355	8355
4654	3654
7396	6396
7242	6242
1109	109
1715	715
9861	8861
10267	9267
8175	7175
4158	3158
8620	7620
9386	8386
1998	998
9123	8123
3965	2965
10107	9107
10896	9896
3340	2340
4740	3740
9855	8855
5279	4279
3468	2468
1138	138
6592	5592
8397	7397
1027	27
8139	7139
5782	4782
4551	3551
4686	3686
1033	33
2638	1638
1152	152
9951	8951
5428	4428
5655	4655
8042	7042
7342	6342
10789	9789
1900	900
6328	5328
2834	1834
8965	7965
10891	9891
7426	6426
7363	6363
7253	6253
8482	7482
1680	680
3644	2644
3993	2993
6831	5831
1964	964
8444	7444
6644	5644
1343	343
4212	3212
10012	9012
8394	7394
9496	8496
5989	4989
5883	4883
7496	6496
5361	4361
10884	9884
8353	7353
5195	4195
10653	9653
3306	2306
4104	3104
5559	4559
8908	7908
7962	6962
5287	4287
2593	1593
2742	1742
1323	323
1126	126
7113	6113
6248	5248
10945	9945
4816	3816
6847	5847
9742	8742
4134	3134
9958	8958
7516	6516
7670	6670
5337	4337
2424	1424
8355	7355
9240	8240
1449	449
2778	1778
8670	7670
10227	9227
9999	8999
6676	5676
4572	3572
3329	2329
3446	2446
9575	8575
7404	6404
3922	2922
9741	8741
2716	1716
9226	8226
10154	9154
5623	4623
5347	4347
7206	6206
6492	5492
9155	8155
7236	6236
6231	5231
1975	975
8059	7059
7803	6803
6093	5093
6968	5968
5293	4293
5163	4163
8642	7642
5801	4801
10278	9278
7020	6020
1461	461
9343	8343
9305	8305
10847	9847
9847	8847
3586	2586
7390	6390
5264	4264
2949	1949
1261	261
9664	8664
6286	5286
9589	8589
3613	2613
9130	8130
5061	4061
5178	4178
5788	4788
3790	2790
9166	8166
8578	7578
2087	1087
5611	4611
3369	2369
2656	1656
5649	4649
3804	2804
5647	4647
1969	969
10370	9370
6825	5825
4331	3331
8902	7902
1257	257
9666	8666
3845	2845
1042	42
8712	7712
9069	8069
4759	3759
1365	365
2586	1586
7447	6447
7615	6615
2323	1323
4788	3788
2486	1486
6329	5329
10343	9343
3319	2319
7324	6324
10759	9759
1144	144
1730	730
3061	2061
1383	383
7815	6815
7054	6054
10354	9354
7669	6669
6315	5315
6473	5473
4938	3938
7121	6121
5876	4876
3130	2130
1569	569
10179	9179
1798	798
7021	6021
4751	3751
10692	9692
3256	2256
4663	3663
7112	6112
9075	8075
10845	9845
4217	3217
9981	8981
7037	6037
3223	2223
10278	9278
7312	6312
2802	1802
2667	1667
7549	6549
3418	2418
9708	8708
10772	9772
8995	7995
5291	4291
8456	7456
3691	2691
1579	579
10878	9878
7448	6448
10201	9201
9985	8985
6032	5032
4342	3342
3431	2431
10809	9809
6146	5146
8616	7616
10142	9142
5320	4320
10681	9681
8430	7430
8681	7681
6539	5539
3374	2374
9233	8233
7277	6277
6110	5110
3214	2214
5986	4986
7698	6698
9093	8093
4507	3507
3363	2363
2148	1148
3763	2763
2751	1751
4877	3877
1877	877
3033	2033
4762	3762
2235	1235
2737	1737
5499	4499
2185	1185
6833	5833
5559	4559
2231	1231
4638	3638
6880	5880
5347	4347
8113	7113
10901	9901
3960	2960
8105	7105
7657	6657
10165	9165
3644	2644
9760	8760
10753	9753
4389	3389
5653	4653
7725	6725
1329	329
2271	1271
5981	4981
6920	5920
2021	1021
5672	4672
10420	9420
8878	7878
2192	1192
5727	4727
7090	6090
10086	9086
4812	3812
9630	8630
6467	5467
7554	6554
2516	1516
1912	912
2316	1316
2503	1503
2519	1519
10108	9108
9907	8907
4338	3338
3852	2852
8700	7700
10542	9542
4382	3382
7114	6114
1405	405
4556	3556
5024	4024
7699	6699
7343	6343
4485	3485
9545	8545
2070	1070
6054	5054
7468	6468
7317	6317
5012	4012
2341	1341
1882	882
4847	3847
10656	9656
2023	1023
