500	619400
10703	9703
7844	6844
3755	2755
1169	169
2711	1711
2804	1804
4174	3174
4158	3158
3004	2004
1646	646
6124	5124
5438	4438
10799	9799
5145	4145
5156	4156
5187	4187
1845	845
7983	6983
10885	9885
4721	3721
8529	7529
8425	7425
7517	6517
9464	8464
1647	647
8484	7484
8575	7575
4839	3839
7523	6523
5064	4064
3799	2799
7171	6171
5511	4511
3881	2881
1055	55
10609	9609
5320	4320
9122	8122
8290	7290
7415	6415
5856	4856
10950	9950
3035	2035
7107	6107
8825	7825
1144	144
1146	146
2218	1218
10341	9341
8567	7567
4734	3734
4873	3873
4191	3191
8854	7854
1401	401
4062	3062
10382	9382
4864	3864
6238	5238
5893	4893
1206	206
3863	2863
5750	4750
10688	9688
6685	5685
6722	5722
9842	8842
10653	9653
5796	4796
2314	1314
4142	3142
3898	2898
10815	9815
4671	3671
7899	6899
9467	8467
7926	6926
2386	1386
10699	9699
5700	4700
9785	8785
3545	2545
9889	8889
9307	8307
6907	5907
4799	3799
4565	3565
7870	6870
2280	1280
4223	3223
7379	6379
1650	650
2737	1737
7663	6663
8596	7596
3128	2128
10721	9721
5058	4058
9333	8333
7313	6313
10799	9799
3918	2918
3432	2432
10822	9822
1125	125
10697	9697
8726	7726
9317	8317
2978	1978
8775	7775
6664	5664
1893	893
7905	6905
10581	9581
10616	9616
2905	1905
8823	7823
3306	2306
7388	6388
8840	7840
4917	3917
2961	1961
8586	7586
5756	4756
8474	7474
2908	1908
8309	7309
1864	864
1600	600
6524	5524
4801	3801
2823	1823
6505	5505
3039	2039
9371	8371
6813	5813
2905	1905
9595	8595
6693	5693
10338	9338
7919	6919
8159	7159
6960	5960
1895	895
4172	3172
8700	7700
3842	2842
10627	9627
5533	4533
3678	2678
5726	4726
3710	2710
2835	1835
2481	1481
5466	4466
8772	7772
4893	3893
8450	7450
6404	5404
8109	7109
9342	8342
2599	1599
8880	7880
6129	5129
9841	8841
4358	3358
1740	740
4118	3118
1815	815
9930	8930
7948	6948
3503	2503
4583	3583
5004	4004
10919	9919
8330	7330
6838	5838
6399	5399
7405	6405
2082	1082
10188	9188
2484	1484
10390	9390
3957	2957
5657	4657
10975	9975
3573	2573
8775	7775
9717	8717
10063	9063
4124	3124
3501	2501
10032	9032
7935	6935
8016	7016
1317	317
6745	5745
10520	9520
10904	9904
7357	6357
9631	8631
1649	649
3637	2637
10724	9724
3441	2441
1364	364
2233	1233
8826	7826
9467	8467
7723	6723
1286	286
8166	7166
2872	1872
9635	8635
10078	9078
4825	3825
1015	15
8657	7657
10065	9065
4095	3095
2873	1873
6516	5516
3852	2852
10151	9151
5792	4792
4846	3846
2760	1760
4194	3194
6887	5887
8494	7494
2225	1225
5685	4685
10510	9510
7103	6103
1640	640
10713	9713
2170	1170
7766	6766
5885	4885
8204	7204
2746	1746
5169	4169
5212	4212
6490	5490
2749	1749
7555	6555
1846	846
5041	4041
1441	441
8702	7702
6900	5900
4775	3775
4828	3828
2882	1882
7416	6416
5668	4668
9132	8132
10391	9391
2111	1111
7202	6202
10108	9108
8499	7499
4984	3984
7265	6265
7042	6042
7546	6546
5969	4969
4386	3386
6396	5396
5360	4360
3633	2633
8192	7192
3566	2566
9545	8545
10739	9739
7769	6769
7948	6948
1987	987
2461	1461
8114	7114
8196	7196
3066	2066
9361	8361
8454	7454
1079	79
2552	1552
2566	1566
5669	4669
5223	4223
6828	5828
4041	3041
8753	7753
2020	1020
3009	2009
1205	205
8544	7544
5632	4632
10616	9616
4600	3600
5766	4766
4049	3049
4448	3448
5122	4122
6427	5427
4264	3264
3869	2869
5795	4795
5447	4447
4084	3084
10067	9067
2216	1216
7831	6831
5403	4403
6665	5665
1329	329
3663	2663
1076	76
7638	6638
6228	5228
2062	1062
7239	6239
6055	5055
9620	8620
4669	3669
7322	6322
2924	1924
1743	743
10208	9208
7716	6716
10436	9436
7231	6231
2797	1797
4473	3473
2054	1054
5804	4804
7242	6242
9992	8992
3793	2793
8033	7033
5131	4131
2109	1109
1706	706
8463	7463
5703	4703
5232	4232
8934	7934
2785	1785
8370	7370
10331	9331
9332	8332
6981	5981
4865	3865
3533	2533
2124	1124
3314	2314
3888	2888
1032	32
8730	7730
1620	620
5594	4594
1542	542
3865	2865
10951	9951
2317	1317
9697	8697
8621	7621
1367	367
7538	6538
9283	8283
8424	7424
2033	1033
9564	8564
5048	4048
5293	4293
7663	6663
2840	1840
2474	1474
7384	6384
9050	8050
4445	3445
5128	4128
3339	2339
3717	2717
8064	7064
7214	6214
6492	5492
5751	4751
6177	5177
6695	5695
1909	909
6908	5908
5793	4793
2427	1427
1844	844
10485	9485
7183	6183
7548	6548
9340	8340
1777	777
1797	797
2384	1384
9298	8298
1487	487
2283	1283
8772	7772
10660	9660
8199	7199
10981	9981
8013	7013
3024	2024
8292	7292
7726	6726
8089	7089
3363	2363
3502	2502
1998	998
1367	367
2206	1206
4574	3574
7724	6724
1266	266
5582	4582
8179	7179
10210	9210
8830	7830
4563	3563
3968	2968
10474	9474
9817	8817
6227	5227
4927	3927
6315	5315
5839	4839
5569	4569
1616	616
6312	5312
9963	8963
9973	8973
4124	3124
3200	2200
7551	6551
2376	1376
2111	1111
6242	5242
1841	841
10886	9886
8763	7763
8944	7944
1996	996
5646	4646
4341	3341
8225	7225
4240	3240
1748	748
4446	3446
2217	1217
5969	4969
5847	4847
4441	3441
5048	4048
4260	3260
5763	4763
7869	6869
3903	2903
2941	1941
2934	1934
5647	4647
7977	6977
10137	9137
4403	3403
5500	4500
10972	9972
4903	3903
2901	1901
9854	8854
7927	6927
4875	3875
8449	7449
10270	9270
6416	5416
8019	7019
2083	1083
1556	556
9404	8404
8695	7695
10695	9695
6803	5803
2758	1758
7505	6505
3035	2035
2475	1475
5076	4076
6791	5791
2515	1515
4044	3044
8440	7440
7673	6673
6144	5144
9300	8300
1859	859
