500	2258423
8746	7746
6639	5639
8138	7138
6992	5992
2034	1034
9858	8858
10916	9916
8984	7984
9240	8240
5397	4397
6407	5407
5790	4790
1731	731
5594	4594
10429	9429
7984	6984
10483	9483
8664	7664
2823	1823
3268	2268
7576	6576
5714	4714
5823	4823
8828	7828
2995	1995
2646	1646
10135	9135
9697	8697
1320	320
6043	5043
1248	248
6099	5099
7789	6789
5577	4577
9010	8010
3398	2398
4063	3063
6137	5137
5410	4410
7631	6631
5405	4405
10266	9266
2017	1017
7921	6921
4197	3197
2732	1732
1057	57
7328	6328
3801	2801
8771	7771
4060	3060
10891	9891
7973	6973
9237	8237
1240	240
5427	4427
3249	2249
6366	5366
9744	8744
1454	454
7477	6477
8458	7458
9973	8973
5171	4171
2169	1169
7235	6235
9771	8771
7799	6799
6068	5068
10312	9312
3667	2667
2084	1084
2885	1885
8027	7027
4124	3124
6906	5906
4256	3256
7546	6546
1610	610
10271	9271
3388	2388
9303	8303
5154	4154
4290	3290
7533	6533
3598	2598
1557	557
4193	3193
9823	8823
3976	2976
9302	8302
7803	6803
1558	558
7735	6735
2661	1661
1563	563
5954	4954
1472	472
4223	3223
10783	9783
7784	6784
10112	9112
8902	7902
4236	3236
8871	7871
9846	8846
7171	6171
6174	5174
6999	5999
3860	2860
1540	540
3320	2320
2050	1050
5124	4124
8780	7780
1667	667
8213	7213
7424	6424
6363	5363
1931	931
9454	8454
4285	3285
9050	8050
9816	8816
6774	5774
9138	8138
9109	8109
2700	1700
2859	1859
8076	7076
8988	7988
2024	1024
1281	281
6655	5655
1551	551
10457	9457
5321	4321
1755	755
10499	9499
3324	2324
8766	7766
3384	2384
7625	6625
10045	9045
1153	153
7180	6180
9536	8536
8350	7350
2755	1755
2880	1880
2299	1299
3224	2224
10096	9096
10484	9484
6185	5185
6989	5989
2895	1895
1803	803
1714	714
9535	8535
6849	5849
2675	1675
6745	5745
4502	3502
10555	9555
9221	8221
9791	8791
6980	5980
6399	5399
2122	1122
1693	693
6791	5791
7924	6924
9009	8009
4975	3975
1893	893
10842	9842
8078	7078
4035	3035
3363	2363
3685	2685
10560	9560
3142	2142
5182	4182
6288	5288
1331	331
10465	9465
3642	2642
1941	941
10054	9054
1447	447
1980	980
1039	39
2228	1228
6497	5497
10085	9085
6289	5289
6822	5822
10140	9140
6334	5334
7812	6812
6321	5321
8239	7239
2932	1932
6486	5486
10281	9281
2340	1340
1527	527
1217	217
5505	4505
2633	1633
5098	4098
10035	9035
2315	1315
5143	4143
8179	7179
10835	9835
3030	2030
1328	328
9521	8521
5342	4342
6253	5253
9813	8813
3526	2526
6574	5574
6148	5148
2364	1364
4299	3299
6893	5893
1519	519
7005	6005
8014	7014
7085	6085
8557	7557
2322	1322
4462	3462
6211	5211
2857	1857
2334	1334
9007	8007
7350	6350
10504	9504
10179	9179
4217	3217
3966	2966
8464	7464
8165	7165
3707	2707
8718	7718
5451	4451
8720	7720
8949	7949
3119	2119
9324	8324
8462	7462
3360	2360
2454	1454
9995	8995
7921	6921
10683	9683
1252	252
5694	4694
5160	4160
5697	4697
6722	5722
4572	3572
10029	9029
7738	6738
3417	2417
5909	4909
9630	8630
3671	2671
1915	915
5488	4488
1327	327
9378	8378
9067	8067
7025	6025
5561	4561
10967	9967
2509	1509
8405	7405
1206	206
1741	741
8444	7444
9096	8096
10604	9604
3660	2660
4602	3602
10437	9437
7893	6893
6525	5525
8608	7608
4886	3886
6226	5226
4041	3041
4679	3679
5027	4027
2954	1954
7030	6030
5072	4072
7165	6165
5445	4445
5133	4133
3094	2094
7842	6842
1440	440
10763	9763
9752	8752
8881	7881
3510	2510
4087	3087
1679	679
4367	3367
8129	7129
5657	4657
1680	680
10393	9393
7140	6140
5568	4568
10121	9121
7957	6957
3317	2317
8655	7655
7612	6612
4578	3578
5606	4606
9020	8020
2641	1641
1674	674
5320	4320
8672	7672
6834	5834
1452	452
5310	4310
10105	9105
1685	685
8609	7609
8016	7016
5085	4085
5031	4031
10489	9489
2242	1242
3534	2534
4865	3865
10092	9092
1943	943
7430	6430
9621	8621
7740	6740
3203	2203
7060	6060
9669	8669
3775	2775
7179	6179
6307	5307
6634	5634
10943	9943
10300	9300
4298	3298
8109	7109
7806	6806
2799	1799
5506	4506
6670	5670
10989	9989
6403	5403
8085	7085
9970	8970
10754	9754
3823	2823
2478	1478
2564	1564
3574	2574
7587	6587
6253	5253
6657	5657
9654	8654
2421	1421
7611	6611
2614	1614
5208	4208
7676	6676
2552	1552
6594	5594
2859	1859
8803	7803
4114	3114
8608	7608
10861	9861
3926	2926
1718	718
6504	5504
10375	9375
8714	7714
9885	8885
3923	2923
7665	6665
9425	8425
9888	8888
1778	778
4753	3753
1014	14
2066	1066
4239	3239
4670	3670
6922	5922
7019	6019
1810	810
6651	5651
6685	5685
8101	7101
3572	2572
5135	4135
5018	4018
8999	7999
6276	5276
1098	98
4608	3608
6808	5808
2486	1486
6790	5790
4953	3953
8648	7648
9871	8871
5881	4881
5525	4525
4234	3234
4528	3528
6445	5445
7077	6077
1864	864
8206	7206
6548	5548
4963	3963
6833	5833
7553	6553
1480	480
8487	7487
2393	1393
10853	9853
6772	5772
2057	1057
6215	5215
2833	1833
6920	5920
9272	8272
5116	4116
9568	8568
10593	9593
10020	9020
8502	7502
4378	3378
3812	2812
1493	493
1006	6
2288	1288
2809	1809
4788	3788
8689	7689
4447	3447
6889	5889
4193	3193
10774	9774
9541	8541
6836	5836
3237	2237
8926	7926
3265	2265
5865	4865
4427	3427
8125	7125
9174	8174
2178	1178
6462	5462
10505	9505
5011	4011
4868	3868
9825	8825
2088	1088
1818	818
9618	8618
5214	4214
3998	2998
9251	8251
10873	9873
8537	7537
8578	7578
10238	9238
4295	3295
4688	3688
6075	5075
1627	627
2412	1412
4977	3977
7508	6508
2337	1337
10878	9878
3205	2205
3673	2673
