500	2266929
1584	584
6650	5650
2833	1833
5730	4730
10625	9625
1496	496
1683	683
10671	9671
1309	309
5099	4099
7250	6250
4333	3333
7473	6473
10997	9997
7574	6574
3237	2237
10685	9685
6179	5179
6821	5821
2325	1325
5854	4854
1454	454
9944	8944
1504	504
5964	4964
2937	1937
4610	3610
7607	6607
10949	9949
3901	2901
2933	1933
2600	1600
4933	3933
1552	552
1599	599
6991	5991
9644	8644
10945	9945
6651	5651
1299	299
6427	5427
9658	8658
8620	7620
6569	5569
8865	7865
2132	1132
9710	8710
1429	429
10804	9804
3832	2832
1500	500
5573	4573
6946	5946
4015	3015
3430	2430
2770	1770
1851	851
2204	1204
3989	2989
9046	8046
6327	5327
6380	5380
4890	3890
6475	5475
4156	3156
9119	8119
1691	691
5906	4906
3882	2882
10657	9657
8366	7366
8423	7423
4733	3733
1644	644
3070	2070
9813	8813
4101	3101
1711	711
3142	2142
1498	498
4100	3100
6231	5231
10893	9893
2352	1352
2191	1191
7211	6211
1499	499
5848	4848
7434	6434
5671	4671
4934	3934
9263	8263
7247	6247
9049	8049
7059	6059
5783	4783
8772	7772
4349	3349
1637	637
8491	7491
6078	5078
1063	63
1195	195
8273	7273
8009	7009
8357	7357
9609	8609
4171	3171
3994	2994
6750	5750
9104	8104
1345	345
5368	4368
2106	1106
8562	7562
3400	2400
9403	8403
3985	2985
4029	3029
3083	2083
7872	6872
9503	8503
10700	9700
4349	3349
6518	5518
8861	7861
4721	3721
3655	2655
7259	6259
10586	9586
5804	4804
9614	8614
8058	7058
4046	3046
10812	9812
6643	5643
2510	1510
9802	8802
3807	2807
9283	8283
8603	7603
2201	1201
8796	7796
5959	4959
9934	8934
10590	9590
6736	5736
7834	6834
3873	2873
5412	4412
1081	81
4201	3201
3796	2796
6228	5228
10270	9270
7033	6033
10272	9272
9035	8035
8276	7276
3857	2857
9215	8215
1853	853
6469	5469
3234	2234
4140	3140
1958	958
5445	4445
4550	3550
10211	9211
4338	3338
6920	5920
6011	5011
4456	3456
9624	8624
8976	7976
10913	9913
8465	7465
9326	8326
7900	6900
5480	4480
9117	8117
6267	5267
2515	1515
2240	1240
10581	9581
10559	9559
6181	5181
1304	304
4479	3479
7191	6191
9066	8066
7841	6841
10898	9898
2847	1847
7731	6731
5811	4811
10509	9509
3798	2798
6654	5654
9997	8997
2520	1520
4073	3073
2743	1743
6925	5925
3603	2603
5919	4919
3389	2389
8138	7138
3514	2514
2180	1180
4142	3142
1993	993
5913	4913
3305	2305
10174	9174
3503	2503
8356	7356
10231	9231
2296	1296
4577	3577
8334	7334
1340	340
5461	4461
8553	7553
8701	7701
10369	9369
10739	9739
1453	453
5732	4732
10456	9456
8024	7024
10290	9290
3565	2565
6800	5800
10385	9385
9501	8501
2242	1242
7445	6445
2971	1971
9995	8995
4804	3804
2854	1854
10144	9144
6068	5068
1189	189
2889	1889
4455	3455
9353	8353
6218	5218
4223	3223
9554	8554
10028	9028
3894	2894
10497	9497
8554	7554
3318	2318
2822	1822
5867	4867
1619	619
7361	6361
1539	539
9106	8106
6370	5370
10277	9277
4345	3345
7179	6179
4064	3064
8035	7035
8545	7545
3557	2557
4645	3645
7231	6231
5424	4424
1714	714
3506	2506
6393	5393
5590	4590
2936	1936
6512	5512
8920	7920
1217	217
8567	7567
10939	9939
4866	3866
4651	3651
2275	1275
4352	3352
3126	2126
2938	1938
8471	7471
7226	6226
6025	5025
10710	9710
2271	1271
10220	9220
5863	4863
3883	2883
6954	5954
5474	4474
10801	9801
8949	7949
6869	5869
5736	4736
8194	7194
7466	6466
8983	7983
1137	137
10285	9285
7733	6733
10596	9596
5844	4844
7006	6006
3608	2608
1924	924
2809	1809
2747	1747
8101	7101
9298	8298
7349	6349
9499	8499
1515	515
2145	1145
8573	7573
5838	4838
6642	5642
9750	8750
2605	1605
8252	7252
4842	3842
6398	5398
10986	9986
7225	6225
8857	7857
2248	1248
5163	4163
10304	9304
4773	3773
7917	6917
2629	1629
2655	1655
3376	2376
1797	797
5702	4702
3111	2111
10437	9437
2785	1785
1768	768
8256	7256
6370	5370
9137	8137
9077	8077
7085	6085
5099	4099
5738	4738
8553	7553
5813	4813
4709	3709
5373	4373
1645	645
3848	2848
5610	4610
5877	4877
2348	1348
7747	6747
6515	5515
6191	5191
8305	7305
9255	8255
10105	9105
3950	2950
9037	8037
10820	9820
9197	8197
9906	8906
2534	1534
10146	9146
6823	5823
2877	1877
10167	9167
8762	7762
10966	9966
7345	6345
3362	2362
1721	721
5522	4522
5303	4303
2473	1473
8818	7818
10345	9345
4527	3527
2021	1021
7821	6821
6458	5458
6384	5384
6600	5600
1996	996
3021	2021
7996	6996
1764	764
7280	6280
1715	715
9782	8782
3083	2083
8736	7736
10885	9885
10086	9086
7880	6880
7274	6274
6785	5785
6418	5418
10873	9873
4212	3212
4733	3733
3804	2804
10928	9928
7722	6722
6538	5538
3168	2168
10706	9706
6934	5934
9446	8446
4426	3426
5639	4639
7603	6603
2730	1730
9247	8247
8073	7073
9953	8953
1766	766
5145	4145
4447	3447
1636	636
1116	116
8790	7790
9105	8105
3429	2429
4085	3085
8360	7360
3278	2278
10766	9766
1003	3
8512	7512
3991	2991
6349	5349
7041	6041
8642	7642
6750	5750
10494	9494
5169	4169
6166	5166
2691	1691
6465	5465
2026	1026
1861	861
9950	8950
10451	9451
10073	9073
1923	923
1711	711
7727	6727
4875	3875
6672	5672
10058	9058
4760	3760
4295	3295
3781	2781
6291	5291
6155	5155
1411	411
8613	7613
4592	3592
2874	1874
3922	2922
4499	3499
7744	6744
8184	7184
1002	2
5080	4080
8183	7183
4203	3203
7489	6489
5429	4429
5674	4674
8306	7306
4923	3923
4119	3119
7273	6273
3784	2784
1131	131
9136	8136
6415	5415
7921	6921
6042	5042
2424	1424
10726	9726
1473	473
4269	3269
2486	1486
4138	3138
9723	8723
