500	1852022
4906	3906
9427	8427
7297	6297
1072	72
2269	1269
5305	4305
9142	8142
4979	3979
3160	2160
6781	5781
2292	1292
4034	3034
8394	7394
7547	6547
5717	4717
5460	4460
9150	8150
8190	7190
9635	8635
8569	7569
7368	6368
5767	4767
7334	6334
2322	1322
1586	586
5361	4361
2558	1558
3662	2662
3130	2130
5104	4104
9164	8164
6654	5654
6457	5457
1374	374
5266	4266
3598	2598
4529	3529
5008	4008
8222	7222
1040	40
2512	1512
10072	9072
9856	8856
9608	8608
10097	9097
9268	8268
7335	6335
9267	8267
4753	3753
1323	323
3811	2811
10511	9511
5399	4399
6217	5217
5790	4790
5699	4699
7326	6326
8723	7723
10628	9628
9743	8743
7239	6239
5700	4700
9638	8638
6371	5371
8895	7895
2565	1565
5287	4287
1153	153
7407	6407
2314	1314
5462	4462
9214	8214
2558	1558
4634	3634
6340	5340
4386	3386
7388	6388
4635	3635
10312	9312
2851	1851
3621	2621
9138	8138
6335	5335
3688	2688
4024	3024
9695	8695
10967	9967
8655	7655
10989	9989
4044	3044
5589	4589
8571	7571
1838	838
3019	2019
1660	660
7903	6903
3370	2370
7708	6708
9045	8045
7944	6944
1572	572
7084	6084
10109	9109
1447	447
3381	2381
4120	3120
7559	6559
6822	5822
1080	80
1136	136
4011	3011
10108	9108
2808	1808
9899	8899
6696	5696
5395	4395
7164	6164
2643	1643
3525	2525
2897	1897
6529	5529
8638	7638
6665	5665
4952	3952
10673	9673
8556	7556
5314	4314
7577	6577
8891	7891
4742	3742
1766	766
9965	8965
8102	7102
1889	889
7133	6133
7399	6399
9836	8836
2753	1753
9682	8682
1527	527
4578	3578
8626	7626
7836	6836
10023	9023
10909	9909
2791	1791
6166	5166
3116	2116
9335	8335
1286	286
2799	1799
7299	6299
5515	4515
10902	9902
10499	9499
2421	1421
10864	9864
7060	6060
4672	3672
6120	5120
4532	3532
4466	3466
8695	7695
7989	6989
1280	280
5555	4555
8444	7444
8610	7610
9018	8018
1481	481
3122	2122
8733	7733
7691	6691
1431	431
3259	2259
1078	78
5151	4151
8267	7267
4357	3357
10006	9006
8986	7986
3095	2095
3383	2383
1046	46
9426	8426
9326	8326
10033	9033
9901	8901
1102	102
7494	6494
6559	5559
10812	9812
5521	4521
1834	834
4502	3502
4145	3145
7941	6941
7134	6134
8931	7931
8006	7006
8466	7466
7172	6172
6717	5717
6624	5624
5851	4851
10919	9919
5971	4971
8810	7810
1494	494
10736	9736
4794	3794
4383	3383
4259	3259
8905	7905
5887	4887
9372	8372
3398	2398
1877	877
5791	4791
9146	8146
2027	1027
9933	8933
2174	1174
5975	4975
2557	1557
5613	4613
8593	7593
9899	8899
7728	6728
1030	30
7314	6314
2466	1466
1077	77
6581	5581
2504	1504
7899	6899
5889	4889
7826	6826
1579	579
8216	7216
6327	5327
2316	1316
1848	848
8786	7786
4758	3758
5995	4995
1130	130
7155	6155
3685	2685
3744	2744
8077	7077
1921	921
2271	1271
10532	9532
3689	2689
6604	5604
9398	8398
10507	9507
8496	7496
8121	7121
1406	406
4939	3939
7957	6957
2758	1758
5190	4190
3676	2676
8996	7996
10544	9544
7390	6390
3688	2688
5279	4279
3753	2753
8114	7114
8468	7468
7501	6501
5460	4460
1008	8
5312	4312
5330	4330
7729	6729
7425	6425
3626	2626
1099	99
1818	818
4456	3456
2958	1958
4208	3208
9982	8982
4207	3207
9671	8671
5370	4370
9886	8886
7397	6397
2348	1348
5943	4943
10193	9193
8634	7634
6036	5036
5955	4955
6077	5077
2322	1322
1191	191
4177	3177
1573	573
2411	1411
6107	5107
6601	5601
1102	102
4811	3811
3825	2825
6343	5343
4999	3999
1810	810
2866	1866
2322	1322
10474	9474
8840	7840
8831	7831
2007	1007
1064	64
5371	4371
10125	9125
7802	6802
9491	8491
9185	8185
5518	4518
9641	8641
3235	2235
10225	9225
7770	6770
8907	7907
3941	2941
5347	4347
7524	6524
6278	5278
7645	6645
1906	906
2877	1877
10490	9490
2327	1327
5212	4212
10185	9185
5722	4722
6520	5520
9869	8869
1394	394
8195	7195
4246	3246
6781	5781
7562	6562
3181	2181
2338	1338
1888	888
9351	8351
2988	1988
6587	5587
7952	6952
5071	4071
1785	785
4121	3121
7068	6068
6055	5055
6442	5442
1675	675
4404	3404
4176	3176
9494	8494
2011	1011
1218	218
3658	2658
9298	8298
3341	2341
4693	3693
4661	3661
9973	8973
2559	1559
7953	6953
4122	3122
1927	927
3224	2224
9044	8044
1180	180
2915	1915
7562	6562
7515	6515
2681	1681
10836	9836
6231	5231
5548	4548
2373	1373
1741	741
7172	6172
8756	7756
4460	3460
6056	5056
2366	1366
3055	2055
10550	9550
5994	4994
9810	8810
7028	6028
8123	7123
8223	7223
10768	9768
10257	9257
1188	188
1399	399
8022	7022
6363	5363
2954	1954
8367	7367
10662	9662
1871	871
5448	4448
10927	9927
5151	4151
2755	1755
9996	8996
2606	1606
6689	5689
9270	8270
4076	3076
3064	2064
10765	9765
9797	8797
5381	4381
7640	6640
7888	6888
8198	7198
6187	5187
5177	4177
9240	8240
6904	5904
9056	8056
8366	7366
2319	1319
9854	8854
7577	6577
3431	2431
3116	2116
5856	4856
2112	1112
7798	6798
4221	3221
4557	3557
4685	3685
4014	3014
10223	9223
1816	816
9047	8047
2630	1630
7802	6802
10140	9140
3566	2566
9303	8303
2492	1492
2414	1414
5489	4489
9843	8843
2832	1832
3793	2793
7814	6814
7642	6642
5268	4268
1376	376
7518	6518
5820	4820
6261	5261
6132	5132
7589	6589
7698	6698
8292	7292
5906	4906
7913	6913
4773	3773
4934	3934
7458	6458
2677	1677
9649	8649
4177	3177
3076	2076
8507	7507
7672	6672
10089	9089
9972	8972
6916	5916
3062	2062
7154	6154
10970	9970
5360	4360
4610	3610
10997	9997
9942	8942
1213	213
5217	4217
3508	2508
1268	268
6552	5552
7581	6581
1315	315
