500	1873856
4508	3508
9265	8265
4690	3690
10220	9220
6128	5128
4119	3119
2538	1538
2922	1922
10591	9591
8391	7391
9154	8154
5327	4327
6806	5806
6727	5727
6501	5501
10247	9247
10197	9197
3517	2517
9111	8111
4471	3471
10868	9868
8592	7592
3936	2936
6707	5707
7996	6996
7082	6082
8906	7906
8549	7549
7215	6215
3708	2708
5141	4141
7932	6932
8651	7651
5557	4557
2851	1851
9568	8568
10520	9520
4779	3779
8734	7734
6165	5165
3583	2583
9324	8324
8042	7042
3020	2020
7716	6716
9379	8379
10083	9083
4005	3005
5639	4639
3657	2657
4690	3690
3337	2337
4810	3810
5514	4514
4429	3429
7952	6952
3498	2498
6233	5233
5808	4808
3206	2206
8428	7428
5720	4720
1693	693
1250	250
8482	7482
8413	7413
6605	5605
2818	1818
9937	8937
7548	6548
8126	7126
7529	6529
2067	1067
1307	307
1400	400
10446	9446
3999	2999
5703	4703
3361	2361
2615	1615
8700	7700
3944	2944
6369	5369
1492	492
9247	8247
2599	1599
1971	971
1266	266
4007	3007
2216	1216
6695	5695
6593	5593
3140	2140
9976	8976
3733	2733
8198	7198
4845	3845
6869	5869
3547	2547
6749	5749
10823	9823
4062	3062
1021	21
7594	6594
2056	1056
6252	5252
1478	478
2732	1732
9104	8104
4483	3483
1811	811
5852	4852
5875	4875
1312	312
10036	9036
2390	1390
1621	621
4894	3894
9216	8216
4483	3483
3734	2734
4566	3566
2892	1892
3204	2204
10585	9585
6042	5042
5345	4345
9885	8885
5719	4719
2948	1948
6930	5930
1214	214
2719	1719
10527	9527
3268	2268
9285	8285
9020	8020
4172	3172
9712	8712
7652	6652
5787	4787
5093	4093
5729	4729
5241	4241
8402	7402
9938	8938
10429	9429
6258	5258
10247	9247
1051	51
10724	9724
5486	4486
4534	3534
4782	3782
4479	3479
10361	9361
7568	6568
7819	6819
6143	5143
10978	9978
10537	9537
2625	1625
1661	661
9171	8171
6614	5614
1215	215
10021	9021
1210	210
3761	2761
1600	600
10379	9379
4507	3507
5304	4304
7243	6243
8653	7653
10404	9404
9738	8738
2139	1139
3404	2404
8691	7691
8443	7443
4418	3418
1525	525
2961	1961
7700	6700
2287	1287
10867	9867
4424	3424
3940	2940
9524	8524
2857	1857
8718	7718
8518	7518
9080	8080
2166	1166
2931	1931
9456	8456
10676	9676
1196	196
8915	7915
3043	2043
7832	6832
7700	6700
10270	9270
3915	2915
10516	9516
7018	6018
2738	1738
10913	9913
6436	5436
5373	4373
1958	958
4031	3031
6424	5424
10698	9698
9893	8893
2099	1099
7289	6289
5592	4592
10798	9798
3935	2935
8153	7153
5857	4857
3568	2568
6886	5886
9141	8141
5776	4776
7764	6764
3272	2272
7742	6742
9100	8100
3598	2598
2525	1525
3611	2611
10575	9575
3171	2171
1319	319
6587	5587
4394	3394
8209	7209
10370	9370
7886	6886
8551	7551
3210	2210
4251	3251
10807	9807
5523	4523
8898	7898
2825	1825
6790	5790
5904	4904
10763	9763
4265	3265
4555	3555
5771	4771
9679	8679
6789	5789
2697	1697
3738	2738
2909	1909
2632	1632
5287	4287
4742	3742
5245	4245
1328	328
5254	4254
7431	6431
10962	9962
2786	1786
2125	1125
8179	7179
5574	4574
8426	7426
7428	6428
1050	50
5283	4283
9979	8979
6390	5390
8649	7649
3712	2712
1954	954
4761	3761
4908	3908
10992	9992
9798	8798
3604	2604
5797	4797
3393	2393
6947	5947
7241	6241
9354	8354
1441	441
8704	7704
1580	580
9387	8387
5419	4419
4872	3872
6395	5395
3770	2770
1415	415
10272	9272
5277	4277
8065	7065
6603	5603
6765	5765
10010	9010
4160	3160
2217	1217
4960	3960
10566	9566
6682	5682
2746	1746
4477	3477
3598	2598
4964	3964
6940	5940
7400	6400
6949	5949
1696	696
5394	4394
3776	2776
10240	9240
6115	5115
10578	9578
9284	8284
5163	4163
2372	1372
4036	3036
6880	5880
6908	5908
6797	5797
10881	9881
3413	2413
5603	4603
8455	7455
1607	607
1873	873
7752	6752
3349	2349
3425	2425
1618	618
9487	8487
4242	3242
2154	1154
3924	2924
2971	1971
1280	280
3949	2949
9467	8467
8017	7017
1552	552
2095	1095
5861	4861
2422	1422
8063	7063
4875	3875
10328	9328
10487	9487
10594	9594
3933	2933
1877	877
3067	2067
8361	7361
7274	6274
6935	5935
8889	7889
8859	7859
5485	4485
3280	2280
9162	8162
1226	226
2865	1865
1900	900
8230	7230
5424	4424
6552	5552
3605	2605
2698	1698
4780	3780
3017	2017
7704	6704
3572	2572
5492	4492
10024	9024
8532	7532
8383	7383
5175	4175
10924	9924
2813	1813
1598	598
10441	9441
7185	6185
6307	5307
4768	3768
9007	8007
10588	9588
10766	9766
2029	1029
9334	8334
1004	4
9877	8877
4945	3945
3417	2417
7450	6450
5388	4388
4345	3345
5688	4688
6337	5337
4806	3806
4952	3952
9406	8406
9727	8727
2810	1810
1572	572
7703	6703
8701	7701
8927	7927
8878	7878
1323	323
10377	9377
8602	7602
8483	7483
3252	2252
9189	8189
3009	2009
3758	2758
6026	5026
1973	973
7125	6125
7408	6408
6641	5641
3367	2367
1308	308
10764	9764
3469	2469
3554	2554
2957	1957
10128	9128
2711	1711
7032	6032
2826	1826
10841	9841
5671	4671
7872	6872
1303	303
3211	2211
9094	8094
6571	5571
2256	1256
9890	8890
10524	9524
7756	6756
3530	2530
9199	8199
1960	960
9246	8246
1035	35
6944	5944
9731	8731
3209	2209
6507	5507
8251	7251
8959	7959
3243	2243
1364	364
2165	1165
4540	3540
5101	4101
3170	2170
6410	5410
3795	2795
10608	9608
7807	6807
7176	6176
2203	1203
1918	918
9838	8838
3319	2319
9336	8336
2706	1706
9871	8871
10340	9340
8525	7525
8939	7939
9581	8581
8267	7267
10546	9546
9686	8686
7929	6929
9896	8896
1539	539
6665	5665
8471	7471
10690	9690
1955	955
5975	4975
1251	251
9919	8919
1034	34
4676	3676
