500	1202509
1969	969
1476	476
8640	7640
4953	3953
7688	6688
1490	490
9977	8977
3583	2583
1020	20
9850	8850
9590	8590
10578	9578
4575	3575
8969	7969
9956	8956
10736	9736
2785	1785
2409	1409
9499	8499
4408	3408
4828	3828
1907	907
7675	6675
6742	5742
10645	9645
1024	24
8972	7972
7042	6042
1738	738
8853	7853
2590	1590
3439	2439
4406	3406
10137	9137
4369	3369
1596	596
4815	3815
3149	2149
3905	2905
1883	883
3225	2225
8798	7798
7252	6252
7638	6638
3457	2457
10212	9212
4968	3968
6686	5686
4264	3264
6190	5190
10287	9287
4585	3585
10112	9112
2569	1569
4048	3048
7088	6088
8656	7656
8729	7729
6173	5173
8352	7352
10687	9687
6553	5553
8070	7070
7083	6083
9280	8280
2033	1033
3195	2195
4232	3232
5061	4061
5705	4705
7447	6447
1820	820
1094	94
6837	5837
9272	8272
5796	4796
4834	3834
1326	326
2168	1168
7481	6481
9752	8752
8905	7905
5150	4150
1249	249
2975	1975
8464	7464
9383	8383
10842	9842
7482	6482
7972	6972
2740	1740
9915	8915
10636	9636
8403	7403
4104	3104
3502	2502
4032	3032
10448	9448
1016	16
2766	1766
1150	150
7035	6035
8463	7463
1443	443
10196	9196
10392	9392
4715	3715
2827	1827
7273	6273
7409	6409
1502	502
6988	5988
3588	2588
7034	6034
7280	6280
10345	9345
2667	1667
9831	8831
3579	2579
6170	5170
4820	3820
9212	8212
3283	2283
9987	8987
4149	3149
5496	4496
4248	3248
10241	9241
8952	7952
7680	6680
9233	8233
1749	749
7399	6399
6131	5131
6961	5961
9453	8453
7590	6590
5202	4202
7367	6367
3752	2752
1537	537
9187	8187
4602	3602
5353	4353
1176	176
6695	5695
10242	9242
3280	2280
4915	3915
8866	7866
5252	4252
4167	3167
1956	956
10743	9743
6775	5775
4422	3422
5651	4651
10905	9905
4754	3754
6012	5012
10782	9782
4060	3060
3359	2359
3671	2671
7305	6305
1737	737
4605	3605
4229	3229
8131	7131
4807	3807
10405	9405
1267	267
2306	1306
6534	5534
1129	129
9755	8755
2881	1881
8629	7629
4682	3682
3539	2539
6726	5726
6380	5380
4691	3691
9632	8632
1438	438
2724	1724
9520	8520
1511	511
9052	8052
5966	4966
9740	8740
8366	7366
6477	5477
2187	1187
5883	4883
6093	5093
6871	5871
3855	2855
1458	458
1021	21
4593	3593
9694	8694
5132	4132
3309	2309
8672	7672
1763	763
10038	9038
8496	7496
8017	7017
2089	1089
9505	8505
5761	4761
8463	7463
1016	16
1851	851
7660	6660
4194	3194
9297	8297
1120	120
1065	65
4324	3324
3764	2764
8308	7308
5212	4212
2301	1301
3419	2419
3804	2804
4774	3774
8183	7183
1447	447
7964	6964
10592	9592
2683	1683
1434	434
5145	4145
9018	8018
6820	5820
7979	6979
7325	6325
8049	7049
5618	4618
5158	4158
1275	275
1945	945
5830	4830
9876	8876
4335	3335
2299	1299
1417	417
6699	5699
3359	2359
2401	1401
6192	5192
8398	7398
4581	3581
6666	5666
6726	5726
3418	2418
7670	6670
6824	5824
7024	6024
5183	4183
1904	904
9416	8416
8575	7575
8367	7367
8826	7826
1264	264
4636	3636
9862	8862
10717	9717
4784	3784
2139	1139
9468	8468
6928	5928
8618	7618
7739	6739
9489	8489
7839	6839
3172	2172
1703	703
7460	6460
4425	3425
6067	5067
3843	2843
5800	4800
9015	8015
10136	9136
7901	6901
6326	5326
1533	533
1554	554
8246	7246
4464	3464
6360	5360
6628	5628
1542	542
5575	4575
3090	2090
8295	7295
7977	6977
3827	2827
1447	447
10888	9888
1862	862
2415	1415
3233	2233
4285	3285
10497	9497
1624	624
2528	1528
3095	2095
6774	5774
2026	1026
9984	8984
9516	8516
1104	104
1148	148
3408	2408
1019	19
4222	3222
6278	5278
10582	9582
4524	3524
1472	472
5368	4368
8825	7825
5427	4427
6824	5824
6463	5463
4659	3659
7791	6791
2626	1626
9725	8725
6476	5476
5516	4516
8734	7734
2882	1882
4248	3248
5538	4538
3560	2560
9951	8951
10047	9047
3039	2039
3149	2149
10154	9154
5029	4029
9649	8649
6354	5354
9807	8807
10250	9250
2923	1923
6220	5220
1050	50
7891	6891
7000	6000
3698	2698
5259	4259
1394	394
7439	6439
5184	4184
3189	2189
9850	8850
7125	6125
10129	9129
9472	8472
2231	1231
3169	2169
5013	4013
4358	3358
10686	9686
2304	1304
8578	7578
6276	5276
7512	6512
5292	4292
9929	8929
3766	2766
3982	2982
6458	5458
5992	4992
1210	210
7684	6684
3880	2880
3072	2072
8543	7543
1337	337
3890	2890
4351	3351
2992	1992
4057	3057
5874	4874
5290	4290
1592	592
2047	1047
7376	6376
1935	935
3082	2082
7451	6451
7743	6743
4258	3258
8664	7664
9954	8954
3640	2640
1470	470
5360	4360
5376	4376
8562	7562
4404	3404
3452	2452
3068	2068
2041	1041
7996	6996
3773	2773
10590	9590
8541	7541
1031	31
10701	9701
5664	4664
3631	2631
3575	2575
10625	9625
5045	4045
9471	8471
1184	184
5903	4903
4391	3391
2831	1831
9318	8318
2372	1372
10401	9401
4427	3427
9520	8520
4477	3477
9108	8108
10479	9479
8136	7136
2361	1361
6660	5660
9760	8760
1967	967
3067	2067
6129	5129
9226	8226
8194	7194
2336	1336
7522	6522
5998	4998
3758	2758
1849	849
2115	1115
6100	5100
7927	6927
3070	2070
7776	6776
10416	9416
5462	4462
2611	1611
10462	9462
8714	7714
4946	3946
6705	5705
9341	8341
7797	6797
1201	201
2657	1657
9912	8912
4675	3675
7298	6298
5272	4272
5804	4804
2334	1334
5070	4070
6394	5394
2076	1076
10707	9707
10233	9233
10780	9780
3091	2091
9520	8520
4610	3610
1024	24
9209	8209
6997	5997
5757	4757
9031	8031
8271	7271
8550	7550
5861	4861
7031	6031
4064	3064
5779	4779
4056	3056
5512	4512
4749	3749
10683	9683
7791	6791
7565	6565
7758	6758
2957	1957
