500	2301000
6279	5279
6534	5534
7042	6042
1200	200
2311	1311
9629	8629
7757	6757
9158	8158
8099	7099
4139	3139
5770	4770
10399	9399
10287	9287
5271	4271
6570	5570
7168	6168
10094	9094
3315	2315
3965	2965
9385	8385
1124	124
3400	2400
10796	9796
10590	9590
4089	3089
6968	5968
2049	1049
2572	1572
4957	3957
7546	6546
2469	1469
9158	8158
8781	7781
6848	5848
1382	382
8642	7642
8125	7125
5189	4189
5729	4729
2374	1374
7307	6307
1575	575
5130	4130
6031	5031
5435	4435
9137	8137
4385	3385
7669	6669
4436	3436
1283	283
1698	698
6671	5671
1146	146
10394	9394
10444	9444
6565	5565
4866	3866
1514	514
8231	7231
4629	3629
8877	7877
7899	6899
2909	1909
7755	6755
3146	2146
8095	7095
5516	4516
2608	1608
3639	2639
1138	138
3657	2657
10843	9843
8920	7920
2984	1984
3350	2350
10568	9568
9938	8938
8732	7732
1388	388
2078	1078
2706	1706
10091	9091
5790	4790
6643	5643
5990	4990
10182	9182
2591	1591
6312	5312
5036	4036
7700	6700
6133	5133
6756	5756
3616	2616
5579	4579
7459	6459
6087	5087
3881	2881
8076	7076
9276	8276
9505	8505
5533	4533
1644	644
10273	9273
5231	4231
9775	8775
5549	4549
4083	3083
8124	7124
6635	5635
7871	6871
4050	3050
6397	5397
3074	2074
4019	3019
5250	4250
2113	1113
9769	8769
7881	6881
5998	4998
6930	5930
6274	5274
4486	3486
9294	8294
4771	3771
6871	5871
6450	5450
3791	2791
10083	9083
7848	6848
5370	4370
4089	3089
8749	7749
1136	136
10151	9151
10599	9599
8036	7036
5344	4344
6655	5655
2077	1077
5556	4556
9170	8170
1549	549
10863	9863
9712	8712
10315	9315
2630	1630
1764	764
9260	8260
1165	165
7843	6843
4870	3870
2464	1464
4246	3246
1451	451
2128	1128
2177	1177
3351	2351
3696	2696
6429	5429
6334	5334
8912	7912
9440	8440
9466	8466
4718	3718
3652	2652
4029	3029
10965	9965
7408	6408
8508	7508
3757	2757
1622	622
2700	1700
3328	2328
1527	527
8599	7599
4287	3287
10972	9972
7145	6145
8543	7543
6631	5631
3370	2370
6966	5966
9791	8791
6073	5073
9477	8477
9481	8481
1519	519
7122	6122
4253	3253
8884	7884
9106	8106
3774	2774
7866	6866
3668	2668
2820	1820
9529	8529
8182	7182
5929	4929
3882	2882
2871	1871
6312	5312
3789	2789
8371	7371
4105	3105
5393	4393
4437	3437
8253	7253
9990	8990
9971	8971
2786	1786
3560	2560
10217	9217
5709	4709
4060	3060
3849	2849
10768	9768
8080	7080
2827	1827
2247	1247
3162	2162
1683	683
3904	2904
10826	9826
4723	3723
6884	5884
4304	3304
7379	6379
4102	3102
5828	4828
5598	4598
4405	3405
7206	6206
7824	6824
10646	9646
10679	9679
5417	4417
5223	4223
10917	9917
8078	7078
8893	7893
2383	1383
8640	7640
6211	5211
6532	5532
9149	8149
6396	5396
3025	2025
8389	7389
5016	4016
10517	9517
10457	9457
5862	4862
1960	960
8954	7954
5373	4373
2858	1858
9992	8992
2297	1297
3391	2391
5059	4059
3172	2172
9528	8528
10268	9268
8330	7330
4887	3887
9171	8171
5061	4061
8448	7448
3766	2766
7195	6195
5714	4714
6966	5966
3153	2153
10544	9544
1998	998
6761	5761
6035	5035
3508	2508
8856	7856
1877	877
8608	7608
2498	1498
4590	3590
1747	747
6393	5393
5721	4721
7494	6494
2730	1730
4535	3535
7353	6353
1952	952
9453	8453
9550	8550
6921	5921
6047	5047
6711	5711
5381	4381
1789	789
5567	4567
2071	1071
10646	9646
6581	5581
3215	2215
8951	7951
9530	8530
2283	1283
1656	656
2687	1687
9875	8875
6272	5272
2619	1619
6725	5725
6276	5276
7283	6283
2804	1804
6757	5757
2815	1815
6616	5616
5299	4299
3453	2453
1789	789
9258	8258
3294	2294
10495	9495
5283	4283
1147	147
7811	6811
6010	5010
1048	48
4099	3099
3202	2202
6212	5212
6339	5339
9494	8494
8317	7317
4566	3566
2053	1053
2127	1127
9995	8995
4345	3345
2954	1954
5173	4173
7250	6250
9929	8929
4149	3149
1726	726
3179	2179
7854	6854
8264	7264
9098	8098
8253	7253
6002	5002
7228	6228
10897	9897
8809	7809
9905	8905
2247	1247
5721	4721
10133	9133
7714	6714
8294	7294
6855	5855
4521	3521
5682	4682
1946	946
1232	232
7277	6277
9771	8771
8921	7921
1190	190
3869	2869
10812	9812
7395	6395
7096	6096
10336	9336
4482	3482
10073	9073
10954	9954
8061	7061
2572	1572
6788	5788
9129	8129
3347	2347
10595	9595
7089	6089
2019	1019
8896	7896
4721	3721
8756	7756
2317	1317
3482	2482
2697	1697
3846	2846
4821	3821
8565	7565
1600	600
3765	2765
8184	7184
5270	4270
7972	6972
6223	5223
10735	9735
9456	8456
10301	9301
2596	1596
3228	2228
8743	7743
7009	6009
5271	4271
10694	9694
1144	144
7785	6785
10534	9534
6604	5604
2853	1853
8660	7660
6458	5458
10395	9395
10137	9137
10951	9951
9524	8524
8700	7700
1695	695
3964	2964
2417	1417
5057	4057
6117	5117
7740	6740
4719	3719
9117	8117
1026	26
6742	5742
1019	19
2518	1518
9616	8616
7647	6647
10980	9980
8005	7005
5557	4557
7008	6008
3061	2061
2306	1306
4222	3222
8318	7318
10469	9469
7852	6852
3690	2690
7297	6297
9643	8643
5031	4031
3570	2570
6240	5240
2413	1413
3479	2479
8742	7742
1387	387
5516	4516
9330	8330
2540	1540
5414	4414
2118	1118
9615	8615
3010	2010
8925	7925
9303	8303
6365	5365
10421	9421
6972	5972
8983	7983
2850	1850
6846	5846
4555	3555
4167	3167
4964	3964
9388	8388
2735	1735
7163	6163
10430	9430
10143	9143
1990	990
2481	1481
7193	6193
1264	264
5642	4642
8016	7016
10090	9090
7464	6464
5990	4990
3754	2754
5621	4621
10641	9641
7487	6487
10020	9020
10221	9221
8776	7776
10326	9326
9925	8925
8621	7621
2475	1475
2954	1954
