500	1249858
2590	1590
7904	6904
6048	5048
1392	392
8013	7013
2741	1741
10653	9653
7018	6018
5966	4966
5166	4166
7079	6079
4101	3101
10066	9066
8363	7363
6403	5403
4046	3046
4259	3259
1203	203
2829	1829
4779	3779
9709	8709
6426	5426
5105	4105
5354	4354
6561	5561
6119	5119
10148	9148
10478	9478
2147	1147
4740	3740
7450	6450
1649	649
1219	219
8503	7503
3586	2586
10760	9760
1542	542
7668	6668
7844	6844
3999	2999
7102	6102
7785	6785
2749	1749
5091	4091
1343	343
9026	8026
10652	9652
6723	5723
7937	6937
3804	2804
5106	4106
2826	1826
4018	3018
9753	8753
1374	374
10686	9686
4838	3838
4919	3919
7088	6088
2860	1860
6693	5693
7022	6022
9685	8685
7318	6318
6851	5851
3979	2979
7240	6240
9714	8714
3193	2193
6452	5452
3416	2416
5702	4702
10731	9731
2908	1908
6824	5824
6278	5278
4725	3725
3807	2807
2893	1893
6017	5017
9286	8286
6878	5878
3233	2233
9757	8757
9870	8870
2754	1754
4155	3155
10809	9809
4360	3360
4520	3520
1381	381
7865	6865
9384	8384
5419	4419
9382	8382
4890	3890
8913	7913
10619	9619
3704	2704
3534	2534
9600	8600
6345	5345
7303	6303
2461	1461
8425	7425
4309	3309
8099	7099
9586	8586
2200	1200
2469	1469
9486	8486
7076	6076
6183	5183
10964	9964
8427	7427
1909	909
1748	748
3818	2818
2354	1354
1776	776
5687	4687
8658	7658
1909	909
3962	2962
5079	4079
4319	3319
4670	3670
6929	5929
1981	981
5524	4524
2500	1500
1088	88
8024	7024
8626	7626
8097	7097
6554	5554
4927	3927
6539	5539
2880	1880
9652	8652
4777	3777
7724	6724
9922	8922
1527	527
7403	6403
8172	7172
8922	7922
5190	4190
4564	3564
2494	1494
1236	236
2729	1729
3771	2771
3142	2142
1296	296
1032	32
6323	5323
1938	938
2977	1977
7709	6709
7735	6735
10796	9796
3541	2541
6556	5556
2875	1875
9771	8771
5934	4934
9814	8814
9453	8453
7346	6346
4965	3965
3131	2131
5863	4863
8790	7790
9549	8549
4157	3157
9772	8772
5396	4396
4873	3873
7384	6384
4937	3937
1770	770
6285	5285
7636	6636
6024	5024
6516	5516
9969	8969
5765	4765
2068	1068
4656	3656
8030	7030
3533	2533
2361	1361
1710	710
4174	3174
4566	3566
1444	444
6293	5293
5561	4561
5436	4436
7520	6520
10930	9930
4881	3881
1176	176
5523	4523
9720	8720
1668	668
1142	142
3188	2188
1498	498
6668	5668
10696	9696
5494	4494
2451	1451
8857	7857
1909	909
1807	807
9929	8929
2025	1025
8216	7216
3627	2627
2004	1004
8940	7940
1862	862
4591	3591
8306	7306
2700	1700
9897	8897
7198	6198
5843	4843
9673	8673
2940	1940
7716	6716
6954	5954
10767	9767
3247	2247
10862	9862
7101	6101
4613	3613
1222	222
7405	6405
5425	4425
6010	5010
10006	9006
5253	4253
10549	9549
4456	3456
8622	7622
10033	9033
5067	4067
9007	8007
10473	9473
9243	8243
5556	4556
5503	4503
8046	7046
8603	7603
7264	6264
9669	8669
8414	7414
9703	8703
3509	2509
8212	7212
9712	8712
7499	6499
1561	561
1329	329
2643	1643
6105	5105
6445	5445
3517	2517
10693	9693
8907	7907
6315	5315
7266	6266
5739	4739
4101	3101
10273	9273
2935	1935
6583	5583
10937	9937
10940	9940
7624	6624
2236	1236
9993	8993
3569	2569
4804	3804
8593	7593
3366	2366
10798	9798
9578	8578
3399	2399
3467	2467
10835	9835
7649	6649
2758	1758
8205	7205
3300	2300
1746	746
4679	3679
1202	202
6869	5869
8783	7783
9008	8008
5504	4504
2126	1126
8467	7467
7631	6631
7877	6877
7614	6614
9803	8803
1788	788
1011	11
3934	2934
8387	7387
10133	9133
3720	2720
4761	3761
3009	2009
10298	9298
3009	2009
7704	6704
9114	8114
7936	6936
10349	9349
9840	8840
3990	2990
2664	1664
1155	155
8178	7178
9916	8916
9229	8229
4712	3712
1108	108
5385	4385
5666	4666
3449	2449
4578	3578
6851	5851
8172	7172
6484	5484
2522	1522
1263	263
8667	7667
2570	1570
5841	4841
5238	4238
4624	3624
1849	849
3122	2122
3181	2181
10808	9808
4224	3224
6882	5882
6329	5329
4412	3412
9729	8729
10561	9561
7560	6560
9350	8350
1400	400
9180	8180
3874	2874
9491	8491
3832	2832
1860	860
4684	3684
9098	8098
10996	9996
9070	8070
9543	8543
6629	5629
4514	3514
6523	5523
10741	9741
6439	5439
6911	5911
3691	2691
9653	8653
3466	2466
4128	3128
9060	8060
10844	9844
4652	3652
6383	5383
1979	979
9087	8087
6135	5135
4352	3352
2930	1930
9027	8027
6277	5277
6171	5171
8026	7026
9926	8926
4949	3949
1521	521
8899	7899
10574	9574
3194	2194
3664	2664
8822	7822
8193	7193
8069	7069
5593	4593
4554	3554
3346	2346
2632	1632
8323	7323
3805	2805
9644	8644
10890	9890
4904	3904
10931	9931
7986	6986
4382	3382
8761	7761
9821	8821
3562	2562
1899	899
9137	8137
8331	7331
3365	2365
4204	3204
6392	5392
7962	6962
6482	5482
9122	8122
9952	8952
9114	8114
5597	4597
9756	8756
8562	7562
1519	519
1982	982
8900	7900
3742	2742
2435	1435
10320	9320
1678	678
2927	1927
3344	2344
7047	6047
9759	8759
2807	1807
7426	6426
4550	3550
4815	3815
10499	9499
10366	9366
6266	5266
3745	2745
8651	7651
4064	3064
1410	410
8725	7725
4288	3288
9453	8453
3690	2690
8045	7045
7654	6654
3584	2584
5447	4447
4843	3843
8149	7149
8596	7596
1732	732
7001	6001
10080	9080
9927	8927
5947	4947
5675	4675
1804	804
3922	2922
3574	2574
3433	2433
4903	3903
6497	5497
3898	2898
10145	9145
4948	3948
3763	2763
2152	1152
8256	7256
9069	8069
7386	6386
1829	829
2390	1390
7289	6289
4658	3658
7480	6480
2505	1505
1008	8
3254	2254
1711	711
6649	5649
10285	9285
6406	5406
7376	6376
2046	1046
