500	1231500
4787	3787
6127	5127
5589	4589
8594	7594
5989	4989
8887	7887
4035	3035
1788	788
6489	5489
2930	1930
2180	1180
1205	205
7196	6196
1518	518
1978	978
4504	3504
9441	8441
3562	2562
1744	744
3746	2746
4576	3576
4771	3771
5577	4577
6775	5775
9852	8852
6722	5722
5502	4502
9274	8274
7716	6716
5126	4126
10524	9524
10334	9334
2594	1594
1690	690
2375	1375
2040	1040
6274	5274
9194	8194
4468	3468
2537	1537
8999	7999
9448	8448
4498	3498
9474	8474
9633	8633
2647	1647
1408	408
7956	6956
5111	4111
2260	1260
2108	1108
1372	372
10777	9777
1997	997
1273	273
1279	279
7117	6117
9254	8254
6010	5010
7579	6579
2064	1064
10051	9051
7812	6812
2038	1038
8737	7737
3299	2299
9515	8515
10688	9688
3286	2286
5804	4804
2039	1039
8852	7852
1436	436
8530	7530
5596	4596
8224	7224
2156	1156
8770	7770
9700	8700
2216	1216
2707	1707
2707	1707
2342	1342
6830	5830
6298	5298
5450	4450
10336	9336
3594	2594
4143	3143
6351	5351
8127	7127
2908	1908
2351	1351
7601	6601
6947	5947
4805	3805
3447	2447
3789	2789
8213	7213
7770	6770
6098	5098
10901	9901
3739	2739
5259	4259
5177	4177
3169	2169
9346	8346
9997	8997
8136	7136
5301	4301
1751	751
3552	2552
4572	3572
6536	5536
4848	3848
1414	414
9331	8331
2054	1054
9709	8709
3141	2141
5698	4698
7707	6707
7462	6462
9958	8958
8371	7371
2679	1679
5581	4581
4192	3192
8844	7844
4898	3898
7377	6377
3952	2952
1087	87
1464	464
9712	8712
8006	7006
5235	4235
6137	5137
10383	9383
2289	1289
7320	6320
8351	7351
8008	7008
7429	6429
3678	2678
10618	9618
7578	6578
10359	9359
3632	2632
7937	6937
1252	252
6118	5118
7092	6092
6760	5760
7848	6848
1348	348
1941	941
6162	5162
3887	2887
2096	1096
10327	9327
1907	907
3559	2559
9349	8349
7419	6419
1614	614
6953	5953
4637	3637
8754	7754
10512	9512
10327	9327
4994	3994
8394	7394
9615	8615
7805	6805
10190	9190
8625	7625
9586	8586
2933	1933
9475	8475
8534	7534
8119	7119
10257	9257
5766	4766
1241	241
8715	7715
10711	9711
5273	4273
9356	8356
4420	3420
1789	789
2395	1395
9573	8573
2964	1964
4691	3691
8728	7728
9124	8124
8056	7056
8424	7424
7178	6178
1114	114
4164	3164
8550	7550
2102	1102
3382	2382
10996	9996
3698	2698
8234	7234
3197	2197
2052	1052
4426	3426
3351	2351
2574	1574
3790	2790
1452	452
7875	6875
2429	1429
10927	9927
3032	2032
9682	8682
1042	42
4721	3721
5149	4149
5064	4064
1915	915
5675	4675
4472	3472
2941	1941
3708	2708
6636	5636
4638	3638
10083	9083
9347	8347
10048	9048
3424	2424
4668	3668
5885	4885
3073	2073
9069	8069
4940	3940
7866	6866
8047	7047
6239	5239
7988	6988
7846	6846
7087	6087
4815	3815
1420	420
7240	6240
3765	2765
3839	2839
1664	664
7554	6554
10735	9735
5762	4762
7277	6277
10935	9935
6676	5676
2664	1664
2611	1611
4742	3742
7684	6684
5120	4120
4011	3011
5081	4081
4091	3091
1782	782
1216	216
1652	652
8633	7633
2563	1563
7798	6798
5892	4892
2396	1396
3665	2665
7362	6362
8367	7367
10246	9246
4685	3685
7834	6834
8843	7843
10353	9353
6273	5273
8866	7866
9910	8910
6754	5754
9296	8296
5397	4397
6665	5665
3155	2155
9736	8736
4685	3685
1652	652
9825	8825
3450	2450
9576	8576
8694	7694
1470	470
4382	3382
7000	6000
2746	1746
2015	1015
3297	2297
1586	586
1241	241
5477	4477
2264	1264
4681	3681
7781	6781
8344	7344
10955	9955
4379	3379
4906	3906
6765	5765
9518	8518
2616	1616
9872	8872
1752	752
8593	7593
10985	9985
3191	2191
8611	7611
6635	5635
5874	4874
9900	8900
3710	2710
6653	5653
10358	9358
8897	7897
4527	3527
7961	6961
8071	7071
4678	3678
2611	1611
7140	6140
9393	8393
4523	3523
4044	3044
8914	7914
7544	6544
10683	9683
4232	3232
2748	1748
9103	8103
5263	4263
7068	6068
3934	2934
7301	6301
3757	2757
3466	2466
7236	6236
4251	3251
2177	1177
2386	1386
4879	3879
6310	5310
10572	9572
3633	2633
5188	4188
5306	4306
5092	4092
9002	8002
1468	468
4561	3561
9469	8469
6434	5434
5704	4704
10223	9223
1498	498
4154	3154
2654	1654
6022	5022
9361	8361
9475	8475
10791	9791
4819	3819
4658	3658
3178	2178
5298	4298
9297	8297
5053	4053
10871	9871
5827	4827
10756	9756
2780	1780
9015	8015
8769	7769
6090	5090
3291	2291
4631	3631
8268	7268
4662	3662
10886	9886
2341	1341
3248	2248
6624	5624
9822	8822
8692	7692
6497	5497
7316	6316
10915	9915
10745	9745
2178	1178
3020	2020
6851	5851
3909	2909
8310	7310
6535	5535
2335	1335
3416	2416
10660	9660
6362	5362
9878	8878
2122	1122
2402	1402
8402	7402
8104	7104
2265	1265
1486	486
10141	9141
3682	2682
2695	1695
10342	9342
2555	1555
6362	5362
8317	7317
1020	20
4296	3296
6842	5842
5356	4356
1086	86
7760	6760
9341	8341
10560	9560
10664	9664
9255	8255
3595	2595
1526	526
10568	9568
10522	9522
7155	6155
5818	4818
10604	9604
6868	5868
2477	1477
1100	100
9661	8661
2722	1722
3618	2618
7494	6494
1672	672
10262	9262
8804	7804
4747	3747
10024	9024
6621	5621
2869	1869
6151	5151
7083	6083
4639	3639
6245	5245
2299	1299
2799	1799
1123	123
6124	5124
7323	6323
9623	8623
6813	5813
8417	7417
10931	9931
3284	2284
8826	7826
1980	980
8462	7462
7267	6267
4855	3855
3326	2326
9346	8346
5467	4467
5139	4139
4623	3623
5416	4416
7015	6015
6344	5344
2117	1117
4260	3260
9290	8290
1493	493
9802	8802
8270	7270
6755	5755
2428	1428
6050	5050
1682	682
7132	6132
9462	8462
2841	1841
5355	4355
7338	6338
6750	5750
