500	1861418
10056	9056
5969	4969
7661	6661
8847	7847
5129	4129
9237	8237
1346	346
10415	9415
3673	2673
2311	1311
8107	7107
5714	4714
10505	9505
10383	9383
10908	9908
3222	2222
1771	771
3917	2917
8011	7011
6120	5120
3009	2009
7604	6604
7558	6558
10779	9779
6211	5211
3145	2145
10497	9497
2824	1824
4558	3558
2387	1387
9694	8694
9347	8347
3954	2954
9666	8666
9525	8525
2533	1533
1762	762
10082	9082
1140	140
6593	5593
8892	7892
1083	83
1427	427
8762	7762
4537	3537
7898	6898
2385	1385
5659	4659
6948	5948
8846	7846
8335	7335
9514	8514
6247	5247
9907	8907
3009	2009
9025	8025
7244	6244
1727	727
2250	1250
5439	4439
2882	1882
9000	8000
9367	8367
3590	2590
2659	1659
2706	1706
6641	5641
5925	4925
5076	4076
6869	5869
4562	3562
9562	8562
5523	4523
8133	7133
2408	1408
4274	3274
8333	7333
2541	1541
3862	2862
2559	1559
1703	703
3156	2156
3238	2238
8160	7160
9938	8938
7422	6422
9328	8328
10040	9040
6548	5548
5433	4433
4612	3612
1853	853
8863	7863
8568	7568
3615	2615
5098	4098
3886	2886
4502	3502
10942	9942
2059	1059
4078	3078
9491	8491
5365	4365
7306	6306
2094	1094
7913	6913
4368	3368
1164	164
3966	2966
10085	9085
7107	6107
7684	6684
6686	5686
7407	6407
7535	6535
6655	5655
9271	8271
9451	8451
7506	6506
8900	7900
3954	2954
10435	9435
1194	194
5536	4536
3382	2382
1219	219
5374	4374
5475	4475
8207	7207
3427	2427
6645	5645
9526	8526
2741	1741
5029	4029
2951	1951
1178	178
4638	3638
1050	50
8880	7880
3675	2675
3480	2480
3708	2708
1749	749
3487	2487
3699	2699
8953	7953
2108	1108
10419	9419
1562	562
1723	723
9169	8169
10522	9522
4804	3804
8963	7963
2577	1577
5809	4809
10848	9848
3967	2967
1645	645
3607	2607
4984	3984
3872	2872
6761	5761
6465	5465
3938	2938
1145	145
6969	5969
2131	1131
7006	6006
6769	5769
4727	3727
3081	2081
1914	914
1665	665
5738	4738
8851	7851
1585	585
5422	4422
9260	8260
3969	2969
9064	8064
3406	2406
2789	1789
4849	3849
4735	3735
7148	6148
4905	3905
8798	7798
9301	8301
7594	6594
10284	9284
6314	5314
10427	9427
10595	9595
6802	5802
10164	9164
4408	3408
7773	6773
9499	8499
5079	4079
7835	6835
5027	4027
3486	2486
4385	3385
6278	5278
9782	8782
5857	4857
4501	3501
4385	3385
7556	6556
9114	8114
10122	9122
10321	9321
9113	8113
7541	6541
2785	1785
5959	4959
2672	1672
1401	401
4988	3988
4314	3314
7866	6866
6491	5491
7406	6406
9748	8748
3929	2929
7086	6086
4752	3752
5292	4292
5149	4149
8989	7989
2161	1161
7283	6283
1284	284
10452	9452
9485	8485
7563	6563
8700	7700
8399	7399
7019	6019
7117	6117
4628	3628
6849	5849
6526	5526
8847	7847
1158	158
3698	2698
7948	6948
10804	9804
4202	3202
1144	144
4431	3431
4817	3817
7050	6050
8681	7681
9225	8225
6963	5963
1436	436
8557	7557
3198	2198
1799	799
9940	8940
7104	6104
10113	9113
4818	3818
2416	1416
5791	4791
2217	1217
9844	8844
7261	6261
5007	4007
7466	6466
5274	4274
7376	6376
5973	4973
6061	5061
7415	6415
3679	2679
3254	2254
6001	5001
10237	9237
2621	1621
3682	2682
5157	4157
5447	4447
5009	4009
8312	7312
1822	822
4352	3352
1569	569
3350	2350
6421	5421
6536	5536
4708	3708
1186	186
1863	863
8256	7256
10760	9760
7103	6103
4791	3791
3996	2996
3153	2153
4966	3966
9281	8281
9744	8744
10266	9266
5196	4196
3513	2513
7932	6932
1871	871
7787	6787
9981	8981
10098	9098
3588	2588
6164	5164
5219	4219
2693	1693
6484	5484
3581	2581
4535	3535
10274	9274
8293	7293
3144	2144
7731	6731
2835	1835
7736	6736
4824	3824
7512	6512
6864	5864
2528	1528
9506	8506
3086	2086
2913	1913
9542	8542
1362	362
2674	1674
10456	9456
2292	1292
4418	3418
9062	8062
6219	5219
3806	2806
5158	4158
2258	1258
10325	9325
2613	1613
2043	1043
2440	1440
7291	6291
1836	836
6823	5823
3882	2882
3315	2315
4605	3605
7918	6918
5643	4643
10413	9413
10763	9763
4427	3427
2331	1331
10214	9214
1962	962
4088	3088
5238	4238
2416	1416
10434	9434
4713	3713
6297	5297
2988	1988
6176	5176
10798	9798
6040	5040
8323	7323
6538	5538
6887	5887
6450	5450
10912	9912
2855	1855
9789	8789
3006	2006
10375	9375
7664	6664
4218	3218
8066	7066
6552	5552
10808	9808
7933	6933
10194	9194
5852	4852
9662	8662
3512	2512
10519	9519
4726	3726
2888	1888
5690	4690
6567	5567
5951	4951
7782	6782
1014	14
2134	1134
8408	7408
6365	5365
10646	9646
8608	7608
10096	9096
4564	3564
3047	2047
7844	6844
7133	6133
1769	769
3061	2061
9112	8112
2881	1881
5982	4982
5209	4209
8695	7695
5467	4467
1604	604
1276	276
2038	1038
8464	7464
4662	3662
5021	4021
4535	3535
5613	4613
6664	5664
8185	7185
7010	6010
7297	6297
2906	1906
9174	8174
7490	6490
1378	378
4872	3872
4013	3013
5076	4076
1250	250
10281	9281
6872	5872
9418	8418
5998	4998
9553	8553
6215	5215
6391	5391
1256	256
10942	9942
6483	5483
8080	7080
5463	4463
10069	9069
3660	2660
10153	9153
10907	9907
9319	8319
8478	7478
7605	6605
3836	2836
2679	1679
7786	6786
5370	4370
6502	5502
5134	4134
5537	4537
1312	312
5174	4174
4238	3238
10911	9911
7185	6185
9238	8238
3313	2313
1303	303
8278	7278
4230	3230
9760	8760
2599	1599
4030	3030
9491	8491
5338	4338
1208	208
1907	907
3448	2448
7464	6464
10009	9009
7965	6965
4071	3071
10408	9408
2901	1901
8917	7917
10958	9958
6313	5313
8438	7438
6485	5485
10849	9849
2736	1736
4396	3396
4017	3017
6644	5644
4712	3712
7720	6720
5064	4064
