500	2249171
5498	4498
1999	999
9195	8195
1293	293
5225	4225
1816	816
5450	4450
5977	4977
10292	9292
3884	2884
3289	2289
5117	4117
6507	5507
7196	6196
3197	2197
9649	8649
10256	9256
8641	7641
9153	8153
7849	6849
9466	8466
5988	4988
4064	3064
6336	5336
9821	8821
4416	3416
9040	8040
5919	4919
8956	7956
5997	4997
3125	2125
2979	1979
5956	4956
10263	9263
7425	6425
1918	918
2548	1548
3579	2579
9069	8069
10492	9492
3594	2594
4348	3348
1300	300
5996	4996
3607	2607
2332	1332
2422	1422
9994	8994
2248	1248
3737	2737
7510	6510
7250	6250
8535	7535
6521	5521
1056	56
3119	2119
5746	4746
5527	4527
2644	1644
5423	4423
10947	9947
1401	401
7192	6192
10667	9667
2070	1070
9038	8038
8089	7089
9280	8280
6869	5869
3601	2601
10009	9009
2335	1335
6141	5141
4655	3655
3763	2763
8953	7953
9769	8769
1174	174
9970	8970
6172	5172
2659	1659
2811	1811
9050	8050
6650	5650
10011	9011
3242	2242
7173	6173
2261	1261
5231	4231
4788	3788
2489	1489
10072	9072
10974	9974
2831	1831
9632	8632
4070	3070
1214	214
9067	8067
7037	6037
3163	2163
7054	6054
7958	6958
6584	5584
7831	6831
7984	6984
7794	6794
8384	7384
8694	7694
10185	9185
10521	9521
4191	3191
5972	4972
1156	156
8194	7194
8201	7201
10362	9362
4783	3783
9740	8740
3502	2502
10517	9517
3829	2829
9951	8951
2986	1986
7216	6216
4316	3316
2724	1724
9474	8474
6262	5262
10520	9520
1455	455
8761	7761
3653	2653
5317	4317
10542	9542
10319	9319
5031	4031
2921	1921
6321	5321
4906	3906
2951	1951
10886	9886
3829	2829
9077	8077
4503	3503
10093	9093
7885	6885
8472	7472
6773	5773
9173	8173
2227	1227
8637	7637
9455	8455
10419	9419
2294	1294
3374	2374
10708	9708
5107	4107
5513	4513
10196	9196
10674	9674
7406	6406
6807	5807
10549	9549
2667	1667
8777	7777
7393	6393
3980	2980
3927	2927
9734	8734
8469	7469
8362	7362
6437	5437
7638	6638
6450	5450
8082	7082
1514	514
8964	7964
6519	5519
10556	9556
1286	286
4078	3078
7736	6736
5348	4348
4304	3304
3568	2568
6508	5508
3494	2494
3814	2814
8836	7836
6630	5630
6231	5231
2219	1219
3288	2288
8922	7922
3395	2395
4452	3452
8614	7614
8684	7684
1121	121
5751	4751
1559	559
1727	727
4019	3019
9942	8942
10325	9325
1567	567
8414	7414
8296	7296
5891	4891
5680	4680
6064	5064
7712	6712
5013	4013
9137	8137
8553	7553
9415	8415
8669	7669
2110	1110
7844	6844
7615	6615
4197	3197
6488	5488
8131	7131
9980	8980
2604	1604
4318	3318
2817	1817
4661	3661
4996	3996
3494	2494
7698	6698
6327	5327
6918	5918
3429	2429
7130	6130
5125	4125
6521	5521
5622	4622
9894	8894
10885	9885
8038	7038
6134	5134
7114	6114
4688	3688
8010	7010
1180	180
6767	5767
1245	245
8228	7228
6903	5903
4524	3524
4137	3137
5058	4058
10764	9764
1321	321
1072	72
4812	3812
10560	9560
8173	7173
9280	8280
9699	8699
4373	3373
1031	31
4690	3690
1540	540
5526	4526
9337	8337
10227	9227
2441	1441
9810	8810
1479	479
3595	2595
4164	3164
7574	6574
2807	1807
6859	5859
4022	3022
3396	2396
3307	2307
1938	938
2027	1027
9780	8780
9326	8326
3158	2158
1887	887
6187	5187
8460	7460
9532	8532
5560	4560
3633	2633
3429	2429
1995	995
6011	5011
3738	2738
3915	2915
7514	6514
1131	131
4294	3294
4653	3653
9870	8870
1667	667
2311	1311
8336	7336
5072	4072
6396	5396
9214	8214
9425	8425
5716	4716
7707	6707
8893	7893
1434	434
10508	9508
4953	3953
6860	5860
9856	8856
10425	9425
2910	1910
6035	5035
9800	8800
5407	4407
4601	3601
7543	6543
4200	3200
1396	396
6058	5058
4752	3752
1640	640
10244	9244
3389	2389
5167	4167
7096	6096
2332	1332
6525	5525
10185	9185
2792	1792
9618	8618
9232	8232
5502	4502
5404	4404
5601	4601
8884	7884
3683	2683
7584	6584
1640	640
1484	484
6479	5479
1695	695
1799	799
8535	7535
10000	9000
3462	2462
7294	6294
6498	5498
8912	7912
8114	7114
7462	6462
5909	4909
2225	1225
6979	5979
8484	7484
6041	5041
4836	3836
6300	5300
9043	8043
7098	6098
1422	422
9767	8767
4527	3527
3811	2811
5420	4420
6352	5352
4555	3555
4084	3084
1710	710
4111	3111
6114	5114
1903	903
2359	1359
5007	4007
2495	1495
6348	5348
2285	1285
4537	3537
5388	4388
2239	1239
6021	5021
7818	6818
6437	5437
4848	3848
4761	3761
1905	905
2473	1473
3942	2942
5916	4916
7494	6494
7854	6854
7953	6953
10483	9483
8581	7581
9541	8541
7703	6703
8073	7073
7396	6396
1707	707
10024	9024
8960	7960
9325	8325
5549	4549
8516	7516
9392	8392
8161	7161
3512	2512
10820	9820
10230	9230
5180	4180
8618	7618
9662	8662
7117	6117
5906	4906
3275	2275
1788	788
4970	3970
9173	8173
9895	8895
4138	3138
9776	8776
8397	7397
5616	4616
1369	369
7070	6070
9866	8866
4059	3059
7391	6391
3479	2479
2831	1831
6297	5297
4729	3729
3189	2189
3940	2940
5205	4205
9737	8737
2749	1749
6783	5783
4721	3721
5536	4536
1957	957
4866	3866
8481	7481
9475	8475
7926	6926
3762	2762
6559	5559
7942	6942
6353	5353
3998	2998
1142	142
3229	2229
3440	2440
2531	1531
9557	8557
4869	3869
9562	8562
2946	1946
3513	2513
1900	900
7609	6609
6120	5120
7532	6532
3596	2596
5708	4708
3301	2301
2774	1774
10187	9187
9057	8057
10089	9089
3264	2264
9708	8708
6421	5421
9928	8928
3404	2404
6726	5726
3888	2888
7610	6610
3419	2419
1263	263
1542	542
6620	5620
5800	4800
8118	7118
1612	612
8488	7488
4360	3360
3350	2350
10911	9911
4343	3343
4712	3712
7026	6026
2755	1755
9273	8273
3778	2778
