500	2206820
9941	8941
2421	1421
8123	7123
7357	6357
1843	843
7040	6040
1233	233
10374	9374
1065	65
7684	6684
9766	8766
1169	169
5839	4839
5613	4613
6037	5037
6152	5152
10856	9856
10561	9561
9468	8468
8541	7541
1044	44
10972	9972
3865	2865
6186	5186
7123	6123
4108	3108
1779	779
6381	5381
2536	1536
2061	1061
7947	6947
6235	5235
4713	3713
7561	6561
7313	6313
6652	5652
1320	320
10084	9084
4856	3856
2634	1634
9483	8483
3423	2423
6844	5844
6639	5639
8556	7556
9480	8480
1259	259
8837	7837
5536	4536
6803	5803
6403	5403
9434	8434
5158	4158
7032	6032
4229	3229
8454	7454
9016	8016
8216	7216
5388	4388
10400	9400
3830	2830
8900	7900
4275	3275
4694	3694
7488	6488
4150	3150
6939	5939
4748	3748
4626	3626
9669	8669
1122	122
1421	421
4983	3983
2646	1646
3470	2470
5052	4052
7042	6042
7112	6112
5192	4192
4977	3977
3372	2372
1501	501
7837	6837
2733	1733
1886	886
6833	5833
6183	5183
4246	3246
3306	2306
9751	8751
4946	3946
3324	2324
10865	9865
4491	3491
9721	8721
1234	234
9328	8328
1950	950
4434	3434
2234	1234
10568	9568
8068	7068
1974	974
2297	1297
3101	2101
5260	4260
3549	2549
6878	5878
9652	8652
10872	9872
1339	339
7150	6150
10844	9844
10629	9629
10927	9927
1040	40
3056	2056
4891	3891
7727	6727
3138	2138
5438	4438
6282	5282
5160	4160
2212	1212
8005	7005
9051	8051
10339	9339
9271	8271
10197	9197
8673	7673
1004	4
4391	3391
5183	4183
9528	8528
4218	3218
4986	3986
2650	1650
2847	1847
3267	2267
9587	8587
9537	8537
2780	1780
6897	5897
8496	7496
3594	2594
4031	3031
7747	6747
7352	6352
9588	8588
5874	4874
5723	4723
3783	2783
3265	2265
9858	8858
10298	9298
2938	1938
5338	4338
6900	5900
1059	59
7866	6866
8468	7468
3086	2086
3278	2278
3335	2335
4867	3867
5320	4320
6670	5670
4270	3270
1569	569
7951	6951
5072	4072
1843	843
5342	4342
10716	9716
8506	7506
6492	5492
3631	2631
2332	1332
1786	786
4710	3710
2308	1308
7757	6757
3393	2393
8310	7310
2054	1054
6931	5931
6699	5699
8012	7012
1117	117
7052	6052
1320	320
2193	1193
4090	3090
5368	4368
9437	8437
9078	8078
9818	8818
9060	8060
8094	7094
2490	1490
4636	3636
10497	9497
1170	170
6757	5757
4735	3735
5203	4203
5637	4637
2310	1310
10849	9849
10451	9451
6161	5161
7933	6933
4399	3399
5218	4218
2966	1966
7475	6475
9626	8626
4199	3199
7357	6357
10924	9924
7852	6852
6619	5619
10540	9540
4089	3089
10283	9283
3562	2562
4281	3281
8473	7473
8464	7464
10382	9382
9561	8561
2344	1344
1637	637
5015	4015
7268	6268
7902	6902
6404	5404
6813	5813
3415	2415
2369	1369
8462	7462
1242	242
5199	4199
6516	5516
3966	2966
3557	2557
7255	6255
9372	8372
8153	7153
8504	7504
3709	2709
1359	359
4395	3395
7720	6720
10831	9831
5587	4587
1123	123
9295	8295
5651	4651
5772	4772
1295	295
7934	6934
7574	6574
4804	3804
8066	7066
2951	1951
3638	2638
1312	312
9311	8311
9556	8556
4230	3230
3178	2178
4844	3844
1517	517
3906	2906
1616	616
1107	107
5121	4121
4892	3892
2164	1164
9366	8366
4675	3675
4298	3298
5544	4544
3156	2156
9794	8794
9227	8227
3908	2908
5594	4594
9860	8860
3710	2710
10891	9891
4441	3441
6729	5729
10196	9196
9845	8845
3723	2723
9497	8497
7627	6627
3148	2148
7546	6546
5873	4873
6997	5997
6009	5009
1686	686
10371	9371
9739	8739
10002	9002
6680	5680
4536	3536
9598	8598
8350	7350
6848	5848
7933	6933
9331	8331
9946	8946
3628	2628
3698	2698
3136	2136
7152	6152
6162	5162
7456	6456
3822	2822
3933	2933
6352	5352
9447	8447
7526	6526
10634	9634
2453	1453
9684	8684
10205	9205
7065	6065
5409	4409
3709	2709
9266	8266
1991	991
7333	6333
4063	3063
6240	5240
1818	818
1910	910
2284	1284
2057	1057
7093	6093
3453	2453
5036	4036
10656	9656
7210	6210
5400	4400
10204	9204
4326	3326
7900	6900
5977	4977
5668	4668
5661	4661
9939	8939
10353	9353
10358	9358
1379	379
3509	2509
4163	3163
8731	7731
2245	1245
1928	928
3028	2028
8672	7672
5970	4970
9928	8928
9139	8139
9314	8314
3673	2673
3788	2788
8296	7296
4577	3577
10204	9204
4449	3449
10011	9011
7664	6664
3121	2121
8354	7354
1071	71
7340	6340
7003	6003
2763	1763
5734	4734
4722	3722
10477	9477
4757	3757
7111	6111
3712	2712
7499	6499
6052	5052
1436	436
4535	3535
9499	8499
8476	7476
7941	6941
2338	1338
2099	1099
1037	37
7813	6813
1610	610
1559	559
8591	7591
7843	6843
1137	137
8538	7538
6736	5736
6258	5258
9764	8764
5302	4302
7883	6883
9066	8066
8806	7806
9637	8637
1405	405
2977	1977
2342	1342
2516	1516
1193	193
8093	7093
4943	3943
8906	7906
3622	2622
3600	2600
5782	4782
8602	7602
7885	6885
3704	2704
10510	9510
6460	5460
1321	321
6544	5544
1975	975
5308	4308
3940	2940
6176	5176
3087	2087
9364	8364
6113	5113
3376	2376
9262	8262
10458	9458
1664	664
4390	3390
7401	6401
8089	7089
9308	8308
4172	3172
5277	4277
10017	9017
5960	4960
4270	3270
8135	7135
6762	5762
6567	5567
7525	6525
10771	9771
6274	5274
3188	2188
3382	2382
1436	436
8997	7997
4133	3133
2217	1217
7207	6207
5774	4774
10006	9006
8028	7028
6852	5852
1026	26
3986	2986
10795	9795
8213	7213
9233	8233
1354	354
10963	9963
2177	1177
6034	5034
9459	8459
2957	1957
1169	169
1281	281
4409	3409
6404	5404
8680	7680
1301	301
3363	2363
5931	4931
2767	1767
6965	5965
6799	5799
10262	9262
2561	1561
3837	2837
9276	8276
3023	2023
4607	3607
4988	3988
4296	3296
