500	1286098
7021	6021
4228	3228
10350	9350
5775	4775
9737	8737
8024	7024
5142	4142
7367	6367
7827	6827
4416	3416
1661	661
7976	6976
7111	6111
1114	114
10768	9768
5495	4495
8388	7388
8955	7955
4858	3858
1243	243
3961	2961
10472	9472
8913	7913
5465	4465
9298	8298
5414	4414
2134	1134
2964	1964
6926	5926
2666	1666
3840	2840
9027	8027
7628	6628
3167	2167
5023	4023
3463	2463
9897	8897
8535	7535
4665	3665
9555	8555
2481	1481
6889	5889
5948	4948
4444	3444
5157	4157
4533	3533
10109	9109
5030	4030
9136	8136
9363	8363
6769	5769
6811	5811
8673	7673
5866	4866
3081	2081
10646	9646
3059	2059
4843	3843
4987	3987
5901	4901
8986	7986
3192	2192
10106	9106
10458	9458
10097	9097
10945	9945
1892	892
4200	3200
8936	7936
4688	3688
1896	896
10531	9531
4994	3994
9895	8895
4303	3303
8499	7499
2362	1362
6422	5422
5956	4956
10456	9456
9467	8467
1775	775
1824	824
10050	9050
9295	8295
4480	3480
9126	8126
7917	6917
6891	5891
3275	2275
9921	8921
5210	4210
4905	3905
9401	8401
4798	3798
10437	9437
7059	6059
9769	8769
1681	681
5162	4162
8554	7554
9781	8781
6370	5370
8405	7405
3680	2680
8015	7015
8188	7188
7634	6634
5223	4223
10213	9213
8154	7154
4866	3866
5857	4857
1354	354
6121	5121
6683	5683
9196	8196
5943	4943
5404	4404
10947	9947
1195	195
9706	8706
1135	135
4254	3254
8896	7896
8825	7825
2118	1118
2518	1518
2852	1852
8048	7048
3168	2168
1335	335
8233	7233
6311	5311
7916	6916
7152	6152
4893	3893
8398	7398
8208	7208
5628	4628
7734	6734
6331	5331
10612	9612
10796	9796
3495	2495
7363	6363
6662	5662
4659	3659
10317	9317
6890	5890
5869	4869
5894	4894
9470	8470
4762	3762
9903	8903
2990	1990
2616	1616
2062	1062
8153	7153
1552	552
9989	8989
6671	5671
8656	7656
2363	1363
10314	9314
10622	9622
10184	9184
6797	5797
5511	4511
3715	2715
5711	4711
3094	2094
1003	3
3847	2847
9587	8587
4673	3673
3935	2935
2698	1698
2060	1060
10238	9238
4304	3304
8646	7646
2103	1103
5318	4318
1933	933
6264	5264
7460	6460
8335	7335
8449	7449
8972	7972
2146	1146
5880	4880
1687	687
4103	3103
9786	8786
1680	680
1483	483
8097	7097
5754	4754
9804	8804
10238	9238
6869	5869
4113	3113
2002	1002
9820	8820
10213	9213
3628	2628
5298	4298
4609	3609
8187	7187
2627	1627
4427	3427
7990	6990
10609	9609
9556	8556
10243	9243
3399	2399
6772	5772
7094	6094
4662	3662
6471	5471
7365	6365
3535	2535
5418	4418
1277	277
7477	6477
1392	392
1990	990
3717	2717
4384	3384
3353	2353
8333	7333
2442	1442
8289	7289
8498	7498
6831	5831
4830	3830
1905	905
1722	722
6271	5271
1728	728
4194	3194
9957	8957
10200	9200
6848	5848
6045	5045
10233	9233
2931	1931
9011	8011
5082	4082
7612	6612
7391	6391
3654	2654
9646	8646
3477	2477
2836	1836
6217	5217
3161	2161
1739	739
1038	38
10739	9739
1511	511
10042	9042
3750	2750
6153	5153
1820	820
7054	6054
8335	7335
2370	1370
8058	7058
6769	5769
10998	9998
8285	7285
6906	5906
6940	5940
8361	7361
4630	3630
6990	5990
7390	6390
2942	1942
9537	8537
10517	9517
9838	8838
7120	6120
6925	5925
1997	997
8887	7887
2700	1700
2264	1264
8164	7164
6394	5394
2543	1543
9503	8503
7953	6953
6940	5940
5909	4909
6254	5254
6658	5658
6635	5635
9327	8327
5510	4510
8705	7705
5369	4369
5329	4329
6679	5679
10238	9238
3039	2039
6203	5203
6154	5154
4691	3691
7896	6896
9943	8943
7563	6563
3385	2385
1182	182
8406	7406
10660	9660
10150	9150
1483	483
4127	3127
6678	5678
3994	2994
6682	5682
3092	2092
8183	7183
5570	4570
6894	5894
9114	8114
2978	1978
4344	3344
7391	6391
5112	4112
10724	9724
4021	3021
4292	3292
1688	688
2341	1341
9506	8506
7623	6623
10552	9552
5321	4321
8575	7575
9047	8047
4686	3686
6087	5087
9107	8107
2121	1121
9657	8657
4880	3880
6400	5400
3153	2153
5977	4977
10003	9003
9825	8825
1769	769
2111	1111
9426	8426
7263	6263
4520	3520
2687	1687
6270	5270
7249	6249
9415	8415
2637	1637
8462	7462
5229	4229
10427	9427
2533	1533
5232	4232
4119	3119
6694	5694
8483	7483
7518	6518
3904	2904
5840	4840
8446	7446
1366	366
4063	3063
6209	5209
9777	8777
2703	1703
1784	784
6061	5061
6276	5276
3668	2668
8718	7718
8744	7744
9048	8048
8762	7762
2977	1977
8271	7271
2176	1176
7234	6234
8221	7221
10660	9660
2776	1776
5092	4092
1655	655
6980	5980
3790	2790
5179	4179
1186	186
2160	1160
2688	1688
10047	9047
8041	7041
10562	9562
7875	6875
4268	3268
7611	6611
6270	5270
7268	6268
1040	40
9945	8945
6750	5750
1092	92
5993	4993
4989	3989
8005	7005
2033	1033
5688	4688
9154	8154
9917	8917
1083	83
6169	5169
2386	1386
8697	7697
3948	2948
1954	954
2325	1325
1168	168
7652	6652
5406	4406
7640	6640
2355	1355
8190	7190
2703	1703
2927	1927
2184	1184
9945	8945
9833	8833
5303	4303
2304	1304
8576	7576
7482	6482
3762	2762
4093	3093
7532	6532
8805	7805
6926	5926
8007	7007
5433	4433
4401	3401
9778	8778
7066	6066
2538	1538
9606	8606
3597	2597
1519	519
10916	9916
7054	6054
6241	5241
6228	5228
9998	8998
4930	3930
8467	7467
2448	1448
5949	4949
7393	6393
8793	7793
7644	6644
7009	6009
7023	6023
4141	3141
6148	5148
2676	1676
3515	2515
10174	9174
7528	6528
4153	3153
10083	9083
4353	3353
9858	8858
5140	4140
5135	4135
9958	8958
5225	4225
4516	3516
10566	9566
6367	5367
4189	3189
10233	9233
7014	6014
1131	131
3451	2451
6483	5483
5441	4441
8080	7080
5595	4595
4527	3527
