500	241515
9133	8133
7632	6632
4496	3496
3563	2563
8331	7331
6547	5547
8508	7508
7473	6473
7691	6691
10158	9158
10963	9963
2075	1075
1176	176
4338	3338
8806	7806
5607	4607
4082	3082
8755	7755
7776	6776
1367	367
2577	1577
5693	4693
3910	2910
4075	3075
4044	3044
3134	2134
6766	5766
8702	7702
4767	3767
4885	3885
8759	7759
7726	6726
7841	6841
8914	7914
6110	5110
1335	335
10936	9936
6743	5743
4888	3888
10851	9851
5549	4549
3404	2404
9102	8102
9216	8216
1149	149
3216	2216
10131	9131
1077	77
8149	7149
10420	9420
3950	2950
10091	9091
9134	8134
6415	5415
3446	2446
1747	747
6937	5937
10318	9318
1594	594
9131	8131
2410	1410
10779	9779
1375	375
9537	8537
1045	45
9589	8589
1760	760
9689	8689
7629	6629
2768	1768
5211	4211
3304	2304
8884	7884
10160	9160
8058	7058
4408	3408
8170	7170
6805	5805
9072	8072
10938	9938
2709	1709
7651	6651
1583	583
4233	3233
1252	252
2067	1067
3370	2370
7867	6867
1787	787
1549	549
1182	182
5893	4893
10228	9228
4901	3901
8255	7255
9257	8257
6571	5571
5629	4629
4560	3560
10726	9726
6114	5114
8373	7373
4464	3464
4319	3319
6892	5892
7620	6620
4388	3388
7976	6976
3066	2066
4229	3229
5472	4472
1943	943
3378	2378
4645	3645
4089	3089
8416	7416
10448	9448
3552	2552
9459	8459
3889	2889
5422	4422
5787	4787
5489	4489
2228	1228
3212	2212
10352	9352
9607	8607
1338	338
7512	6512
4711	3711
9817	8817
8775	7775
3769	2769
7348	6348
9599	8599
9136	8136
7156	6156
6292	5292
2207	1207
6511	5511
3750	2750
3684	2684
7926	6926
5226	4226
10069	9069
10745	9745
5399	4399
1925	925
3663	2663
8892	7892
7386	6386
7525	6525
1717	717
5981	4981
2407	1407
1979	979
4449	3449
1426	426
2304	1304
5753	4753
8939	7939
8649	7649
6302	5302
9816	8816
10775	9775
5995	4995
3174	2174
5835	4835
9750	8750
9905	8905
5174	4174
6486	5486
6631	5631
6801	5801
6088	5088
10344	9344
5173	4173
5524	4524
2117	1117
3223	2223
6799	5799
10470	9470
10502	9502
1018	18
8730	7730
2664	1664
6014	5014
3341	2341
4928	3928
2302	1302
8165	7165
3268	2268
9611	8611
6452	5452
1264	264
7643	6643
4300	3300
2407	1407
10149	9149
6261	5261
6296	5296
10141	9141
6669	5669
3409	2409
1455	455
1258	258
1802	802
6220	5220
10096	9096
5045	4045
4993	3993
10901	9901
8471	7471
7361	6361
3279	2279
2258	1258
1639	639
7073	6073
3997	2997
4321	3321
1636	636
6810	5810
2412	1412
2921	1921
4078	3078
1717	717
2606	1606
1223	223
8177	7177
2085	1085
3015	2015
10847	9847
2171	1171
5572	4572
2413	1413
2735	1735
10434	9434
9839	8839
5486	4486
10792	9792
3391	2391
7743	6743
3672	2672
6141	5141
1177	177
10608	9608
3877	2877
1001	1
1211	211
5251	4251
3458	2458
6704	5704
1209	209
6108	5108
7263	6263
8649	7649
9022	8022
3821	2821
10938	9938
3452	2452
1009	9
3361	2361
9272	8272
9706	8706
8055	7055
3710	2710
8042	7042
2473	1473
8611	7611
3236	2236
10027	9027
7992	6992
7447	6447
1162	162
8178	7178
7223	6223
2014	1014
8145	7145
5509	4509
2811	1811
8713	7713
6901	5901
5863	4863
10038	9038
6389	5389
10199	9199
7473	6473
9243	8243
2377	1377
8464	7464
2076	1076
6667	5667
10379	9379
10104	9104
7626	6626
5529	4529
6011	5011
5675	4675
8996	7996
1764	764
2466	1466
1881	881
6475	5475
1853	853
7772	6772
10355	9355
2144	1144
6879	5879
7412	6412
9514	8514
7387	6387
10560	9560
6558	5558
7133	6133
6588	5588
2277	1277
7484	6484
5628	4628
2688	1688
10398	9398
1603	603
10333	9333
3821	2821
3490	2490
1419	419
3697	2697
10829	9829
7972	6972
8394	7394
7412	6412
8798	7798
8691	7691
9624	8624
8727	7727
9579	8579
3122	2122
10471	9471
2121	1121
1284	284
5157	4157
4169	3169
3765	2765
8948	7948
2449	1449
7533	6533
2219	1219
6616	5616
5488	4488
1402	402
8301	7301
4766	3766
2687	1687
7413	6413
1426	426
6832	5832
2746	1746
3671	2671
7897	6897
1369	369
10834	9834
10594	9594
7891	6891
4589	3589
3184	2184
8291	7291
7816	6816
9609	8609
8456	7456
7788	6788
3250	2250
3015	2015
7521	6521
8955	7955
5672	4672
10091	9091
7700	6700
10970	9970
5697	4697
9997	8997
1753	753
6324	5324
5734	4734
4535	3535
7829	6829
4534	3534
7935	6935
5833	4833
8956	7956
2059	1059
2671	1671
6527	5527
3826	2826
5901	4901
3100	2100
2444	1444
10509	9509
9423	8423
7556	6556
4072	3072
1930	930
2493	1493
6261	5261
1083	83
4746	3746
7650	6650
8574	7574
4888	3888
4747	3747
3002	2002
1506	506
9998	8998
1489	489
3324	2324
4402	3402
8335	7335
10547	9547
10136	9136
1064	64
5988	4988
3888	2888
10652	9652
6177	5177
4199	3199
1963	963
2689	1689
1593	593
9208	8208
6647	5647
9036	8036
5200	4200
4681	3681
3592	2592
10114	9114
2092	1092
6281	5281
1827	827
6409	5409
3941	2941
9794	8794
5181	4181
9614	8614
4321	3321
5266	4266
5909	4909
8480	7480
4106	3106
1435	435
3294	2294
1246	246
4316	3316
2138	1138
7106	6106
8091	7091
8832	7832
7316	6316
8680	7680
9172	8172
2610	1610
1557	557
4825	3825
1424	424
9342	8342
4039	3039
8782	7782
6476	5476
6919	5919
3241	2241
8055	7055
2486	1486
5528	4528
1142	142
2249	1249
10546	9546
2001	1001
9025	8025
4838	3838
10350	9350
6716	5716
1180	180
4554	3554
9255	8255
3008	2008
10554	9554
9447	8447
8753	7753
6989	5989
3177	2177
4802	3802
7773	6773
7174	6174
6183	5183
1490	490
4749	3749
2244	1244
2676	1676
2918	1918
5534	4534
1421	421
1149	149
9002	8002
