500	649942
8280	7280
8691	7691
7051	6051
8299	7299
1492	492
7855	6855
7564	6564
1110	110
4638	3638
6996	5996
8492	7492
7946	6946
3102	2102
10225	9225
8332	7332
5495	4495
5372	4372
2773	1773
10621	9621
9943	8943
4541	3541
8693	7693
4146	3146
8497	7497
5006	4006
10596	9596
10371	9371
2736	1736
1246	246
5974	4974
2311	1311
6060	5060
8345	7345
2987	1987
5069	4069
1521	521
7855	6855
4997	3997
3520	2520
8835	7835
7781	6781
4734	3734
5711	4711
10727	9727
10745	9745
2984	1984
4537	3537
3590	2590
5544	4544
6567	5567
7879	6879
1065	65
3275	2275
10855	9855
6595	5595
2687	1687
9283	8283
5290	4290
9007	8007
9975	8975
8072	7072
7964	6964
7363	6363
2093	1093
7394	6394
9902	8902
7851	6851
1313	313
6603	5603
5225	4225
3410	2410
9610	8610
3193	2193
7799	6799
9303	8303
6498	5498
7536	6536
8549	7549
1789	789
4644	3644
9081	8081
10210	9210
9344	8344
4348	3348
5504	4504
4649	3649
6311	5311
4534	3534
3189	2189
9564	8564
2319	1319
1996	996
10233	9233
7725	6725
4165	3165
10523	9523
5763	4763
1219	219
2167	1167
10433	9433
3609	2609
8250	7250
8564	7564
1769	769
5636	4636
7229	6229
2219	1219
4733	3733
1910	910
8483	7483
4280	3280
4465	3465
2020	1020
4042	3042
1618	618
10156	9156
8575	7575
2457	1457
6809	5809
4668	3668
5212	4212
4452	3452
1502	502
10524	9524
6306	5306
1610	610
1165	165
1690	690
3519	2519
5499	4499
3935	2935
1022	22
10015	9015
4456	3456
2877	1877
4955	3955
6086	5086
6751	5751
6690	5690
10222	9222
4759	3759
7676	6676
2568	1568
9847	8847
4852	3852
10376	9376
4979	3979
5337	4337
7907	6907
5126	4126
5205	4205
5499	4499
5763	4763
3619	2619
9873	8873
5136	4136
1810	810
9410	8410
9143	8143
2056	1056
2815	1815
7748	6748
9944	8944
7853	6853
7245	6245
7502	6502
10756	9756
6335	5335
4793	3793
10497	9497
10238	9238
5990	4990
8212	7212
2443	1443
10287	9287
5388	4388
5624	4624
8502	7502
4210	3210
10652	9652
9691	8691
4454	3454
6885	5885
3717	2717
7554	6554
8605	7605
7160	6160
2403	1403
1575	575
7912	6912
9593	8593
7126	6126
10405	9405
10371	9371
6668	5668
9045	8045
5304	4304
3701	2701
9351	8351
10332	9332
8317	7317
6045	5045
10369	9369
5885	4885
5483	4483
2857	1857
5277	4277
5704	4704
1069	69
10162	9162
9638	8638
5725	4725
3651	2651
6311	5311
9471	8471
4442	3442
8599	7599
4919	3919
6832	5832
1560	560
5670	4670
10207	9207
6201	5201
10356	9356
1721	721
7925	6925
8973	7973
8870	7870
10604	9604
3782	2782
9118	8118
6779	5779
3999	2999
10080	9080
2785	1785
2988	1988
4346	3346
2574	1574
10281	9281
8108	7108
10903	9903
2335	1335
4434	3434
8727	7727
5259	4259
7240	6240
3576	2576
10867	9867
10636	9636
1004	4
2607	1607
6314	5314
10653	9653
3750	2750
4227	3227
4480	3480
9232	8232
3380	2380
7831	6831
1978	978
7096	6096
10032	9032
10487	9487
2975	1975
5825	4825
10539	9539
3845	2845
5384	4384
10005	9005
8864	7864
8883	7883
8418	7418
4554	3554
5428	4428
7434	6434
10886	9886
10594	9594
1057	57
8268	7268
1531	531
7256	6256
8511	7511
10445	9445
2661	1661
4675	3675
5740	4740
8246	7246
3612	2612
4873	3873
1720	720
7528	6528
3038	2038
6607	5607
8359	7359
9738	8738
7899	6899
7335	6335
1877	877
2600	1600
10708	9708
8439	7439
9659	8659
5812	4812
2757	1757
9820	8820
2486	1486
4614	3614
3682	2682
3083	2083
5781	4781
6274	5274
4710	3710
4288	3288
4710	3710
10803	9803
5476	4476
10982	9982
1519	519
8592	7592
6894	5894
6090	5090
5324	4324
8964	7964
5575	4575
9567	8567
6985	5985
2598	1598
5154	4154
4883	3883
4981	3981
3141	2141
4133	3133
1994	994
7406	6406
3779	2779
10667	9667
8792	7792
6226	5226
2653	1653
4076	3076
4678	3678
5627	4627
8102	7102
7762	6762
2654	1654
1142	142
5577	4577
9360	8360
4066	3066
3377	2377
6572	5572
8435	7435
4952	3952
8665	7665
3473	2473
1758	758
10538	9538
10064	9064
4048	3048
6129	5129
8966	7966
5235	4235
6625	5625
10400	9400
3237	2237
2281	1281
5415	4415
9638	8638
4021	3021
7721	6721
3417	2417
6815	5815
10601	9601
10649	9649
5760	4760
1540	540
4044	3044
8047	7047
4798	3798
1164	164
9441	8441
2909	1909
5247	4247
5712	4712
8279	7279
4524	3524
3946	2946
3686	2686
3989	2989
10328	9328
4008	3008
1230	230
4901	3901
7276	6276
5702	4702
8853	7853
10493	9493
2744	1744
10662	9662
10981	9981
4791	3791
4245	3245
10801	9801
5809	4809
6335	5335
10705	9705
7969	6969
6584	5584
8021	7021
7900	6900
7518	6518
7570	6570
10770	9770
5411	4411
8660	7660
5401	4401
7193	6193
5502	4502
8209	7209
9179	8179
1089	89
1780	780
7825	6825
8013	7013
10029	9029
2409	1409
3803	2803
9428	8428
8268	7268
5922	4922
5378	4378
4597	3597
8703	7703
9247	8247
8687	7687
1191	191
4803	3803
5644	4644
9582	8582
10830	9830
5945	4945
8576	7576
4095	3095
4018	3018
4097	3097
5024	4024
9743	8743
8325	7325
1704	704
2235	1235
7939	6939
9612	8612
1626	626
1518	518
9599	8599
6431	5431
9491	8491
6286	5286
2975	1975
2137	1137
10436	9436
6192	5192
9297	8297
4838	3838
8408	7408
4931	3931
6790	5790
5559	4559
5769	4769
3406	2406
3758	2758
5708	4708
8765	7765
2755	1755
2510	1510
6514	5514
5375	4375
4633	3633
6420	5420
2744	1744
7244	6244
3177	2177
7253	6253
4989	3989
9139	8139
7481	6481
5538	4538
3529	2529
2927	1927
5680	4680
9867	8867
10804	9804
6770	5770
1547	547
6218	5218
3614	2614
9857	8857
3704	2704
5124	4124
9433	8433
