500	1878975
6721	5721
6820	5820
1380	380
2194	1194
7403	6403
7418	6418
9562	8562
9709	8709
7949	6949
2460	1460
3359	2359
9883	8883
6954	5954
9760	8760
3905	2905
6869	5869
7124	6124
9693	8693
7027	6027
1074	74
9334	8334
9129	8129
5506	4506
5057	4057
5924	4924
4744	3744
10740	9740
1864	864
2598	1598
8612	7612
5839	4839
4920	3920
9782	8782
2227	1227
6467	5467
8175	7175
6179	5179
7334	6334
9036	8036
8756	7756
1573	573
5338	4338
3887	2887
4690	3690
5167	4167
10607	9607
2439	1439
3651	2651
6577	5577
6658	5658
4970	3970
4131	3131
7230	6230
9381	8381
1470	470
1141	141
5730	4730
6671	5671
9409	8409
4625	3625
2648	1648
1230	230
6613	5613
4367	3367
3115	2115
3703	2703
4397	3397
8792	7792
9120	8120
3910	2910
5421	4421
3090	2090
9767	8767
10639	9639
2237	1237
10175	9175
10502	9502
9026	8026
3883	2883
7086	6086
4558	3558
9588	8588
7723	6723
8677	7677
1529	529
7697	6697
2472	1472
8790	7790
10883	9883
10477	9477
2658	1658
7967	6967
7172	6172
1590	590
2318	1318
5255	4255
10246	9246
9398	8398
10907	9907
2383	1383
3368	2368
10171	9171
7339	6339
7831	6831
5001	4001
5133	4133
8969	7969
5808	4808
1092	92
10630	9630
9651	8651
6989	5989
4379	3379
3004	2004
6371	5371
3663	2663
8242	7242
5457	4457
2126	1126
6692	5692
1244	244
8509	7509
8356	7356
1757	757
6500	5500
6972	5972
4756	3756
1571	571
3461	2461
4125	3125
6027	5027
8106	7106
6653	5653
8554	7554
6094	5094
10591	9591
2006	1006
7090	6090
2157	1157
3412	2412
9832	8832
1446	446
9420	8420
1804	804
1969	969
3826	2826
7640	6640
6375	5375
8260	7260
6828	5828
6559	5559
3002	2002
4826	3826
4644	3644
1248	248
2958	1958
7302	6302
5885	4885
10998	9998
5649	4649
2559	1559
9749	8749
5018	4018
6363	5363
10390	9390
6862	5862
4567	3567
5030	4030
5792	4792
5376	4376
2802	1802
8263	7263
1107	107
9213	8213
3769	2769
10672	9672
4957	3957
10975	9975
5738	4738
4181	3181
3013	2013
9571	8571
2945	1945
4023	3023
7770	6770
6203	5203
6882	5882
9012	8012
1219	219
1707	707
2526	1526
4405	3405
3785	2785
6968	5968
8198	7198
5604	4604
6428	5428
9470	8470
8219	7219
4650	3650
9112	8112
5696	4696
6499	5499
5279	4279
2949	1949
7780	6780
1526	526
6845	5845
10897	9897
1202	202
10526	9526
8147	7147
9792	8792
5957	4957
1886	886
1245	245
3322	2322
6414	5414
2038	1038
7462	6462
10516	9516
1565	565
9801	8801
7435	6435
9056	8056
7425	6425
2008	1008
1569	569
4257	3257
1397	397
9695	8695
4551	3551
10408	9408
1591	591
10325	9325
1767	767
8908	7908
2878	1878
5333	4333
9840	8840
2797	1797
10784	9784
6444	5444
7040	6040
5915	4915
8456	7456
7216	6216
4656	3656
4123	3123
3287	2287
5031	4031
3637	2637
2576	1576
9667	8667
8863	7863
10806	9806
2326	1326
1379	379
1105	105
1708	708
8487	7487
2372	1372
3747	2747
3800	2800
2046	1046
5373	4373
8521	7521
7023	6023
3191	2191
5194	4194
5282	4282
2546	1546
1925	925
6523	5523
10933	9933
8425	7425
7562	6562
7585	6585
6928	5928
8316	7316
10006	9006
10846	9846
10038	9038
6462	5462
10078	9078
4510	3510
9328	8328
6208	5208
1153	153
7600	6600
3482	2482
9436	8436
10823	9823
9158	8158
8562	7562
1181	181
1206	206
9882	8882
10555	9555
5748	4748
1940	940
8717	7717
1090	90
1425	425
7814	6814
4275	3275
3755	2755
8112	7112
2062	1062
2240	1240
8799	7799
1673	673
5759	4759
7144	6144
5202	4202
2468	1468
7518	6518
10263	9263
4138	3138
3628	2628
5721	4721
8628	7628
4466	3466
2395	1395
2135	1135
4661	3661
9139	8139
7121	6121
5647	4647
8661	7661
7758	6758
3740	2740
10948	9948
4497	3497
2588	1588
6195	5195
1611	611
1065	65
8144	7144
7600	6600
2235	1235
2802	1802
2432	1432
9770	8770
4649	3649
3094	2094
1431	431
3654	2654
1637	637
10925	9925
5932	4932
6426	5426
3962	2962
10552	9552
4083	3083
2133	1133
6472	5472
8531	7531
5049	4049
10812	9812
8595	7595
6684	5684
6693	5693
4025	3025
9212	8212
9658	8658
2185	1185
4327	3327
10927	9927
8996	7996
5293	4293
3749	2749
5608	4608
3115	2115
7139	6139
7731	6731
6017	5017
9057	8057
3665	2665
8913	7913
5730	4730
8243	7243
1764	764
8652	7652
3332	2332
10159	9159
3993	2993
5824	4824
3378	2378
3994	2994
4734	3734
3170	2170
7570	6570
8340	7340
3001	2001
2453	1453
5955	4955
6630	5630
6707	5707
4359	3359
9778	8778
8005	7005
9693	8693
8996	7996
10581	9581
7595	6595
4826	3826
4243	3243
5944	4944
1867	867
4452	3452
6885	5885
9876	8876
9056	8056
9527	8527
5316	4316
4704	3704
2362	1362
5606	4606
2133	1133
8596	7596
10766	9766
5921	4921
4377	3377
8884	7884
1607	607
5585	4585
7036	6036
4654	3654
3776	2776
5793	4793
10561	9561
1873	873
4256	3256
2811	1811
1084	84
8974	7974
8285	7285
10665	9665
7766	6766
10858	9858
2178	1178
2583	1583
3434	2434
5479	4479
8527	7527
4560	3560
5909	4909
10057	9057
10134	9134
10702	9702
5874	4874
3463	2463
10168	9168
2312	1312
6728	5728
7798	6798
1386	386
6736	5736
4927	3927
10899	9899
10979	9979
2987	1987
5663	4663
4994	3994
7814	6814
10272	9272
3558	2558
7789	6789
6300	5300
2975	1975
8497	7497
7484	6484
9495	8495
2019	1019
9096	8096
5759	4759
7329	6329
5445	4445
1926	926
9172	8172
6272	5272
5214	4214
9403	8403
10947	9947
9211	8211
6410	5410
4351	3351
10121	9121
8408	7408
6012	5012
1079	79
8306	7306
3008	2008
10105	9105
9396	8396
9627	8627
3705	2705
3623	2623
6317	5317
