500	1934244
5213	4213
7166	6166
6882	5882
7239	6239
4713	3713
9949	8949
10964	9964
4054	3054
8016	7016
2754	1754
5348	4348
7432	6432
7140	6140
5949	4949
6704	5704
2496	1496
1991	991
3251	2251
8803	7803
6542	5542
5532	4532
8794	7794
9738	8738
10408	9408
6689	5689
1130	130
3325	2325
9410	8410
3533	2533
8131	7131
4673	3673
3654	2654
2204	1204
4412	3412
1971	971
8419	7419
9755	8755
7814	6814
3356	2356
4853	3853
7831	6831
9717	8717
6447	5447
2291	1291
10566	9566
3819	2819
1409	409
5440	4440
4596	3596
8765	7765
6331	5331
1409	409
3035	2035
3794	2794
8615	7615
9094	8094
7873	6873
9939	8939
8534	7534
3126	2126
7984	6984
9590	8590
4045	3045
6383	5383
8924	7924
3937	2937
1720	720
8133	7133
3198	2198
9721	8721
3602	2602
5384	4384
3852	2852
8767	7767
7296	6296
4207	3207
4476	3476
4852	3852
1787	787
8462	7462
4431	3431
1008	8
6837	5837
4165	3165
7299	6299
7719	6719
10835	9835
7801	6801
9453	8453
5893	4893
2609	1609
2767	1767
2333	1333
6423	5423
9333	8333
9296	8296
10190	9190
9405	8405
10637	9637
8378	7378
9192	8192
7076	6076
4022	3022
3770	2770
6882	5882
9251	8251
10348	9348
10863	9863
4484	3484
5588	4588
6716	5716
8855	7855
1661	661
5431	4431
8565	7565
5865	4865
2903	1903
8822	7822
4865	3865
7469	6469
9844	8844
2550	1550
4110	3110
1973	973
3896	2896
4951	3951
9129	8129
2536	1536
9879	8879
9620	8620
9095	8095
7541	6541
2432	1432
10867	9867
2267	1267
10638	9638
7944	6944
10938	9938
8254	7254
5100	4100
1940	940
3918	2918
2186	1186
6420	5420
4525	3525
8374	7374
7790	6790
3071	2071
1821	821
6376	5376
2779	1779
3360	2360
9380	8380
7846	6846
5671	4671
10433	9433
4008	3008
5205	4205
3176	2176
3818	2818
3328	2328
10846	9846
1069	69
2554	1554
9466	8466
6159	5159
8856	7856
8645	7645
7369	6369
2870	1870
1826	826
3174	2174
3596	2596
9449	8449
1309	309
5733	4733
10669	9669
3834	2834
2567	1567
10064	9064
9824	8824
9402	8402
7277	6277
7020	6020
5388	4388
6928	5928
9580	8580
7350	6350
9930	8930
8634	7634
8338	7338
9633	8633
6917	5917
8361	7361
8774	7774
10471	9471
6233	5233
4193	3193
2670	1670
7369	6369
3561	2561
9674	8674
1602	602
4355	3355
3717	2717
10501	9501
4857	3857
1247	247
3814	2814
9905	8905
8639	7639
4452	3452
8286	7286
10895	9895
9678	8678
5588	4588
1709	709
7071	6071
8685	7685
5786	4786
9209	8209
6901	5901
5580	4580
4438	3438
7115	6115
8721	7721
9303	8303
5978	4978
8322	7322
5338	4338
9000	8000
2726	1726
4290	3290
5831	4831
4290	3290
5829	4829
3467	2467
7442	6442
5432	4432
7312	6312
3735	2735
9397	8397
8160	7160
3342	2342
6278	5278
10980	9980
4324	3324
6291	5291
10173	9173
1300	300
6702	5702
6026	5026
10189	9189
7133	6133
5336	4336
6413	5413
8489	7489
9827	8827
7893	6893
1828	828
8279	7279
5998	4998
5056	4056
4095	3095
4662	3662
10684	9684
9871	8871
10879	9879
9457	8457
8829	7829
9876	8876
10400	9400
10461	9461
4919	3919
7786	6786
5524	4524
2956	1956
3139	2139
4504	3504
3337	2337
6832	5832
5155	4155
9895	8895
1127	127
4058	3058
10518	9518
5680	4680
5944	4944
3132	2132
2086	1086
4326	3326
1747	747
7226	6226
6269	5269
8512	7512
8549	7549
10171	9171
8921	7921
7759	6759
1194	194
2468	1468
4887	3887
2337	1337
9438	8438
5798	4798
2382	1382
7278	6278
1822	822
3718	2718
5117	4117
8189	7189
3043	2043
1976	976
2360	1360
1668	668
3025	2025
7884	6884
8725	7725
4373	3373
9556	8556
10826	9826
7264	6264
4462	3462
5084	4084
7418	6418
6574	5574
10539	9539
4949	3949
3380	2380
7222	6222
4771	3771
3403	2403
1793	793
10642	9642
3423	2423
7664	6664
5890	4890
6505	5505
8649	7649
3801	2801
3559	2559
1435	435
4753	3753
8483	7483
5521	4521
4442	3442
9612	8612
3352	2352
9627	8627
10235	9235
3264	2264
2590	1590
10399	9399
6422	5422
8775	7775
3870	2870
9731	8731
2693	1693
6516	5516
10063	9063
5468	4468
2865	1865
6525	5525
6459	5459
1676	676
8410	7410
5607	4607
6343	5343
2947	1947
7319	6319
7388	6388
6161	5161
9483	8483
1665	665
4801	3801
6290	5290
8519	7519
6612	5612
4759	3759
5859	4859
8530	7530
5683	4683
3613	2613
3242	2242
3021	2021
1749	749
7830	6830
10984	9984
7025	6025
4374	3374
9312	8312
3731	2731
5883	4883
5360	4360
10465	9465
4572	3572
10600	9600
2698	1698
10665	9665
2890	1890
10354	9354
8518	7518
3255	2255
2624	1624
4774	3774
7999	6999
5082	4082
10593	9593
8307	7307
4160	3160
6348	5348
8444	7444
6622	5622
2985	1985
2262	1262
8790	7790
7494	6494
2610	1610
5311	4311
6964	5964
3433	2433
7610	6610
5728	4728
10374	9374
7401	6401
4555	3555
6764	5764
5491	4491
3992	2992
7079	6079
3937	2937
3989	2989
8265	7265
3061	2061
1330	330
5936	4936
5246	4246
7279	6279
6978	5978
7940	6940
10984	9984
4948	3948
4554	3554
3882	2882
2506	1506
3317	2317
1583	583
1577	577
8456	7456
4644	3644
7449	6449
2008	1008
4914	3914
2580	1580
7731	6731
10391	9391
9663	8663
5758	4758
8528	7528
3325	2325
1965	965
9505	8505
10315	9315
8942	7942
8276	7276
1651	651
10986	9986
1799	799
6103	5103
3990	2990
9853	8853
9509	8509
7142	6142
5255	4255
7183	6183
8393	7393
1004	4
9950	8950
6955	5955
8062	7062
6069	5069
2108	1108
10195	9195
5685	4685
1678	678
3204	2204
5442	4442
3352	2352
7212	6212
10087	9087
9244	8244
6990	5990
7286	6286
4443	3443
8616	7616
4148	3148
6278	5278
1190	190
5911	4911
4997	3997
