500	252805
1823	823
8004	7004
4644	3644
6015	5015
2757	1757
9402	8402
10884	9884
1501	501
10803	9803
3780	2780
2516	1516
8781	7781
5033	4033
8670	7670
4304	3304
7881	6881
7836	6836
2541	1541
7521	6521
6624	5624
7320	6320
3274	2274
3709	2709
2689	1689
2743	1743
3587	2587
5761	4761
9313	8313
10857	9857
4938	3938
5669	4669
9000	8000
8550	7550
8361	7361
8651	7651
8134	7134
6710	5710
5436	4436
1443	443
6980	5980
10461	9461
9120	8120
5631	4631
5447	4447
4895	3895
7056	6056
8180	7180
1107	107
8160	7160
7698	6698
5215	4215
5748	4748
2559	1559
4638	3638
1827	827
9673	8673
10842	9842
10841	9841
8018	7018
7946	6946
4070	3070
5543	4543
8521	7521
9907	8907
8296	7296
10910	9910
10349	9349
6025	5025
3948	2948
6465	5465
5823	4823
3698	2698
1912	912
1635	635
10385	9385
3282	2282
2706	1706
10259	9259
7055	6055
8766	7766
8850	7850
10972	9972
7930	6930
4257	3257
9796	8796
7048	6048
4144	3144
6298	5298
10111	9111
1785	785
1337	337
10187	9187
8268	7268
3185	2185
4530	3530
10164	9164
10869	9869
7376	6376
1098	98
1500	500
9028	8028
9021	8021
1574	574
5412	4412
7968	6968
10751	9751
8277	7277
4000	3000
1375	375
6179	5179
4299	3299
5827	4827
9790	8790
9615	8615
4303	3303
7772	6772
2213	1213
2734	1734
5132	4132
7903	6903
9794	8794
9862	8862
2860	1860
9670	8670
2564	1564
6531	5531
5492	4492
8249	7249
6234	5234
1854	854
7845	6845
7469	6469
2538	1538
3191	2191
7381	6381
9046	8046
3603	2603
6040	5040
7784	6784
1208	208
2191	1191
7357	6357
6349	5349
7006	6006
6808	5808
5070	4070
5069	4069
3741	2741
2294	1294
2431	1431
5828	4828
6224	5224
6474	5474
9615	8615
10479	9479
9647	8647
10331	9331
7192	6192
10251	9251
2127	1127
1068	68
6324	5324
3024	2024
6082	5082
6286	5286
8830	7830
5128	4128
1919	919
2066	1066
2867	1867
4367	3367
10975	9975
5114	4114
3873	2873
1092	92
7856	6856
3434	2434
1383	383
9475	8475
9111	8111
2698	1698
6838	5838
4074	3074
9292	8292
10669	9669
1992	992
6661	5661
9178	8178
3398	2398
2363	1363
8326	7326
9151	8151
3386	2386
6655	5655
2821	1821
2855	1855
5188	4188
2509	1509
8900	7900
3724	2724
5940	4940
9050	8050
2102	1102
7113	6113
2144	1144
9594	8594
10888	9888
7955	6955
6759	5759
1830	830
9051	8051
2297	1297
10330	9330
5773	4773
10640	9640
1034	34
7875	6875
2574	1574
6822	5822
5842	4842
5628	4628
3081	2081
4264	3264
2191	1191
2142	1142
1700	700
2330	1330
5920	4920
9212	8212
8280	7280
1325	325
7443	6443
4427	3427
2087	1087
6800	5800
5334	4334
3544	2544
10843	9843
4945	3945
6069	5069
6444	5444
3314	2314
7313	6313
2023	1023
4789	3789
7909	6909
8798	7798
7843	6843
6217	5217
10592	9592
9990	8990
1212	212
7339	6339
3908	2908
8535	7535
1622	622
6701	5701
1899	899
1772	772
7096	6096
3493	2493
6031	5031
1109	109
3271	2271
3234	2234
6662	5662
10231	9231
10523	9523
10998	9998
2721	1721
8165	7165
9942	8942
9087	8087
3727	2727
9953	8953
3737	2737
7160	6160
2349	1349
6249	5249
9882	8882
1631	631
3801	2801
1474	474
7768	6768
10672	9672
6495	5495
10656	9656
5714	4714
2129	1129
2629	1629
7341	6341
5501	4501
6242	5242
3288	2288
1307	307
10963	9963
3379	2379
6908	5908
1380	380
7610	6610
4112	3112
5313	4313
7809	6809
8428	7428
7682	6682
5604	4604
9539	8539
2588	1588
4871	3871
6248	5248
8137	7137
3254	2254
2615	1615
7985	6985
4866	3866
8428	7428
3375	2375
6302	5302
4097	3097
7828	6828
1806	806
1267	267
6605	5605
7848	6848
1232	232
2761	1761
6544	5544
6009	5009
6403	5403
10170	9170
10164	9164
5135	4135
10282	9282
3760	2760
4033	3033
2808	1808
8261	7261
5872	4872
9165	8165
1330	330
9845	8845
1488	488
5279	4279
4155	3155
4512	3512
8169	7169
10178	9178
3278	2278
5362	4362
2049	1049
7886	6886
8514	7514
6348	5348
6166	5166
10758	9758
3562	2562
1514	514
9144	8144
9699	8699
2899	1899
9849	8849
3706	2706
6300	5300
3493	2493
9580	8580
9907	8907
10384	9384
6198	5198
5791	4791
4676	3676
8910	7910
9671	8671
7491	6491
5555	4555
2519	1519
1526	526
2568	1568
6098	5098
8965	7965
2631	1631
10170	9170
1548	548
10954	9954
9851	8851
9033	8033
4247	3247
9465	8465
3582	2582
1995	995
7580	6580
6487	5487
8448	7448
4260	3260
1161	161
6003	5003
5341	4341
7254	6254
7057	6057
2538	1538
9611	8611
7681	6681
8397	7397
2800	1800
4125	3125
6200	5200
3951	2951
3004	2004
8895	7895
10761	9761
8616	7616
4065	3065
4693	3693
2072	1072
4744	3744
3002	2002
5620	4620
10086	9086
2112	1112
9901	8901
4136	3136
5269	4269
2302	1302
10269	9269
2757	1757
3139	2139
5639	4639
8203	7203
10526	9526
8481	7481
1236	236
6668	5668
6853	5853
1009	9
4075	3075
7544	6544
10639	9639
1723	723
9872	8872
10617	9617
6786	5786
2708	1708
5957	4957
8968	7968
8349	7349
7638	6638
2464	1464
1148	148
9428	8428
6899	5899
9444	8444
6304	5304
6266	5266
5346	4346
5868	4868
3831	2831
4933	3933
8142	7142
7561	6561
4144	3144
7566	6566
5468	4468
1305	305
6448	5448
10314	9314
4496	3496
2050	1050
10742	9742
4748	3748
7854	6854
4560	3560
5759	4759
6951	5951
10307	9307
7610	6610
9299	8299
8741	7741
7346	6346
10789	9789
9247	8247
10078	9078
5522	4522
6386	5386
8740	7740
1516	516
7761	6761
1006	6
9540	8540
9662	8662
1314	314
1643	643
8942	7942
9784	8784
5397	4397
6623	5623
4601	3601
10078	9078
2673	1673
10099	9099
6306	5306
8674	7674
