500	640374
7895	6895
6508	5508
9480	8480
4377	3377
9165	8165
6197	5197
2672	1672
8362	7362
4258	3258
3714	2714
9368	8368
4658	3658
5896	4896
9013	8013
5382	4382
9991	8991
9732	8732
9536	8536
9831	8831
8811	7811
5324	4324
4636	3636
7478	6478
7265	6265
1219	219
7175	6175
6204	5204
4525	3525
2391	1391
6467	5467
6737	5737
9598	8598
8067	7067
6393	5393
7986	6986
4274	3274
1503	503
8971	7971
8760	7760
6287	5287
5097	4097
3557	2557
10220	9220
5903	4903
2756	1756
7678	6678
10533	9533
3655	2655
3589	2589
9805	8805
2140	1140
1532	532
5694	4694
4266	3266
6049	5049
7627	6627
9246	8246
10453	9453
9785	8785
7365	6365
5048	4048
10583	9583
7377	6377
6314	5314
9384	8384
10951	9951
9079	8079
8474	7474
1942	942
2776	1776
10536	9536
10090	9090
5689	4689
5301	4301
2559	1559
6695	5695
5186	4186
6891	5891
4203	3203
9744	8744
8220	7220
5670	4670
5315	4315
4384	3384
10800	9800
2307	1307
3902	2902
10886	9886
9885	8885
1461	461
9650	8650
4229	3229
9777	8777
6276	5276
6052	5052
5476	4476
4612	3612
2212	1212
4437	3437
9291	8291
5446	4446
4570	3570
1114	114
1359	359
2287	1287
4437	3437
4139	3139
1744	744
5828	4828
3833	2833
1336	336
6663	5663
1867	867
8523	7523
6296	5296
10209	9209
2243	1243
4162	3162
2118	1118
9328	8328
3547	2547
2243	1243
7577	6577
1651	651
9300	8300
8241	7241
7834	6834
4303	3303
5045	4045
10291	9291
3380	2380
6374	5374
4025	3025
5500	4500
1567	567
2363	1363
9790	8790
5688	4688
1021	21
10609	9609
3826	2826
6740	5740
10710	9710
10423	9423
7657	6657
7043	6043
4307	3307
1503	503
7801	6801
3438	2438
3635	2635
10118	9118
9460	8460
4458	3458
1508	508
4400	3400
7519	6519
4916	3916
8692	7692
7185	6185
2630	1630
10813	9813
5816	4816
3157	2157
1911	911
5257	4257
5246	4246
6825	5825
3180	2180
10847	9847
10415	9415
6163	5163
9280	8280
4896	3896
1147	147
1871	871
5712	4712
4358	3358
2703	1703
10618	9618
10027	9027
3893	2893
4675	3675
9452	8452
4535	3535
10962	9962
7309	6309
8185	7185
7996	6996
7742	6742
4967	3967
8484	7484
8067	7067
8673	7673
6984	5984
6573	5573
3516	2516
7283	6283
5931	4931
8475	7475
2932	1932
3113	2113
1056	56
10196	9196
7573	6573
7143	6143
7433	6433
8228	7228
10651	9651
6506	5506
10630	9630
3149	2149
6708	5708
6438	5438
10782	9782
8932	7932
10010	9010
1840	840
7840	6840
8757	7757
7194	6194
3690	2690
2242	1242
4333	3333
7607	6607
8125	7125
3635	2635
9630	8630
10596	9596
6363	5363
2111	1111
3838	2838
5057	4057
4377	3377
9500	8500
4694	3694
2911	1911
6033	5033
1584	584
10484	9484
6701	5701
1638	638
2959	1959
7519	6519
7226	6226
3795	2795
8150	7150
10020	9020
10113	9113
8709	7709
7342	6342
8998	7998
7829	6829
6263	5263
10400	9400
4961	3961
4466	3466
6805	5805
4505	3505
4688	3688
8010	7010
5112	4112
6726	5726
4057	3057
10948	9948
8064	7064
2285	1285
1332	332
9283	8283
9584	8584
6397	5397
10638	9638
6835	5835
10922	9922
2101	1101
3334	2334
8740	7740
1142	142
4243	3243
10018	9018
2294	1294
7983	6983
4848	3848
7650	6650
2191	1191
3689	2689
4951	3951
9623	8623
2947	1947
6737	5737
5156	4156
5618	4618
2825	1825
5551	4551
4754	3754
5451	4451
5617	4617
5364	4364
7119	6119
6593	5593
7510	6510
3846	2846
5149	4149
8407	7407
10575	9575
6935	5935
8180	7180
6696	5696
1727	727
3579	2579
7879	6879
9645	8645
2195	1195
3932	2932
4479	3479
8664	7664
3151	2151
7557	6557
9714	8714
6637	5637
3051	2051
4118	3118
10952	9952
6725	5725
7596	6596
7646	6646
1794	794
9291	8291
1708	708
4814	3814
1706	706
2645	1645
10262	9262
9035	8035
2627	1627
8507	7507
10997	9997
10010	9010
6675	5675
10689	9689
7807	6807
8541	7541
8253	7253
1866	866
10750	9750
5926	4926
6782	5782
9651	8651
10023	9023
8939	7939
8259	7259
10442	9442
3795	2795
7794	6794
7437	6437
5220	4220
9934	8934
9037	8037
8442	7442
6284	5284
5711	4711
7350	6350
7516	6516
10184	9184
6031	5031
2774	1774
7188	6188
6343	5343
7560	6560
5628	4628
8282	7282
2820	1820
5080	4080
5925	4925
7460	6460
3464	2464
7407	6407
5817	4817
7431	6431
4040	3040
6123	5123
7054	6054
4589	3589
8549	7549
2188	1188
10227	9227
9660	8660
4292	3292
6788	5788
5189	4189
6291	5291
6831	5831
8583	7583
9649	8649
1879	879
9733	8733
9590	8590
8785	7785
3252	2252
7819	6819
4451	3451
6880	5880
5246	4246
1039	39
8055	7055
4896	3896
1304	304
4926	3926
1833	833
8850	7850
9250	8250
7370	6370
7405	6405
5958	4958
4921	3921
7470	6470
9505	8505
3925	2925
8036	7036
2031	1031
5908	4908
1008	8
1471	471
4028	3028
3703	2703
5207	4207
10324	9324
4359	3359
8979	7979
2392	1392
8349	7349
6367	5367
4584	3584
9929	8929
3048	2048
9152	8152
8419	7419
3737	2737
7334	6334
3315	2315
10092	9092
5070	4070
7783	6783
2758	1758
4050	3050
10836	9836
4543	3543
4296	3296
2826	1826
3670	2670
3943	2943
3795	2795
7799	6799
2199	1199
1115	115
9193	8193
1627	627
1852	852
4830	3830
3327	2327
5037	4037
4313	3313
7972	6972
6278	5278
3294	2294
8582	7582
6186	5186
2312	1312
5143	4143
9961	8961
2924	1924
5551	4551
9450	8450
4889	3889
2347	1347
10468	9468
3578	2578
3274	2274
1847	847
7940	6940
2483	1483
7329	6329
6921	5921
4145	3145
3171	2171
8123	7123
6935	5935
5088	4088
2445	1445
7871	6871
3584	2584
1307	307
4327	3327
3617	2617
2596	1596
8743	7743
7741	6741
5225	4225
2632	1632
1508	508
