500	2243319
2184	1184
3375	2375
2253	1253
5935	4935
10449	9449
5302	4302
4529	3529
3394	2394
7433	6433
4263	3263
9318	8318
7863	6863
1171	171
2501	1501
2303	1303
6096	5096
6810	5810
3097	2097
3151	2151
5464	4464
4505	3505
10684	9684
5132	4132
2441	1441
9550	8550
7480	6480
2706	1706
10581	9581
6402	5402
1641	641
1354	354
3409	2409
10247	9247
4217	3217
7649	6649
2102	1102
1393	393
5726	4726
10169	9169
1732	732
8423	7423
6759	5759
10623	9623
10366	9366
4560	3560
2332	1332
3131	2131
2582	1582
3261	2261
3665	2665
7741	6741
9660	8660
9577	8577
9767	8767
9560	8560
2693	1693
9850	8850
2402	1402
3567	2567
2077	1077
7410	6410
5109	4109
6550	5550
1838	838
7361	6361
2190	1190
7025	6025
9224	8224
7552	6552
4853	3853
7073	6073
10915	9915
5800	4800
1137	137
2044	1044
10473	9473
9141	8141
6952	5952
1230	230
9164	8164
7064	6064
2910	1910
10767	9767
9632	8632
7465	6465
10011	9011
7554	6554
2439	1439
4797	3797
9432	8432
9763	8763
2745	1745
8406	7406
3496	2496
5094	4094
7565	6565
2378	1378
10288	9288
8719	7719
8355	7355
6478	5478
9927	8927
6769	5769
3919	2919
2687	1687
1596	596
9527	8527
5810	4810
9314	8314
5595	4595
7462	6462
7706	6706
6538	5538
9411	8411
4917	3917
8335	7335
4959	3959
6466	5466
10747	9747
9684	8684
8670	7670
7915	6915
10726	9726
3586	2586
1767	767
8628	7628
10396	9396
7268	6268
6424	5424
2280	1280
3763	2763
10544	9544
3422	2422
3263	2263
9311	8311
3283	2283
8117	7117
3040	2040
7333	6333
7282	6282
10991	9991
10376	9376
9639	8639
5456	4456
10262	9262
10313	9313
5896	4896
6040	5040
8194	7194
9649	8649
4897	3897
2431	1431
9213	8213
2967	1967
10268	9268
10733	9733
2871	1871
2198	1198
9511	8511
1855	855
8349	7349
10220	9220
1141	141
1175	175
8442	7442
5401	4401
1908	908
6964	5964
2927	1927
10782	9782
1004	4
2376	1376
10721	9721
2125	1125
2803	1803
7802	6802
1809	809
10727	9727
6635	5635
10517	9517
8565	7565
1215	215
2331	1331
2053	1053
9256	8256
5094	4094
7016	6016
2181	1181
3990	2990
10499	9499
2155	1155
6265	5265
8463	7463
6586	5586
8881	7881
9293	8293
9403	8403
7530	6530
2550	1550
5158	4158
2439	1439
1735	735
8488	7488
5975	4975
8228	7228
4389	3389
7552	6552
7976	6976
2331	1331
9403	8403
5048	4048
7162	6162
8814	7814
7304	6304
8992	7992
2021	1021
2059	1059
1149	149
8670	7670
6710	5710
4972	3972
2975	1975
4366	3366
3089	2089
10460	9460
6000	5000
6722	5722
3582	2582
2030	1030
1943	943
10958	9958
7546	6546
1092	92
3064	2064
3321	2321
5494	4494
9032	8032
7521	6521
9649	8649
5258	4258
7097	6097
6422	5422
6028	5028
3429	2429
2746	1746
8778	7778
8621	7621
6338	5338
7639	6639
8626	7626
4450	3450
2277	1277
4803	3803
1114	114
2872	1872
9101	8101
1387	387
8510	7510
5584	4584
1365	365
3795	2795
2891	1891
6869	5869
6452	5452
6008	5008
7569	6569
9442	8442
1228	228
7238	6238
8786	7786
3133	2133
7285	6285
3078	2078
4075	3075
7576	6576
7771	6771
8136	7136
9150	8150
1927	927
2091	1091
7658	6658
1036	36
1586	586
5003	4003
4668	3668
9043	8043
10609	9609
6160	5160
1746	746
4430	3430
1232	232
7165	6165
8597	7597
8089	7089
5892	4892
4286	3286
10587	9587
1395	395
10319	9319
7427	6427
9645	8645
4862	3862
3048	2048
9272	8272
5076	4076
5709	4709
9170	8170
3169	2169
4997	3997
5202	4202
5043	4043
6613	5613
5654	4654
10774	9774
6600	5600
7652	6652
10502	9502
8994	7994
1582	582
10090	9090
3657	2657
3267	2267
3285	2285
5315	4315
6093	5093
5258	4258
8573	7573
6312	5312
10512	9512
3647	2647
1429	429
7896	6896
10594	9594
7658	6658
7293	6293
7007	6007
1756	756
5572	4572
7778	6778
5189	4189
2811	1811
7172	6172
3529	2529
10422	9422
3589	2589
7145	6145
4663	3663
2616	1616
3432	2432
7472	6472
1077	77
5047	4047
1820	820
6310	5310
4708	3708
3257	2257
2640	1640
9994	8994
6950	5950
10986	9986
10682	9682
9920	8920
9432	8432
6327	5327
8857	7857
3713	2713
1025	25
5792	4792
6573	5573
4693	3693
1343	343
10011	9011
4663	3663
10347	9347
5860	4860
3892	2892
6936	5936
10991	9991
10992	9992
9680	8680
9287	8287
1688	688
2138	1138
7108	6108
2216	1216
4523	3523
1773	773
5464	4464
7959	6959
5814	4814
6554	5554
5682	4682
7939	6939
2333	1333
2845	1845
6877	5877
10827	9827
2712	1712
4737	3737
3965	2965
4058	3058
1247	247
1230	230
5935	4935
8605	7605
9974	8974
7477	6477
4301	3301
1382	382
9615	8615
8257	7257
4209	3209
2208	1208
7911	6911
6064	5064
4284	3284
9644	8644
5846	4846
10826	9826
6525	5525
8321	7321
8247	7247
4227	3227
1953	953
7175	6175
4794	3794
7463	6463
1605	605
6810	5810
1023	23
7817	6817
6842	5842
2804	1804
6526	5526
5558	4558
3234	2234
8983	7983
8497	7497
1424	424
3630	2630
4714	3714
1092	92
3876	2876
7772	6772
8823	7823
5028	4028
10769	9769
5883	4883
9333	8333
3915	2915
5976	4976
3581	2581
8354	7354
8281	7281
6303	5303
1583	583
6514	5514
4640	3640
6529	5529
3927	2927
2950	1950
2777	1777
1107	107
10848	9848
7684	6684
1857	857
3352	2352
1003	3
6986	5986
10721	9721
4291	3291
8659	7659
8444	7444
9034	8034
6988	5988
1296	296
4074	3074
3643	2643
2739	1739
10359	9359
10784	9784
4768	3768
8529	7529
8269	7269
9967	8967
5014	4014
9564	8564
1041	41
5940	4940
7554	6554
8987	7987
5507	4507
7740	6740
7240	6240
6429	5429
10316	9316
1506	506
8251	7251
6188	5188
9593	8593
