500	624168
1117	117
7867	6867
6944	5944
6788	5788
3190	2190
3487	2487
8147	7147
4228	3228
1861	861
8342	7342
8645	7645
1438	438
6747	5747
7084	6084
7819	6819
10226	9226
5233	4233
4727	3727
1694	694
4372	3372
4725	3725
7771	6771
2432	1432
5697	4697
2639	1639
7188	6188
9105	8105
4459	3459
3161	2161
6245	5245
7701	6701
10019	9019
4847	3847
5794	4794
4646	3646
10823	9823
9785	8785
10007	9007
7975	6975
7745	6745
4611	3611
6028	5028
3804	2804
5559	4559
10848	9848
10729	9729
5885	4885
3487	2487
10666	9666
1321	321
7911	6911
7861	6861
2125	1125
5536	4536
10629	9629
4732	3732
8140	7140
7724	6724
9392	8392
7059	6059
10024	9024
7629	6629
5729	4729
1495	495
8676	7676
6274	5274
4324	3324
9275	8275
1174	174
2503	1503
5487	4487
2966	1966
8078	7078
1506	506
2579	1579
3876	2876
7274	6274
2611	1611
7870	6870
1650	650
2002	1002
5845	4845
10480	9480
7495	6495
10931	9931
4491	3491
10559	9559
8284	7284
5384	4384
6942	5942
5896	4896
9527	8527
5409	4409
6836	5836
5396	4396
9563	8563
4042	3042
2395	1395
10126	9126
5817	4817
4412	3412
1437	437
1710	710
1793	793
9094	8094
6433	5433
8905	7905
8063	7063
10649	9649
8683	7683
6916	5916
2325	1325
2703	1703
1761	761
5013	4013
10168	9168
6608	5608
9441	8441
9854	8854
5722	4722
8166	7166
1540	540
3318	2318
8199	7199
6906	5906
4991	3991
3726	2726
5166	4166
4653	3653
6083	5083
10700	9700
2137	1137
2142	1142
3844	2844
3662	2662
4806	3806
5419	4419
7578	6578
9169	8169
10975	9975
1482	482
4785	3785
4884	3884
3311	2311
2046	1046
6285	5285
5699	4699
3055	2055
3726	2726
5189	4189
5119	4119
1224	224
8395	7395
9218	8218
3289	2289
4677	3677
8655	7655
5108	4108
3989	2989
4607	3607
7421	6421
7606	6606
7676	6676
7581	6581
7571	6571
10953	9953
6488	5488
4802	3802
3971	2971
1661	661
3879	2879
7296	6296
4226	3226
5247	4247
3688	2688
8772	7772
2567	1567
10993	9993
1723	723
1724	724
5794	4794
6028	5028
5583	4583
7849	6849
4887	3887
5410	4410
1341	341
3654	2654
2940	1940
9714	8714
10571	9571
7879	6879
4099	3099
3443	2443
3200	2200
8529	7529
10077	9077
5403	4403
8885	7885
1891	891
8232	7232
7689	6689
10199	9199
7185	6185
10422	9422
10121	9121
3431	2431
7434	6434
6277	5277
7002	6002
1615	615
6076	5076
1167	167
9084	8084
9454	8454
9756	8756
5937	4937
10909	9909
4831	3831
4030	3030
2600	1600
4519	3519
6275	5275
7926	6926
3278	2278
5475	4475
7195	6195
7376	6376
5003	4003
8939	7939
10299	9299
10951	9951
9645	8645
7416	6416
1367	367
7315	6315
8496	7496
6207	5207
2213	1213
1715	715
5329	4329
9620	8620
7372	6372
5977	4977
10979	9979
8457	7457
9544	8544
3116	2116
10081	9081
10584	9584
7706	6706
1630	630
2041	1041
2249	1249
1210	210
4643	3643
7856	6856
9356	8356
4239	3239
6931	5931
8772	7772
4815	3815
8663	7663
4577	3577
2319	1319
5127	4127
8080	7080
7778	6778
7398	6398
10642	9642
10346	9346
5125	4125
6301	5301
8434	7434
10374	9374
2896	1896
4849	3849
10813	9813
8696	7696
1440	440
8607	7607
9389	8389
2296	1296
9426	8426
1938	938
1374	374
9934	8934
3660	2660
4868	3868
10517	9517
4516	3516
5936	4936
2776	1776
9610	8610
3604	2604
1258	258
5843	4843
2103	1103
9749	8749
10827	9827
9527	8527
10947	9947
8289	7289
4014	3014
1457	457
9719	8719
8825	7825
3399	2399
9664	8664
5008	4008
3763	2763
4584	3584
2192	1192
4862	3862
2113	1113
6477	5477
7428	6428
3928	2928
4322	3322
7717	6717
2416	1416
9471	8471
6401	5401
9445	8445
2407	1407
8191	7191
1396	396
6444	5444
5255	4255
2353	1353
7206	6206
9608	8608
10115	9115
5007	4007
10883	9883
8987	7987
5148	4148
9903	8903
1976	976
3607	2607
7968	6968
8477	7477
2793	1793
5141	4141
6951	5951
2772	1772
8703	7703
2536	1536
4089	3089
5395	4395
5928	4928
3671	2671
9909	8909
6296	5296
3603	2603
3759	2759
9675	8675
3676	2676
8217	7217
4306	3306
8238	7238
3448	2448
8880	7880
8006	7006
5405	4405
6603	5603
2286	1286
2084	1084
5146	4146
1332	332
1753	753
6628	5628
5036	4036
4094	3094
9296	8296
5984	4984
10224	9224
9897	8897
5495	4495
9694	8694
3000	2000
3787	2787
7469	6469
9385	8385
5004	4004
4504	3504
2351	1351
8199	7199
7404	6404
7556	6556
8893	7893
7550	6550
6748	5748
10510	9510
10016	9016
4569	3569
1873	873
2286	1286
10284	9284
1569	569
9668	8668
1991	991
9997	8997
7868	6868
1124	124
2062	1062
9367	8367
7741	6741
5833	4833
7251	6251
5582	4582
4394	3394
5602	4602
10093	9093
3383	2383
10601	9601
2805	1805
4763	3763
5251	4251
3786	2786
1832	832
8077	7077
5300	4300
8314	7314
8688	7688
2232	1232
8767	7767
3888	2888
10859	9859
7601	6601
7082	6082
9171	8171
4910	3910
6097	5097
7087	6087
2840	1840
9244	8244
6540	5540
3279	2279
7424	6424
3726	2726
5729	4729
5474	4474
10769	9769
1391	391
3960	2960
5542	4542
10036	9036
4532	3532
3064	2064
5875	4875
10992	9992
5691	4691
3696	2696
4215	3215
4046	3046
8008	7008
6417	5417
3508	2508
8908	7908
9580	8580
3017	2017
4842	3842
5838	4838
10197	9197
2388	1388
4857	3857
5484	4484
3400	2400
1309	309
3585	2585
5503	4503
6229	5229
5548	4548
1340	340
8567	7567
5832	4832
7181	6181
3057	2057
7339	6339
6910	5910
1067	67
5816	4816
5005	4005
8094	7094
10424	9424
1541	541
1248	248
2410	1410
2380	1380
4501	3501
1580	580
8510	7510
7636	6636
10213	9213
1064	64
4796	3796
3322	2322
3839	2839
8968	7968
