500	601259
6417	5417
4835	3835
5966	4966
2429	1429
1800	800
8021	7021
8434	7434
5713	4713
1455	455
9424	8424
3031	2031
1073	73
10449	9449
3647	2647
10981	9981
4304	3304
4773	3773
6908	5908
4911	3911
10173	9173
6618	5618
9918	8918
9378	8378
1353	353
9665	8665
7790	6790
1612	612
5838	4838
9787	8787
10109	9109
4950	3950
6627	5627
3573	2573
8496	7496
4534	3534
4271	3271
2533	1533
7411	6411
5208	4208
6228	5228
2875	1875
1517	517
8916	7916
2273	1273
5258	4258
6045	5045
8713	7713
9588	8588
5436	4436
9421	8421
1576	576
5947	4947
1613	613
9511	8511
3412	2412
1002	2
7664	6664
1843	843
4756	3756
2721	1721
1720	720
6548	5548
6412	5412
9849	8849
7192	6192
5507	4507
4972	3972
5820	4820
9668	8668
9258	8258
3357	2357
7415	6415
3258	2258
9251	8251
5692	4692
5752	4752
6260	5260
4937	3937
5339	4339
7139	6139
9233	8233
6814	5814
3002	2002
9515	8515
5618	4618
7154	6154
5448	4448
3958	2958
1651	651
4512	3512
5336	4336
3534	2534
8687	7687
1213	213
3855	2855
5728	4728
1459	459
9111	8111
6154	5154
10772	9772
4208	3208
2627	1627
7187	6187
10022	9022
10250	9250
5501	4501
9465	8465
5135	4135
6396	5396
10588	9588
9228	8228
6192	5192
3111	2111
7996	6996
9526	8526
2871	1871
1235	235
9006	8006
2789	1789
10508	9508
8638	7638
5490	4490
4769	3769
6741	5741
6900	5900
2365	1365
2491	1491
8108	7108
8811	7811
2095	1095
3990	2990
6018	5018
4703	3703
10803	9803
9196	8196
4785	3785
1508	508
2657	1657
5526	4526
8870	7870
7454	6454
4377	3377
5481	4481
8575	7575
4054	3054
5031	4031
1250	250
1738	738
4176	3176
6359	5359
5557	4557
4562	3562
6025	5025
9444	8444
1879	879
3978	2978
8638	7638
1898	898
3727	2727
10092	9092
3646	2646
4366	3366
2681	1681
4522	3522
10738	9738
5375	4375
1940	940
2236	1236
2194	1194
4125	3125
3811	2811
9427	8427
2072	1072
5280	4280
7046	6046
4535	3535
9362	8362
9878	8878
3680	2680
2080	1080
3660	2660
1910	910
9817	8817
10516	9516
10521	9521
1910	910
9996	8996
7397	6397
9533	8533
4689	3689
9458	8458
9140	8140
4810	3810
6925	5925
2666	1666
2420	1420
1649	649
2988	1988
2827	1827
2116	1116
9402	8402
5641	4641
10986	9986
10870	9870
10736	9736
9993	8993
6882	5882
5648	4648
1466	466
2607	1607
8155	7155
3124	2124
5436	4436
2345	1345
4759	3759
7670	6670
3315	2315
6828	5828
3476	2476
3032	2032
3823	2823
2535	1535
3538	2538
9652	8652
10247	9247
10392	9392
10543	9543
7032	6032
6736	5736
1035	35
5606	4606
1445	445
4319	3319
5033	4033
4010	3010
5475	4475
9988	8988
2364	1364
1318	318
6511	5511
6337	5337
8994	7994
2309	1309
6730	5730
9567	8567
6693	5693
6223	5223
6295	5295
7694	6694
5828	4828
4226	3226
9816	8816
3638	2638
2183	1183
7456	6456
2549	1549
2257	1257
5237	4237
10236	9236
5488	4488
10907	9907
9917	8917
9021	8021
4471	3471
1004	4
4502	3502
8922	7922
9078	8078
5038	4038
8667	7667
3263	2263
8503	7503
9627	8627
1046	46
1419	419
7817	6817
5294	4294
3021	2021
10294	9294
4015	3015
1545	545
8398	7398
6102	5102
3604	2604
5062	4062
4720	3720
2778	1778
4605	3605
2873	1873
8323	7323
4635	3635
6253	5253
8802	7802
9497	8497
10524	9524
6721	5721
10075	9075
10286	9286
5149	4149
6760	5760
9915	8915
4000	3000
1946	946
1122	122
4426	3426
10236	9236
8426	7426
2102	1102
10882	9882
3077	2077
1347	347
8845	7845
7879	6879
4673	3673
4702	3702
1874	874
1463	463
4171	3171
10481	9481
1783	783
8885	7885
10035	9035
4898	3898
9677	8677
10689	9689
7102	6102
2837	1837
1156	156
4974	3974
1376	376
2588	1588
5464	4464
9424	8424
5443	4443
1463	463
8363	7363
5293	4293
5619	4619
4019	3019
4175	3175
5653	4653
10215	9215
10522	9522
5063	4063
8432	7432
4520	3520
9264	8264
4099	3099
1244	244
2467	1467
10460	9460
10652	9652
2433	1433
9295	8295
8773	7773
3772	2772
3842	2842
4184	3184
1264	264
1756	756
1302	302
2570	1570
1173	173
2446	1446
4804	3804
7964	6964
8379	7379
6003	5003
2668	1668
10058	9058
8879	7879
9540	8540
1904	904
1037	37
4836	3836
2144	1144
5964	4964
9335	8335
1338	338
6431	5431
8257	7257
9866	8866
1648	648
2611	1611
2197	1197
10498	9498
10052	9052
5770	4770
3676	2676
10248	9248
4367	3367
4877	3877
7843	6843
2224	1224
2190	1190
3747	2747
9538	8538
8901	7901
8607	7607
6182	5182
3937	2937
6758	5758
1984	984
3231	2231
4252	3252
1605	605
1955	955
9130	8130
2339	1339
8112	7112
8761	7761
1322	322
10437	9437
1971	971
6413	5413
1393	393
7624	6624
7257	6257
1120	120
7904	6904
4922	3922
6005	5005
6281	5281
4966	3966
5012	4012
4511	3511
10464	9464
7288	6288
9625	8625
7384	6384
1242	242
8701	7701
3309	2309
10106	9106
6671	5671
9298	8298
2817	1817
7120	6120
10330	9330
8101	7101
6595	5595
3071	2071
2554	1554
5932	4932
5601	4601
2669	1669
2398	1398
9524	8524
3414	2414
9852	8852
6497	5497
6032	5032
6507	5507
9473	8473
6517	5517
1282	282
9224	8224
6170	5170
5995	4995
5353	4353
10714	9714
8968	7968
10982	9982
8600	7600
1290	290
8980	7980
8404	7404
1315	315
8766	7766
9442	8442
2956	1956
2785	1785
9341	8341
5289	4289
4648	3648
2837	1837
10700	9700
4741	3741
10602	9602
1923	923
2271	1271
10110	9110
1739	739
1719	719
8815	7815
4725	3725
3756	2756
3355	2355
2316	1316
5419	4419
10884	9884
3010	2010
9175	8175
8717	7717
10595	9595
6980	5980
7346	6346
1069	69
8572	7572
6409	5409
