500	248587
4808	3808
10512	9512
3990	2990
8884	7884
5156	4156
6250	5250
1866	866
5288	4288
4752	3752
10215	9215
8525	7525
6414	5414
1854	854
2428	1428
8171	7171
1208	208
7067	6067
2175	1175
2285	1285
9102	8102
2517	1517
1644	644
6102	5102
2011	1011
2170	1170
4702	3702
5326	4326
3954	2954
1865	865
9682	8682
5481	4481
7950	6950
7331	6331
3462	2462
9328	8328
3375	2375
5146	4146
9840	8840
4545	3545
1837	837
10790	9790
2510	1510
2050	1050
8160	7160
4250	3250
5011	4011
1626	626
4612	3612
10328	9328
7392	6392
6738	5738
7481	6481
1094	94
1961	961
6628	5628
10919	9919
10459	9459
6411	5411
2895	1895
7778	6778
7510	6510
7581	6581
10344	9344
3279	2279
6359	5359
7700	6700
7083	6083
6960	5960
5960	4960
9212	8212
8485	7485
8411	7411
6597	5597
6474	5474
7431	6431
10260	9260
5083	4083
10373	9373
3411	2411
1690	690
6578	5578
5786	4786
4367	3367
5334	4334
8048	7048
1632	632
3811	2811
4601	3601
8791	7791
8336	7336
2029	1029
3076	2076
9182	8182
7658	6658
9654	8654
6600	5600
1433	433
9048	8048
8741	7741
10319	9319
7954	6954
8133	7133
2458	1458
9294	8294
5009	4009
4782	3782
2604	1604
4441	3441
6270	5270
1016	16
6230	5230
9425	8425
7156	6156
4228	3228
6544	5544
8247	7247
10488	9488
10925	9925
7146	6146
4883	3883
6427	5427
10681	9681
2485	1485
9414	8414
5631	4631
10690	9690
9205	8205
5781	4781
10040	9040
5840	4840
4329	3329
5128	4128
9386	8386
4082	3082
4647	3647
4195	3195
4760	3760
3725	2725
5256	4256
2426	1426
9893	8893
1558	558
6356	5356
6294	5294
1211	211
6171	5171
4930	3930
2633	1633
3335	2335
7676	6676
6298	5298
5243	4243
6687	5687
8552	7552
6490	5490
10930	9930
2632	1632
9809	8809
1345	345
10517	9517
10300	9300
10873	9873
5836	4836
5512	4512
5349	4349
8408	7408
3313	2313
2872	1872
7405	6405
7855	6855
8844	7844
2746	1746
4321	3321
4764	3764
10699	9699
10291	9291
9153	8153
4052	3052
8388	7388
7025	6025
7962	6962
5716	4716
3125	2125
10713	9713
3987	2987
10131	9131
3342	2342
1494	494
4411	3411
10670	9670
5489	4489
2659	1659
10550	9550
10435	9435
2894	1894
9469	8469
2351	1351
2682	1682
8521	7521
6842	5842
3824	2824
5571	4571
5991	4991
8216	7216
3535	2535
6100	5100
1354	354
6882	5882
7434	6434
4837	3837
10557	9557
8566	7566
8573	7573
2500	1500
5010	4010
3071	2071
1786	786
4593	3593
1864	864
2701	1701
7620	6620
6169	5169
7171	6171
9659	8659
4639	3639
3170	2170
2360	1360
3778	2778
5681	4681
2192	1192
1840	840
6453	5453
1728	728
9324	8324
6117	5117
1599	599
1466	466
9253	8253
7247	6247
4524	3524
1203	203
3618	2618
4607	3607
5443	4443
4640	3640
4206	3206
10952	9952
1728	728
7540	6540
7237	6237
3008	2008
8002	7002
4977	3977
9839	8839
1249	249
3359	2359
8006	7006
10714	9714
9847	8847
2044	1044
3718	2718
2886	1886
4654	3654
5044	4044
2923	1923
8017	7017
5802	4802
2629	1629
8967	7967
8363	7363
5025	4025
2736	1736
2245	1245
10965	9965
10700	9700
8784	7784
9347	8347
6404	5404
2488	1488
4716	3716
1845	845
6506	5506
9801	8801
3742	2742
10081	9081
4199	3199
6772	5772
3746	2746
8414	7414
1837	837
1804	804
5275	4275
6792	5792
4705	3705
5172	4172
4507	3507
8263	7263
6965	5965
7962	6962
9505	8505
10698	9698
9625	8625
1343	343
10816	9816
2240	1240
6797	5797
6013	5013
4243	3243
4825	3825
2932	1932
6494	5494
5789	4789
5058	4058
7506	6506
5159	4159
7125	6125
10393	9393
2195	1195
5938	4938
1033	33
9167	8167
5548	4548
2816	1816
3634	2634
1168	168
2604	1604
2974	1974
3507	2507
7665	6665
7155	6155
6618	5618
2221	1221
10828	9828
2357	1357
10689	9689
9410	8410
7587	6587
9605	8605
8522	7522
8935	7935
8979	7979
7937	6937
10957	9957
7050	6050
3471	2471
8589	7589
8143	7143
8020	7020
2543	1543
10728	9728
5420	4420
9929	8929
5230	4230
2319	1319
7454	6454
2089	1089
4284	3284
7187	6187
4870	3870
5271	4271
9177	8177
3806	2806
7677	6677
2142	1142
1169	169
4587	3587
10953	9953
5938	4938
7602	6602
9588	8588
3361	2361
8530	7530
1245	245
5180	4180
8186	7186
5025	4025
3669	2669
2524	1524
1589	589
10142	9142
10439	9439
4634	3634
5342	4342
10403	9403
3274	2274
2369	1369
9459	8459
4865	3865
1032	32
2020	1020
8003	7003
4209	3209
6912	5912
3416	2416
10940	9940
3907	2907
4489	3489
4241	3241
3662	2662
10224	9224
4384	3384
1487	487
4590	3590
6334	5334
10551	9551
6980	5980
4285	3285
3877	2877
7641	6641
5699	4699
7660	6660
7136	6136
3634	2634
4735	3735
6590	5590
4010	3010
5990	4990
10362	9362
2689	1689
9004	8004
4131	3131
10342	9342
7782	6782
1270	270
10030	9030
6468	5468
2487	1487
5966	4966
2263	1263
7344	6344
1277	277
7540	6540
1959	959
5212	4212
9578	8578
4581	3581
4825	3825
8029	7029
6572	5572
4854	3854
4422	3422
8968	7968
6900	5900
8717	7717
2962	1962
4111	3111
7674	6674
4031	3031
9034	8034
7118	6118
1572	572
1253	253
1224	224
3868	2868
5620	4620
1123	123
8809	7809
7824	6824
8211	7211
5380	4380
9424	8424
9790	8790
3458	2458
9903	8903
8895	7895
1940	940
6857	5857
7940	6940
9347	8347
7518	6518
4804	3804
1882	882
1549	549
5441	4441
4280	3280
3312	2312
3037	2037
10202	9202
4727	3727
9737	8737
9810	8810
5676	4676
2682	1682
10300	9300
2737	1737
9916	8916
5062	4062
2204	1204
5789	4789
8103	7103
9373	8373
7283	6283
9281	8281
9935	8935
10905	9905
8312	7312
7512	6512
7652	6652
7635	6635
10676	9676
