500	247499
10223	9223
9216	8216
4216	3216
2948	1948
8377	7377
6159	5159
1647	647
2553	1553
3437	2437
4947	3947
3621	2621
7471	6471
6412	5412
1134	134
2611	1611
10299	9299
2629	1629
6519	5519
10153	9153
9804	8804
4317	3317
3211	2211
4324	3324
1122	122
3033	2033
6523	5523
10983	9983
1463	463
9475	8475
4861	3861
5576	4576
4635	3635
6286	5286
9358	8358
6809	5809
8799	7799
2593	1593
3170	2170
8234	7234
8472	7472
4377	3377
10015	9015
9617	8617
8952	7952
1831	831
3640	2640
6878	5878
1910	910
6554	5554
4485	3485
8333	7333
2896	1896
5612	4612
7300	6300
10660	9660
9546	8546
3511	2511
4901	3901
8249	7249
8727	7727
9200	8200
10703	9703
10788	9788
1643	643
7257	6257
9930	8930
8843	7843
9210	8210
8685	7685
3359	2359
7675	6675
3720	2720
7736	6736
3460	2460
10241	9241
4405	3405
1448	448
8771	7771
4590	3590
10314	9314
2654	1654
3712	2712
8921	7921
7563	6563
2766	1766
8953	7953
7211	6211
8629	7629
8779	7779
1964	964
4329	3329
8061	7061
8118	7118
2282	1282
9815	8815
4250	3250
6128	5128
9420	8420
4366	3366
2755	1755
6096	5096
8297	7297
1419	419
10673	9673
9744	8744
10382	9382
7104	6104
1862	862
7617	6617
3795	2795
6294	5294
9324	8324
7272	6272
6144	5144
4518	3518
4476	3476
1530	530
10997	9997
7739	6739
10167	9167
6864	5864
8772	7772
1783	783
5537	4537
1044	44
8696	7696
5337	4337
4610	3610
1565	565
2160	1160
1366	366
1882	882
5479	4479
5624	4624
9466	8466
5720	4720
9339	8339
1015	15
2788	1788
5056	4056
7623	6623
10037	9037
5581	4581
9434	8434
10426	9426
5789	4789
1604	604
9345	8345
7008	6008
9802	8802
1017	17
5979	4979
5267	4267
6284	5284
6000	5000
2228	1228
7026	6026
10738	9738
10292	9292
10987	9987
8036	7036
5939	4939
1693	693
6808	5808
1051	51
7587	6587
9847	8847
9003	8003
3818	2818
6646	5646
1970	970
4934	3934
10740	9740
10147	9147
2211	1211
10921	9921
10855	9855
4694	3694
4920	3920
3116	2116
9485	8485
8432	7432
2699	1699
10661	9661
5078	4078
1415	415
1887	887
3220	2220
5630	4630
6150	5150
6481	5481
4715	3715
7934	6934
9919	8919
2232	1232
1035	35
4320	3320
8515	7515
6798	5798
9704	8704
3150	2150
4692	3692
2157	1157
10538	9538
1009	9
9162	8162
10168	9168
3053	2053
2947	1947
2032	1032
8447	7447
2362	1362
8824	7824
9869	8869
8669	7669
7054	6054
9047	8047
8091	7091
5473	4473
3196	2196
1904	904
1809	809
6873	5873
10457	9457
3069	2069
7393	6393
5196	4196
9928	8928
6512	5512
5162	4162
5982	4982
9592	8592
8075	7075
7139	6139
7664	6664
5140	4140
10380	9380
3087	2087
3523	2523
5008	4008
3303	2303
1699	699
9801	8801
1453	453
8182	7182
1558	558
6395	5395
8434	7434
7466	6466
5089	4089
7534	6534
4732	3732
3325	2325
2995	1995
8114	7114
6329	5329
8319	7319
7723	6723
4700	3700
9714	8714
6211	5211
8686	7686
8370	7370
1692	692
4231	3231
8214	7214
9739	8739
1238	238
1798	798
2326	1326
6057	5057
10293	9293
3373	2373
3620	2620
7155	6155
5274	4274
8465	7465
2348	1348
4523	3523
10558	9558
4945	3945
6803	5803
3405	2405
3292	2292
10892	9892
9096	8096
2147	1147
3679	2679
7942	6942
3307	2307
7517	6517
7464	6464
2431	1431
3442	2442
7934	6934
1579	579
1086	86
5478	4478
6721	5721
3178	2178
3294	2294
7768	6768
1711	711
2682	1682
2682	1682
1128	128
3154	2154
8440	7440
8375	7375
2694	1694
10746	9746
4096	3096
9237	8237
9411	8411
1880	880
5205	4205
3943	2943
1063	63
4298	3298
10464	9464
9696	8696
6644	5644
4458	3458
5219	4219
2734	1734
6862	5862
7191	6191
7376	6376
6759	5759
3326	2326
1568	568
5712	4712
5403	4403
7773	6773
1201	201
9499	8499
1925	925
10518	9518
3012	2012
9312	8312
5199	4199
2035	1035
2831	1831
5557	4557
7691	6691
5203	4203
7782	6782
8618	7618
8290	7290
5450	4450
4755	3755
1829	829
6917	5917
9200	8200
6439	5439
10082	9082
9416	8416
5089	4089
2427	1427
9290	8290
6953	5953
4538	3538
6723	5723
3906	2906
9329	8329
6939	5939
10315	9315
3072	2072
7841	6841
8869	7869
1443	443
6307	5307
9554	8554
2745	1745
10676	9676
8897	7897
1273	273
6464	5464
2165	1165
4604	3604
9123	8123
9732	8732
2658	1658
10028	9028
10875	9875
6228	5228
7386	6386
10682	9682
5222	4222
10120	9120
4342	3342
7249	6249
4755	3755
10225	9225
3749	2749
2846	1846
3768	2768
1474	474
2378	1378
10866	9866
5238	4238
8391	7391
3129	2129
1939	939
4502	3502
5550	4550
6927	5927
10738	9738
3235	2235
7988	6988
5766	4766
10314	9314
2814	1814
6226	5226
1319	319
10041	9041
7236	6236
6427	5427
5358	4358
10619	9619
2292	1292
7039	6039
8064	7064
6119	5119
4686	3686
2697	1697
7249	6249
5352	4352
6045	5045
2164	1164
5950	4950
2982	1982
6333	5333
10057	9057
5633	4633
1863	863
6644	5644
9246	8246
10813	9813
3298	2298
1779	779
10475	9475
3326	2326
2289	1289
1681	681
7734	6734
9380	8380
1131	131
9791	8791
1369	369
4970	3970
6454	5454
3441	2441
9194	8194
7928	6928
8745	7745
1003	3
3216	2216
2686	1686
4482	3482
10828	9828
3290	2290
7198	6198
1181	181
3852	2852
1280	280
9563	8563
2109	1109
4815	3815
5312	4312
6913	5913
6537	5537
8036	7036
1626	626
9443	8443
8826	7826
8728	7728
7755	6755
5481	4481
9814	8814
3758	2758
7543	6543
7345	6345
6032	5032
1656	656
3832	2832
8231	7231
7923	6923
2433	1433
3021	2021
4635	3635
5687	4687
3995	2995
4336	3336
1190	190
8806	7806
2902	1902
7806	6806
10746	9746
3551	2551
