500	1213425
3650	2650
8144	7144
8456	7456
10190	9190
2876	1876
1095	95
2500	1500
7203	6203
5641	4641
4127	3127
1144	144
9766	8766
5030	4030
3745	2745
3347	2347
1545	545
2844	1844
1561	561
4573	3573
2803	1803
4526	3526
5500	4500
6555	5555
1084	84
6779	5779
4278	3278
7943	6943
9814	8814
2063	1063
9086	8086
1047	47
2712	1712
7568	6568
5374	4374
1889	889
7354	6354
6875	5875
10881	9881
6298	5298
10665	9665
5469	4469
2523	1523
9308	8308
8296	7296
3516	2516
5663	4663
4074	3074
1843	843
5282	4282
7703	6703
5847	4847
7129	6129
8025	7025
10392	9392
8832	7832
9391	8391
3522	2522
7625	6625
5619	4619
10410	9410
2276	1276
9668	8668
2184	1184
9714	8714
1846	846
4812	3812
7325	6325
1833	833
2250	1250
10836	9836
7653	6653
1010	10
5089	4089
6848	5848
3775	2775
6065	5065
3212	2212
10679	9679
3811	2811
3044	2044
3314	2314
8871	7871
9126	8126
6123	5123
1475	475
1960	960
6978	5978
1710	710
1840	840
2012	1012
8930	7930
3780	2780
6703	5703
6321	5321
9502	8502
7028	6028
6004	5004
4386	3386
4735	3735
5705	4705
2804	1804
4652	3652
6446	5446
8813	7813
3469	2469
9643	8643
1171	171
4095	3095
3857	2857
6065	5065
6534	5534
9932	8932
8133	7133
3824	2824
8989	7989
5803	4803
1607	607
10268	9268
6700	5700
8120	7120
5507	4507
8403	7403
3006	2006
5854	4854
7510	6510
3965	2965
6521	5521
3725	2725
3234	2234
5271	4271
4914	3914
2667	1667
8385	7385
5916	4916
1083	83
1096	96
10098	9098
9822	8822
8790	7790
6876	5876
1917	917
6828	5828
3753	2753
4539	3539
3400	2400
10339	9339
1341	341
6532	5532
5747	4747
5641	4641
1328	328
9752	8752
10138	9138
1223	223
2782	1782
3901	2901
9584	8584
2937	1937
10248	9248
1384	384
1340	340
7832	6832
2653	1653
5708	4708
10977	9977
2179	1179
7808	6808
5807	4807
5752	4752
1261	261
4090	3090
6449	5449
4565	3565
7877	6877
4078	3078
1196	196
1657	657
10373	9373
4490	3490
10177	9177
3877	2877
8274	7274
8490	7490
9334	8334
9040	8040
5902	4902
8795	7795
5037	4037
2045	1045
10337	9337
2458	1458
4794	3794
3652	2652
4380	3380
4052	3052
9184	8184
8903	7903
6422	5422
3188	2188
9710	8710
10580	9580
1036	36
5027	4027
7165	6165
9452	8452
5218	4218
2745	1745
8505	7505
7921	6921
5758	4758
10305	9305
9978	8978
6819	5819
5763	4763
3730	2730
6672	5672
2375	1375
4901	3901
2145	1145
8898	7898
10593	9593
9596	8596
7531	6531
5448	4448
10465	9465
6819	5819
2623	1623
9223	8223
4222	3222
5987	4987
4226	3226
9385	8385
10324	9324
9247	8247
7646	6646
3067	2067
1943	943
7187	6187
5977	4977
6615	5615
9484	8484
9854	8854
3436	2436
7600	6600
1916	916
6752	5752
2394	1394
1428	428
9993	8993
6820	5820
5299	4299
5402	4402
1999	999
4382	3382
4657	3657
3019	2019
1363	363
5226	4226
3837	2837
2122	1122
1212	212
8392	7392
3264	2264
7792	6792
9992	8992
7242	6242
4535	3535
1209	209
3848	2848
2346	1346
2768	1768
3720	2720
3228	2228
9841	8841
7675	6675
8716	7716
5145	4145
4784	3784
5058	4058
2694	1694
4888	3888
2066	1066
8505	7505
4511	3511
2393	1393
9008	8008
8961	7961
1355	355
8830	7830
4008	3008
1418	418
5590	4590
4629	3629
3429	2429
8902	7902
5029	4029
2409	1409
7366	6366
7794	6794
6755	5755
3368	2368
6602	5602
7321	6321
7278	6278
3766	2766
3606	2606
3940	2940
7318	6318
10446	9446
5201	4201
6741	5741
6620	5620
5244	4244
6710	5710
9820	8820
4373	3373
10853	9853
9705	8705
1246	246
3261	2261
1468	468
6773	5773
1203	203
1225	225
9147	8147
1227	227
4085	3085
8791	7791
9398	8398
10606	9606
10437	9437
7377	6377
8266	7266
9087	8087
1259	259
7484	6484
4437	3437
2101	1101
6640	5640
10060	9060
7399	6399
6770	5770
9709	8709
9858	8858
3289	2289
5857	4857
10827	9827
10029	9029
3246	2246
1701	701
5333	4333
9891	8891
7353	6353
1179	179
3573	2573
5658	4658
6794	5794
5532	4532
5016	4016
6645	5645
8459	7459
6785	5785
1498	498
8998	7998
6066	5066
8538	7538
8584	7584
10296	9296
6711	5711
7766	6766
10450	9450
10845	9845
5951	4951
3123	2123
6979	5979
7509	6509
10006	9006
10497	9497
3998	2998
8864	7864
3019	2019
1993	993
4989	3989
2277	1277
6294	5294
8940	7940
9000	8000
6661	5661
5405	4405
4099	3099
5066	4066
5496	4496
5814	4814
5764	4764
7668	6668
4539	3539
4762	3762
2747	1747
2770	1770
5322	4322
5445	4445
8087	7087
1022	22
7334	6334
10267	9267
7574	6574
2436	1436
5644	4644
2471	1471
9878	8878
3964	2964
2607	1607
1937	937
9048	8048
10888	9888
6883	5883
1826	826
1959	959
5989	4989
7518	6518
8202	7202
7710	6710
3046	2046
4102	3102
6547	5547
7292	6292
9137	8137
3816	2816
9237	8237
6883	5883
8383	7383
3891	2891
6486	5486
5919	4919
5462	4462
5280	4280
6945	5945
2309	1309
8623	7623
1824	824
5958	4958
9859	8859
9849	8849
8100	7100
6122	5122
6062	5062
3278	2278
9270	8270
2912	1912
8356	7356
4923	3923
6144	5144
7386	6386
4838	3838
5600	4600
2503	1503
5699	4699
6845	5845
5988	4988
8778	7778
5621	4621
10145	9145
1245	245
6021	5021
4977	3977
9897	8897
1829	829
1635	635
5452	4452
4560	3560
6347	5347
6229	5229
6868	5868
9303	8303
10111	9111
2875	1875
3433	2433
6829	5829
5175	4175
5565	4565
7089	6089
8569	7569
1356	356
8242	7242
10646	9646
7142	6142
8671	7671
10904	9904
8015	7015
3562	2562
2428	1428
2093	1093
3934	2934
9217	8217
9482	8482
9226	8226
9623	8623
8102	7102
1390	390
4140	3140
