500	633464
7114	6114
7221	6221
4093	3093
3437	2437
4994	3994
7443	6443
9100	8100
7669	6669
1788	788
9430	8430
5067	4067
3498	2498
6501	5501
7819	6819
7334	6334
1559	559
7262	6262
2331	1331
3205	2205
4353	3353
2668	1668
9857	8857
6349	5349
10140	9140
2257	1257
10126	9126
10933	9933
7474	6474
6127	5127
2572	1572
5825	4825
8563	7563
1083	83
9524	8524
10315	9315
8581	7581
3152	2152
4573	3573
3752	2752
2763	1763
1092	92
5927	4927
8004	7004
2243	1243
8081	7081
7862	6862
10588	9588
1986	986
3233	2233
8078	7078
8685	7685
6109	5109
2428	1428
9679	8679
5845	4845
9663	8663
7300	6300
2241	1241
9805	8805
2792	1792
4617	3617
10009	9009
7333	6333
6830	5830
1285	285
3756	2756
1779	779
1229	229
3612	2612
3993	2993
3603	2603
5384	4384
1578	578
7017	6017
2994	1994
1967	967
5510	4510
1232	232
6384	5384
6452	5452
5143	4143
8799	7799
9499	8499
5350	4350
4668	3668
8774	7774
5954	4954
8007	7007
6045	5045
3711	2711
1453	453
9102	8102
6695	5695
8727	7727
2751	1751
6279	5279
6332	5332
1030	30
8553	7553
9734	8734
4053	3053
6416	5416
10584	9584
2484	1484
9510	8510
2387	1387
8263	7263
5969	4969
10631	9631
8590	7590
10436	9436
10972	9972
3199	2199
10414	9414
9661	8661
10790	9790
7133	6133
10105	9105
5687	4687
5095	4095
1325	325
2958	1958
8842	7842
10950	9950
5121	4121
6823	5823
8638	7638
3383	2383
2614	1614
6821	5821
4126	3126
9445	8445
10453	9453
6746	5746
7062	6062
1128	128
6535	5535
9435	8435
1247	247
3321	2321
9408	8408
10482	9482
4470	3470
6174	5174
5622	4622
6816	5816
2519	1519
8702	7702
9095	8095
10230	9230
1528	528
7971	6971
7557	6557
8547	7547
5906	4906
9924	8924
8087	7087
10165	9165
8011	7011
6241	5241
3453	2453
6933	5933
2029	1029
1665	665
5777	4777
7182	6182
9450	8450
3201	2201
4147	3147
8856	7856
2187	1187
3685	2685
1440	440
9921	8921
4220	3220
1909	909
5992	4992
1773	773
8698	7698
5047	4047
2245	1245
8617	7617
1710	710
6859	5859
1588	588
1482	482
4775	3775
6132	5132
8949	7949
1225	225
10101	9101
10017	9017
7850	6850
6672	5672
8229	7229
4627	3627
9847	8847
6662	5662
8854	7854
8875	7875
4583	3583
1623	623
9142	8142
1458	458
1778	778
8592	7592
7849	6849
5071	4071
10418	9418
1908	908
3239	2239
5721	4721
8843	7843
4465	3465
10221	9221
8170	7170
7524	6524
7669	6669
1252	252
5404	4404
2183	1183
9352	8352
7534	6534
8923	7923
4938	3938
5132	4132
8494	7494
4104	3104
6601	5601
7631	6631
3731	2731
6847	5847
8199	7199
9757	8757
4402	3402
4427	3427
3588	2588
10630	9630
1655	655
1547	547
10090	9090
9668	8668
10668	9668
10395	9395
5774	4774
2786	1786
6378	5378
4621	3621
10332	9332
8972	7972
8962	7962
3178	2178
7877	6877
6591	5591
7511	6511
1892	892
9382	8382
3223	2223
3809	2809
1093	93
5880	4880
10994	9994
6268	5268
3710	2710
2368	1368
1061	61
7702	6702
9850	8850
8732	7732
8846	7846
7802	6802
1659	659
2078	1078
7043	6043
8928	7928
1109	109
7393	6393
9178	8178
3457	2457
4298	3298
5148	4148
3088	2088
10003	9003
2184	1184
10820	9820
2634	1634
4713	3713
9941	8941
9034	8034
9206	8206
8579	7579
1501	501
8434	7434
6938	5938
8029	7029
4711	3711
6183	5183
10237	9237
6792	5792
3975	2975
7590	6590
3560	2560
10324	9324
1125	125
6037	5037
9039	8039
8171	7171
1192	192
2564	1564
5153	4153
3829	2829
4012	3012
10431	9431
2596	1596
7534	6534
4048	3048
2444	1444
6241	5241
9199	8199
3701	2701
3043	2043
7712	6712
9243	8243
7016	6016
7594	6594
9508	8508
8512	7512
10685	9685
3293	2293
2639	1639
6906	5906
5882	4882
7031	6031
8981	7981
5366	4366
4113	3113
3176	2176
7062	6062
8461	7461
3615	2615
3192	2192
2641	1641
7999	6999
3262	2262
7885	6885
2392	1392
4926	3926
2076	1076
3769	2769
10747	9747
10032	9032
7951	6951
2759	1759
10727	9727
4210	3210
9487	8487
7576	6576
1427	427
9995	8995
7257	6257
3662	2662
1440	440
8112	7112
6177	5177
4695	3695
9338	8338
2413	1413
2196	1196
10531	9531
7962	6962
8637	7637
8629	7629
2273	1273
3601	2601
4497	3497
9751	8751
4960	3960
4209	3209
4742	3742
4210	3210
10025	9025
9898	8898
6006	5006
8085	7085
9580	8580
6180	5180
7830	6830
7596	6596
4360	3360
3132	2132
7511	6511
7542	6542
2247	1247
8819	7819
9989	8989
1570	570
2829	1829
1796	796
1103	103
2105	1105
10839	9839
6405	5405
4141	3141
2350	1350
2475	1475
8880	7880
5149	4149
7633	6633
8794	7794
10258	9258
7881	6881
6350	5350
7653	6653
6275	5275
5628	4628
2643	1643
6180	5180
9682	8682
9328	8328
4859	3859
6782	5782
6412	5412
2023	1023
10762	9762
10464	9464
7543	6543
1299	299
5342	4342
4961	3961
1363	363
2113	1113
1266	266
3838	2838
1048	48
7552	6552
9684	8684
7626	6626
10300	9300
6443	5443
9527	8527
6138	5138
5379	4379
1628	628
6815	5815
8646	7646
3617	2617
3371	2371
3914	2914
9225	8225
5534	4534
10394	9394
9382	8382
5866	4866
10690	9690
9781	8781
2025	1025
8260	7260
7055	6055
5958	4958
10891	9891
8050	7050
10342	9342
2909	1909
7170	6170
2494	1494
9386	8386
6504	5504
5236	4236
10354	9354
5413	4413
2850	1850
5602	4602
9900	8900
5514	4514
8237	7237
9920	8920
3479	2479
2387	1387
2771	1771
4057	3057
4170	3170
10958	9958
5942	4942
1502	502
7644	6644
4472	3472
8947	7947
1564	564
8156	7156
2560	1560
7682	6682
2274	1274
1959	959
2713	1713
6357	5357
4358	3358
6062	5062
10008	9008
8354	7354
1441	441
