500	255651
6931	5931
8180	7180
6660	5660
7946	6946
3339	2339
3080	2080
10324	9324
9188	8188
9491	8491
9093	8093
5529	4529
9635	8635
9367	8367
10530	9530
1846	846
2666	1666
5585	4585
3406	2406
3350	2350
6905	5905
1979	979
7129	6129
2283	1283
9086	8086
3319	2319
9227	8227
6232	5232
6002	5002
5294	4294
5561	4561
1071	71
6356	5356
9717	8717
4495	3495
8999	7999
7863	6863
3948	2948
6312	5312
4163	3163
8133	7133
3896	2896
9784	8784
4361	3361
5756	4756
4954	3954
6373	5373
4054	3054
6518	5518
5018	4018
10858	9858
10753	9753
4279	3279
10216	9216
5504	4504
6450	5450
5893	4893
1985	985
4371	3371
1103	103
8811	7811
2081	1081
9580	8580
6700	5700
1525	525
1175	175
8260	7260
10633	9633
7178	6178
3351	2351
9922	8922
7103	6103
6647	5647
3847	2847
8720	7720
5217	4217
6678	5678
9835	8835
2429	1429
9659	8659
10445	9445
6520	5520
3198	2198
10028	9028
8961	7961
2549	1549
5710	4710
10175	9175
2645	1645
3509	2509
8449	7449
3182	2182
10951	9951
5592	4592
9867	8867
6752	5752
5065	4065
6355	5355
8610	7610
6795	5795
4946	3946
7603	6603
9541	8541
3400	2400
9909	8909
6254	5254
5551	4551
10506	9506
3917	2917
8639	7639
10719	9719
3755	2755
10863	9863
2177	1177
3165	2165
1797	797
6904	5904
4907	3907
9669	8669
10695	9695
1338	338
10546	9546
5561	4561
10029	9029
10380	9380
2168	1168
2272	1272
5143	4143
8190	7190
8177	7177
6058	5058
1475	475
4125	3125
9317	8317
2876	1876
1659	659
2430	1430
5102	4102
10927	9927
6211	5211
7735	6735
10522	9522
4420	3420
10875	9875
1992	992
7480	6480
2068	1068
7101	6101
9027	8027
8150	7150
7817	6817
4489	3489
5136	4136
6036	5036
5023	4023
7147	6147
7029	6029
6105	5105
1454	454
4032	3032
5582	4582
2745	1745
9365	8365
2423	1423
5319	4319
10898	9898
2318	1318
4449	3449
8361	7361
10077	9077
5539	4539
10268	9268
4191	3191
5743	4743
7244	6244
1484	484
4250	3250
6585	5585
1274	274
5400	4400
10399	9399
3346	2346
2962	1962
7902	6902
10600	9600
4646	3646
6756	5756
3625	2625
8872	7872
1599	599
8934	7934
9394	8394
6198	5198
9056	8056
4210	3210
6442	5442
8932	7932
2685	1685
4330	3330
9759	8759
7666	6666
8554	7554
10538	9538
10773	9773
1359	359
4403	3403
5805	4805
2966	1966
6420	5420
7291	6291
8129	7129
6616	5616
6046	5046
4581	3581
7088	6088
4785	3785
9312	8312
2543	1543
1163	163
7957	6957
6438	5438
1369	369
5228	4228
8295	7295
6827	5827
5018	4018
7384	6384
7801	6801
3163	2163
7915	6915
4535	3535
8347	7347
4040	3040
5294	4294
1433	433
3271	2271
2235	1235
4078	3078
4881	3881
5827	4827
10995	9995
10079	9079
7910	6910
4529	3529
6141	5141
10950	9950
9402	8402
9459	8459
7109	6109
10421	9421
9523	8523
6689	5689
8329	7329
1647	647
5771	4771
9056	8056
6890	5890
6835	5835
2417	1417
9099	8099
3639	2639
7005	6005
10495	9495
3013	2013
8797	7797
2342	1342
9109	8109
6427	5427
1448	448
1555	555
2211	1211
5420	4420
8468	7468
5906	4906
2911	1911
3570	2570
4233	3233
6212	5212
9025	8025
7392	6392
2295	1295
7487	6487
2306	1306
7544	6544
9612	8612
3696	2696
8331	7331
6055	5055
4352	3352
4829	3829
7459	6459
8169	7169
10688	9688
1857	857
8891	7891
5533	4533
4001	3001
5619	4619
4909	3909
7614	6614
1028	28
7685	6685
4670	3670
4111	3111
2054	1054
2669	1669
6373	5373
10878	9878
2709	1709
2598	1598
6102	5102
3385	2385
5335	4335
3983	2983
3043	2043
8198	7198
8479	7479
6705	5705
7887	6887
2685	1685
7089	6089
9016	8016
8521	7521
9522	8522
10356	9356
7182	6182
7621	6621
8845	7845
9653	8653
2856	1856
2983	1983
3288	2288
8459	7459
8102	7102
6743	5743
7058	6058
6384	5384
3677	2677
2801	1801
10798	9798
3491	2491
7905	6905
10582	9582
5382	4382
7044	6044
9823	8823
9104	8104
5869	4869
9501	8501
6823	5823
4884	3884
2118	1118
2182	1182
5197	4197
4423	3423
2000	1000
5707	4707
10449	9449
3487	2487
9972	8972
4414	3414
3096	2096
4381	3381
7787	6787
9409	8409
8337	7337
10271	9271
7438	6438
3717	2717
8595	7595
3076	2076
3607	2607
6894	5894
5758	4758
6989	5989
6710	5710
4561	3561
4650	3650
8641	7641
1240	240
1576	576
9471	8471
4265	3265
2169	1169
1960	960
1667	667
10854	9854
4126	3126
9640	8640
2387	1387
7430	6430
8026	7026
5376	4376
5701	4701
3687	2687
3960	2960
8591	7591
6331	5331
4488	3488
9938	8938
10814	9814
7564	6564
7584	6584
7250	6250
2437	1437
8023	7023
4721	3721
3690	2690
3561	2561
6402	5402
9830	8830
8690	7690
2756	1756
10076	9076
10421	9421
3325	2325
3289	2289
1516	516
4874	3874
6268	5268
6824	5824
10195	9195
10438	9438
9774	8774
1162	162
5804	4804
3000	2000
10123	9123
1151	151
6511	5511
7925	6925
6775	5775
4104	3104
5372	4372
5372	4372
1416	416
2640	1640
5081	4081
1035	35
10083	9083
4165	3165
3058	2058
5160	4160
3334	2334
5619	4619
9113	8113
1179	179
4046	3046
5394	4394
2713	1713
6140	5140
2138	1138
1382	382
4920	3920
3529	2529
7993	6993
9591	8591
6627	5627
2190	1190
9803	8803
3903	2903
1034	34
9198	8198
7346	6346
9703	8703
8985	7985
2083	1083
8275	7275
3401	2401
2683	1683
2281	1281
7580	6580
7535	6535
3075	2075
4071	3071
8071	7071
8619	7619
8817	7817
8803	7803
7120	6120
9388	8388
8597	7597
10081	9081
10112	9112
2209	1209
9017	8017
4258	3258
5328	4328
5634	4634
3846	2846
8559	7559
4728	3728
9002	8002
10230	9230
6292	5292
5023	4023
4758	3758
7303	6303
6111	5111
4032	3032
9962	8962
