500	2338902
6144	5144
10594	9594
9925	8925
1096	96
3033	2033
7127	6127
7729	6729
6959	5959
1827	827
10105	9105
3099	2099
2338	1338
6418	5418
2244	1244
2153	1153
3505	2505
6658	5658
5972	4972
2632	1632
8778	7778
6207	5207
10324	9324
2092	1092
2204	1204
10694	9694
6333	5333
5204	4204
5218	4218
7130	6130
5355	4355
5355	4355
5688	4688
8000	7000
3176	2176
3845	2845
8295	7295
6565	5565
10471	9471
3402	2402
3177	2177
7747	6747
10761	9761
9318	8318
4507	3507
4076	3076
8916	7916
9697	8697
7862	6862
4337	3337
3214	2214
4065	3065
3869	2869
7194	6194
1806	806
9321	8321
3993	2993
10257	9257
7904	6904
4082	3082
10711	9711
9159	8159
2083	1083
1967	967
3790	2790
9064	8064
3831	2831
3686	2686
9484	8484
3553	2553
6304	5304
2650	1650
4469	3469
3109	2109
10587	9587
1985	985
5661	4661
6680	5680
3086	2086
7020	6020
7135	6135
2924	1924
10773	9773
8172	7172
9121	8121
6225	5225
4861	3861
8132	7132
8800	7800
10611	9611
6614	5614
3879	2879
2972	1972
6577	5577
5853	4853
5875	4875
10385	9385
1805	805
2444	1444
2824	1824
4442	3442
7968	6968
9846	8846
8026	7026
3340	2340
6859	5859
7492	6492
4143	3143
3526	2526
10515	9515
8451	7451
7263	6263
4027	3027
6274	5274
10849	9849
6627	5627
10917	9917
5974	4974
7490	6490
1556	556
7458	6458
9167	8167
2326	1326
9324	8324
3725	2725
10042	9042
9323	8323
10909	9909
1994	994
6090	5090
7147	6147
7751	6751
8340	7340
8578	7578
6456	5456
4300	3300
7644	6644
1530	530
7371	6371
5700	4700
9675	8675
1562	562
9818	8818
2482	1482
10877	9877
3343	2343
4224	3224
5502	4502
3246	2246
10197	9197
5096	4096
8887	7887
9233	8233
8201	7201
10629	9629
4908	3908
10494	9494
5788	4788
10372	9372
2785	1785
6921	5921
5043	4043
4602	3602
2577	1577
7813	6813
7956	6956
9919	8919
5239	4239
7119	6119
1573	573
5035	4035
3871	2871
7386	6386
6854	5854
3779	2779
2197	1197
9419	8419
9587	8587
3632	2632
3351	2351
9317	8317
8740	7740
10133	9133
10808	9808
5166	4166
6003	5003
3244	2244
3775	2775
5079	4079
5487	4487
10468	9468
10505	9505
10504	9504
8412	7412
4391	3391
7953	6953
10309	9309
7002	6002
4006	3006
7013	6013
2798	1798
7851	6851
7276	6276
9046	8046
5551	4551
3897	2897
2946	1946
6425	5425
4699	3699
2577	1577
2120	1120
7167	6167
2367	1367
10732	9732
1155	155
3384	2384
6314	5314
8496	7496
3362	2362
2038	1038
10146	9146
8916	7916
10198	9198
2505	1505
10622	9622
6515	5515
2835	1835
1220	220
1004	4
9099	8099
8375	7375
6222	5222
4793	3793
8830	7830
5226	4226
4280	3280
4339	3339
5015	4015
7606	6606
1498	498
3470	2470
6967	5967
8720	7720
10176	9176
10752	9752
8532	7532
9418	8418
10083	9083
2283	1283
3353	2353
9153	8153
9507	8507
8237	7237
4860	3860
8784	7784
6594	5594
5173	4173
7795	6795
5437	4437
10923	9923
3720	2720
6732	5732
3427	2427
3811	2811
3230	2230
1986	986
2874	1874
8422	7422
4032	3032
6485	5485
1708	708
7212	6212
3388	2388
4306	3306
2114	1114
2028	1028
4975	3975
7987	6987
3737	2737
10319	9319
9070	8070
2629	1629
5429	4429
8808	7808
2869	1869
8771	7771
9154	8154
8302	7302
7485	6485
5951	4951
8664	7664
8374	7374
10833	9833
8995	7995
7248	6248
8298	7298
6780	5780
10251	9251
10206	9206
8975	7975
1766	766
4128	3128
9463	8463
4301	3301
9490	8490
4942	3942
4674	3674
6422	5422
5301	4301
2343	1343
5616	4616
2841	1841
10676	9676
9191	8191
10850	9850
3763	2763
6287	5287
6916	5916
9370	8370
3124	2124
1339	339
7532	6532
2629	1629
6618	5618
8178	7178
1372	372
1641	641
10680	9680
2951	1951
9393	8393
6373	5373
10219	9219
6186	5186
7747	6747
4983	3983
5436	4436
5635	4635
3929	2929
7016	6016
10704	9704
3967	2967
8979	7979
9759	8759
1796	796
8505	7505
7705	6705
8794	7794
3619	2619
1156	156
1119	119
4721	3721
6460	5460
10630	9630
9362	8362
5210	4210
2234	1234
6477	5477
6485	5485
10388	9388
3714	2714
7378	6378
9637	8637
8743	7743
4725	3725
7728	6728
9190	8190
10894	9894
9375	8375
10310	9310
5307	4307
1461	461
7795	6795
9739	8739
6167	5167
6827	5827
9511	8511
5715	4715
6566	5566
8543	7543
3400	2400
3434	2434
2694	1694
7311	6311
4656	3656
6180	5180
9571	8571
9702	8702
7011	6011
1324	324
4291	3291
2462	1462
9042	8042
9171	8171
3503	2503
1905	905
2676	1676
3720	2720
8935	7935
3027	2027
6712	5712
3240	2240
8374	7374
6602	5602
1814	814
8582	7582
1178	178
7859	6859
1922	922
1864	864
10762	9762
9438	8438
6062	5062
8612	7612
4774	3774
1066	66
6295	5295
7789	6789
5923	4923
1692	692
9970	8970
6932	5932
9669	8669
9746	8746
2608	1608
5081	4081
9933	8933
9512	8512
1847	847
5926	4926
3226	2226
4575	3575
1106	106
8026	7026
8375	7375
7497	6497
1475	475
2706	1706
3445	2445
5118	4118
5548	4548
9133	8133
1344	344
7644	6644
7519	6519
5512	4512
2385	1385
5447	4447
10768	9768
2685	1685
10289	9289
8178	7178
3768	2768
10816	9816
1647	647
9219	8219
1566	566
4771	3771
5384	4384
10891	9891
10684	9684
4405	3405
9035	8035
3157	2157
1886	886
4647	3647
9718	8718
10771	9771
2527	1527
1113	113
3765	2765
6087	5087
8142	7142
1590	590
10691	9691
6650	5650
6934	5934
3744	2744
9369	8369
4802	3802
10606	9606
4954	3954
8313	7313
7871	6871
1948	948
10806	9806
8323	7323
2714	1714
8090	7090
6520	5520
10479	9479
4722	3722
2333	1333
4197	3197
8654	7654
7963	6963
1747	747
8989	7989
6575	5575
5068	4068
1931	931
7310	6310
