500	1288899
10975	9975
10509	9509
1755	755
6752	5752
1821	821
7007	6007
4280	3280
2136	1136
7067	6067
3569	2569
2995	1995
8877	7877
1961	961
1508	508
6094	5094
9756	8756
8935	7935
9367	8367
2200	1200
10767	9767
9846	8846
5816	4816
3834	2834
6364	5364
9085	8085
6254	5254
9932	8932
7236	6236
2483	1483
7482	6482
8638	7638
7696	6696
7869	6869
5632	4632
9364	8364
7544	6544
9769	8769
7594	6594
2956	1956
9247	8247
10127	9127
5445	4445
4918	3918
3166	2166
9045	8045
6214	5214
6050	5050
2289	1289
10113	9113
6756	5756
3015	2015
7510	6510
3902	2902
5040	4040
5848	4848
3431	2431
2130	1130
5151	4151
7230	6230
2072	1072
6731	5731
9422	8422
4440	3440
8044	7044
7370	6370
1906	906
4415	3415
4239	3239
10062	9062
5842	4842
5759	4759
3265	2265
3960	2960
8961	7961
3164	2164
2208	1208
1025	25
9735	8735
9926	8926
5497	4497
3069	2069
6320	5320
7514	6514
1013	13
5296	4296
7939	6939
8626	7626
1264	264
7500	6500
5429	4429
10945	9945
9002	8002
8793	7793
9621	8621
2176	1176
10595	9595
6477	5477
2632	1632
6042	5042
9968	8968
7229	6229
7825	6825
7836	6836
5051	4051
1658	658
8262	7262
5494	4494
2427	1427
8166	7166
8676	7676
3543	2543
3543	2543
8640	7640
10129	9129
2675	1675
4187	3187
1325	325
6755	5755
6133	5133
5629	4629
6919	5919
1050	50
6203	5203
8846	7846
1069	69
8518	7518
4302	3302
7807	6807
7652	6652
2687	1687
10014	9014
1674	674
1037	37
1758	758
3912	2912
2155	1155
5563	4563
1744	744
7342	6342
4889	3889
6759	5759
5140	4140
1037	37
4992	3992
3412	2412
2730	1730
4347	3347
7288	6288
5991	4991
7323	6323
6622	5622
8024	7024
2430	1430
5012	4012
4059	3059
1933	933
4800	3800
8583	7583
9704	8704
3141	2141
6703	5703
3766	2766
3508	2508
9566	8566
5491	4491
8286	7286
4817	3817
6940	5940
4390	3390
7000	6000
10286	9286
3949	2949
1598	598
4823	3823
3490	2490
6936	5936
6116	5116
7766	6766
10398	9398
9730	8730
8717	7717
2504	1504
7019	6019
9435	8435
10678	9678
4490	3490
8815	7815
10627	9627
7843	6843
9241	8241
8444	7444
2502	1502
9306	8306
2845	1845
8351	7351
9078	8078
6790	5790
10446	9446
5885	4885
7712	6712
9095	8095
8758	7758
10901	9901
7888	6888
5082	4082
8853	7853
7672	6672
4181	3181
8329	7329
4746	3746
7688	6688
8773	7773
9280	8280
1669	669
3679	2679
5666	4666
5974	4974
6357	5357
1236	236
7642	6642
6637	5637
6587	5587
4778	3778
1670	670
7356	6356
10971	9971
10940	9940
4021	3021
10992	9992
2540	1540
1377	377
6499	5499
3768	2768
5019	4019
6819	5819
10465	9465
5147	4147
8112	7112
5646	4646
8539	7539
1046	46
7010	6010
3685	2685
10015	9015
3098	2098
2613	1613
5885	4885
10814	9814
8668	7668
2098	1098
7023	6023
1756	756
6012	5012
2661	1661
2627	1627
10953	9953
2566	1566
9417	8417
8580	7580
7479	6479
9151	8151
4324	3324
6088	5088
3353	2353
9440	8440
10779	9779
7810	6810
9968	8968
10312	9312
7621	6621
8436	7436
6670	5670
5333	4333
1794	794
10999	9999
3512	2512
3832	2832
6715	5715
1376	376
2223	1223
2113	1113
4363	3363
2447	1447
9546	8546
3064	2064
2909	1909
5118	4118
8642	7642
9190	8190
4725	3725
3256	2256
9279	8279
9162	8162
2924	1924
2553	1553
4372	3372
3493	2493
3145	2145
1030	30
7010	6010
8750	7750
2152	1152
9145	8145
10196	9196
10501	9501
5020	4020
2651	1651
3658	2658
3171	2171
7153	6153
5033	4033
7870	6870
1807	807
5253	4253
6543	5543
7210	6210
6900	5900
8306	7306
5209	4209
4755	3755
9917	8917
10380	9380
5303	4303
8838	7838
5091	4091
10701	9701
10920	9920
6939	5939
7402	6402
8306	7306
5062	4062
5218	4218
2917	1917
5059	4059
7856	6856
6088	5088
3904	2904
9624	8624
3481	2481
2362	1362
10692	9692
4693	3693
4257	3257
8985	7985
3698	2698
3414	2414
9558	8558
9587	8587
10885	9885
8487	7487
9219	8219
3367	2367
7908	6908
6915	5915
8760	7760
7416	6416
5326	4326
7701	6701
1346	346
7751	6751
6391	5391
9722	8722
3583	2583
8030	7030
2598	1598
4729	3729
8092	7092
4931	3931
10092	9092
9083	8083
7575	6575
8112	7112
5771	4771
7147	6147
4980	3980
2852	1852
9664	8664
9858	8858
6060	5060
2607	1607
9445	8445
9760	8760
6812	5812
8528	7528
3140	2140
7812	6812
6153	5153
7131	6131
1831	831
4375	3375
8005	7005
6663	5663
7190	6190
8894	7894
3048	2048
2899	1899
3088	2088
8355	7355
9480	8480
3150	2150
4018	3018
1369	369
9012	8012
5054	4054
5869	4869
7778	6778
9916	8916
7173	6173
1252	252
6124	5124
3997	2997
5973	4973
6374	5374
9085	8085
6316	5316
3259	2259
10941	9941
2593	1593
7114	6114
2052	1052
9842	8842
2720	1720
7306	6306
8646	7646
5675	4675
7895	6895
1584	584
10672	9672
9811	8811
4303	3303
9215	8215
10598	9598
8660	7660
8460	7460
3190	2190
5112	4112
8778	7778
7675	6675
1554	554
5987	4987
1505	505
8234	7234
3729	2729
3435	2435
5232	4232
2325	1325
6420	5420
9091	8091
7151	6151
2658	1658
7896	6896
1062	62
1217	217
8041	7041
5687	4687
5510	4510
2182	1182
1969	969
10425	9425
1194	194
1590	590
7521	6521
8792	7792
6185	5185
8421	7421
5818	4818
2469	1469
8937	7937
10404	9404
7620	6620
5394	4394
1060	60
1563	563
2259	1259
4525	3525
9946	8946
4978	3978
6158	5158
9332	8332
6203	5203
5805	4805
8910	7910
7811	6811
3244	2244
9599	8599
4446	3446
4113	3113
8419	7419
10687	9687
9601	8601
9955	8955
7402	6402
4525	3525
10942	9942
2312	1312
6901	5901
9410	8410
5616	4616
9621	8621
5149	4149
