500	2233473
4326	3326
4447	3447
9564	8564
8506	7506
2324	1324
8815	7815
2322	1322
4365	3365
8765	7765
8624	7624
1801	801
10812	9812
1209	209
4479	3479
6394	5394
3897	2897
7300	6300
3396	2396
9652	8652
10630	9630
10616	9616
9555	8555
4838	3838
7732	6732
1761	761
5485	4485
7772	6772
3131	2131
7166	6166
2426	1426
5035	4035
9334	8334
1047	47
1067	67
2030	1030
2019	1019
10753	9753
2011	1011
5018	4018
7700	6700
8715	7715
7716	6716
6935	5935
8850	7850
2689	1689
5317	4317
2816	1816
9356	8356
9249	8249
10133	9133
2676	1676
6405	5405
6346	5346
2351	1351
6836	5836
5938	4938
3867	2867
5040	4040
5419	4419
3261	2261
2116	1116
10910	9910
4543	3543
9055	8055
7235	6235
8789	7789
7823	6823
7134	6134
2968	1968
7300	6300
7492	6492
10299	9299
6444	5444
4469	3469
6197	5197
10395	9395
3298	2298
8375	7375
6815	5815
7888	6888
10877	9877
2215	1215
8908	7908
1529	529
7495	6495
4670	3670
2097	1097
6749	5749
1871	871
8162	7162
2464	1464
1152	152
5399	4399
2959	1959
9038	8038
6889	5889
5105	4105
9054	8054
10128	9128
1623	623
1228	228
3558	2558
7784	6784
1185	185
4378	3378
1887	887
3884	2884
5810	4810
7407	6407
3416	2416
6032	5032
1389	389
4229	3229
1513	513
9248	8248
8219	7219
3629	2629
4576	3576
8604	7604
8162	7162
6119	5119
9855	8855
10765	9765
6589	5589
6911	5911
1784	784
2633	1633
3201	2201
2590	1590
10966	9966
6153	5153
10564	9564
10085	9085
3442	2442
3699	2699
8900	7900
3165	2165
7628	6628
9418	8418
4450	3450
10632	9632
5736	4736
4575	3575
6392	5392
7773	6773
7109	6109
7371	6371
4673	3673
9537	8537
2392	1392
10510	9510
1676	676
7636	6636
3799	2799
4250	3250
9321	8321
10441	9441
8756	7756
5392	4392
9354	8354
3392	2392
1831	831
1983	983
8918	7918
4773	3773
5579	4579
5139	4139
10818	9818
10278	9278
9380	8380
5091	4091
1247	247
6494	5494
3914	2914
1877	877
5002	4002
3452	2452
6792	5792
7472	6472
10514	9514
1353	353
8713	7713
1836	836
7204	6204
3592	2592
3244	2244
5821	4821
10512	9512
7674	6674
7276	6276
9946	8946
7791	6791
7697	6697
3354	2354
3254	2254
2915	1915
8053	7053
1867	867
7603	6603
5572	4572
6390	5390
3617	2617
4832	3832
1405	405
10309	9309
1775	775
8486	7486
3966	2966
4626	3626
4780	3780
2465	1465
6233	5233
1623	623
1821	821
2741	1741
2064	1064
6134	5134
8236	7236
6556	5556
6424	5424
2544	1544
9946	8946
3970	2970
4963	3963
4360	3360
1422	422
9977	8977
4018	3018
9331	8331
8339	7339
9181	8181
7011	6011
1561	561
3063	2063
6752	5752
3021	2021
10534	9534
6059	5059
7973	6973
5512	4512
7692	6692
4258	3258
5171	4171
7380	6380
6703	5703
10169	9169
5101	4101
6551	5551
7499	6499
2781	1781
4115	3115
3232	2232
9740	8740
1491	491
3421	2421
6539	5539
4180	3180
6962	5962
2265	1265
1824	824
7555	6555
1472	472
9806	8806
1394	394
3649	2649
2253	1253
7426	6426
3656	2656
6590	5590
7391	6391
4473	3473
5787	4787
9821	8821
8362	7362
5817	4817
4855	3855
10781	9781
4232	3232
10505	9505
7264	6264
7304	6304
10403	9403
6212	5212
7580	6580
4561	3561
1193	193
6524	5524
9399	8399
1114	114
2204	1204
8108	7108
6656	5656
4270	3270
3813	2813
5501	4501
5748	4748
7536	6536
10231	9231
5210	4210
2213	1213
4690	3690
1281	281
9005	8005
3446	2446
1803	803
1310	310
10342	9342
6209	5209
5776	4776
1417	417
10651	9651
6145	5145
9458	8458
8675	7675
10593	9593
6958	5958
4094	3094
4458	3458
7023	6023
2361	1361
4912	3912
1060	60
8870	7870
5412	4412
3897	2897
3593	2593
2232	1232
6379	5379
10412	9412
7422	6422
5212	4212
7507	6507
6184	5184
4345	3345
9149	8149
1674	674
1915	915
6432	5432
9933	8933
3265	2265
2315	1315
1825	825
1746	746
8092	7092
6734	5734
6003	5003
2837	1837
10102	9102
7292	6292
5498	4498
3398	2398
8133	7133
8467	7467
9247	8247
8225	7225
5383	4383
7335	6335
10327	9327
10632	9632
7351	6351
7371	6371
10586	9586
1837	837
1938	938
5945	4945
8045	7045
2009	1009
3818	2818
4177	3177
7650	6650
5305	4305
1912	912
2162	1162
8455	7455
10781	9781
2899	1899
10194	9194
7541	6541
5039	4039
6979	5979
10303	9303
9967	8967
5661	4661
4588	3588
4061	3061
5671	4671
9871	8871
8416	7416
1136	136
8002	7002
5115	4115
3791	2791
9774	8774
1922	922
2865	1865
1133	133
9941	8941
9021	8021
1995	995
5730	4730
10187	9187
6731	5731
6214	5214
9010	8010
7980	6980
8570	7570
1091	91
2835	1835
2447	1447
3898	2898
1153	153
5728	4728
7601	6601
1900	900
7705	6705
10113	9113
1217	217
1783	783
3184	2184
9534	8534
6181	5181
7298	6298
9604	8604
3317	2317
1144	144
9081	8081
7989	6989
7476	6476
8282	7282
7786	6786
10551	9551
4087	3087
10350	9350
6458	5458
7197	6197
5236	4236
4640	3640
7110	6110
10841	9841
4789	3789
7559	6559
1268	268
5906	4906
5617	4617
9023	8023
10559	9559
10518	9518
3340	2340
2833	1833
8996	7996
2403	1403
5121	4121
5210	4210
9312	8312
10607	9607
5821	4821
10870	9870
10489	9489
5712	4712
6798	5798
5012	4012
8509	7509
5023	4023
1977	977
2464	1464
9321	8321
2781	1781
10603	9603
7106	6106
7872	6872
6411	5411
2065	1065
9489	8489
5620	4620
8020	7020
7820	6820
6262	5262
10619	9619
6932	5932
8085	7085
7861	6861
4790	3790
4556	3556
9417	8417
1314	314
4535	3535
10046	9046
9573	8573
9414	8414
6407	5407
1079	79
1912	912
2571	1571
10588	9588
7758	6758
10443	9443
7301	6301
10215	9215
4665	3665
1359	359
