500	1236856
2283	1283
5646	4646
4469	3469
10793	9793
2634	1634
2553	1553
8985	7985
9072	8072
2784	1784
2430	1430
5430	4430
9287	8287
7378	6378
10438	9438
3165	2165
4826	3826
2416	1416
2280	1280
5862	4862
10423	9423
8263	7263
4046	3046
10297	9297
2441	1441
10885	9885
7785	6785
5786	4786
6403	5403
10378	9378
9836	8836
3968	2968
2197	1197
7463	6463
5520	4520
9200	8200
7680	6680
1802	802
8106	7106
8612	7612
8016	7016
7600	6600
5040	4040
7317	6317
1095	95
5857	4857
3272	2272
2210	1210
9346	8346
6277	5277
3529	2529
7937	6937
4755	3755
2509	1509
3901	2901
7200	6200
3046	2046
3024	2024
6295	5295
1026	26
4406	3406
4376	3376
2268	1268
6788	5788
1799	799
4597	3597
3452	2452
7150	6150
3746	2746
9955	8955
9680	8680
8061	7061
8855	7855
2390	1390
5034	4034
3033	2033
10138	9138
5113	4113
10555	9555
4595	3595
1126	126
9713	8713
9273	8273
8431	7431
10503	9503
6613	5613
7736	6736
4733	3733
1100	100
1185	185
9251	8251
5948	4948
6156	5156
9006	8006
8825	7825
9773	8773
9235	8235
9698	8698
6738	5738
6672	5672
7421	6421
8231	7231
2094	1094
6548	5548
8686	7686
7773	6773
1035	35
2992	1992
10695	9695
1505	505
8082	7082
4107	3107
8335	7335
9282	8282
6879	5879
2442	1442
9008	8008
3952	2952
9885	8885
5186	4186
5414	4414
1533	533
8946	7946
2858	1858
7364	6364
9222	8222
6113	5113
8382	7382
5100	4100
5337	4337
3570	2570
10374	9374
3513	2513
4850	3850
7464	6464
5180	4180
3936	2936
6451	5451
4121	3121
3507	2507
6440	5440
8631	7631
6624	5624
6002	5002
2309	1309
6622	5622
10449	9449
5273	4273
2360	1360
10236	9236
5939	4939
1563	563
5160	4160
5609	4609
6024	5024
8709	7709
6133	5133
3258	2258
4047	3047
2631	1631
3598	2598
9553	8553
10541	9541
10106	9106
7249	6249
9105	8105
4547	3547
4747	3747
9836	8836
4676	3676
3235	2235
9605	8605
10295	9295
2197	1197
4539	3539
8079	7079
10626	9626
5178	4178
4412	3412
10015	9015
7572	6572
7437	6437
6540	5540
7489	6489
8824	7824
6685	5685
7804	6804
7337	6337
10061	9061
9400	8400
2456	1456
1876	876
5768	4768
4565	3565
8492	7492
10447	9447
2836	1836
7613	6613
3049	2049
6409	5409
1486	486
2387	1387
10422	9422
10628	9628
3083	2083
7583	6583
2335	1335
5138	4138
10192	9192
6968	5968
2151	1151
9542	8542
9172	8172
9279	8279
5292	4292
6082	5082
1230	230
6827	5827
2697	1697
10993	9993
9967	8967
3346	2346
5347	4347
7362	6362
3950	2950
9605	8605
1359	359
6965	5965
5280	4280
6943	5943
10462	9462
1464	464
10402	9402
1991	991
9561	8561
5945	4945
9161	8161
5367	4367
1966	966
10317	9317
3228	2228
9358	8358
2039	1039
5257	4257
7539	6539
1946	946
9385	8385
3052	2052
7574	6574
9714	8714
1989	989
8299	7299
1890	890
10798	9798
2249	1249
8021	7021
1976	976
4912	3912
2651	1651
7122	6122
9938	8938
8629	7629
9722	8722
5041	4041
9428	8428
9244	8244
5399	4399
8724	7724
5231	4231
9174	8174
9620	8620
1626	626
9573	8573
5249	4249
9223	8223
1028	28
9780	8780
7234	6234
2966	1966
3195	2195
3402	2402
4091	3091
9019	8019
7612	6612
3825	2825
7256	6256
1356	356
7695	6695
9884	8884
8629	7629
10405	9405
1586	586
6619	5619
5355	4355
6331	5331
5155	4155
5706	4706
2542	1542
6131	5131
4040	3040
4341	3341
7586	6586
8216	7216
4618	3618
1582	582
2211	1211
1630	630
4735	3735
2084	1084
6852	5852
10250	9250
1869	869
1136	136
2927	1927
8173	7173
9766	8766
3788	2788
2154	1154
6761	5761
3973	2973
10787	9787
8670	7670
9708	8708
4093	3093
3261	2261
3990	2990
8306	7306
9562	8562
5033	4033
3277	2277
1755	755
8017	7017
8247	7247
8623	7623
3317	2317
9364	8364
9184	8184
7005	6005
7350	6350
9987	8987
8096	7096
2500	1500
4020	3020
5889	4889
6149	5149
7926	6926
2796	1796
3686	2686
1361	361
9465	8465
9163	8163
1959	959
9472	8472
3986	2986
2259	1259
5069	4069
2700	1700
3815	2815
5335	4335
2946	1946
4941	3941
3467	2467
8290	7290
6978	5978
2639	1639
4362	3362
10804	9804
5018	4018
4447	3447
4793	3793
6358	5358
4836	3836
7018	6018
7252	6252
4185	3185
6388	5388
2613	1613
6148	5148
6995	5995
4575	3575
9952	8952
5829	4829
10186	9186
8660	7660
8728	7728
9714	8714
4719	3719
3478	2478
10312	9312
7895	6895
10955	9955
9060	8060
7877	6877
2683	1683
5515	4515
3710	2710
2662	1662
1167	167
9185	8185
4850	3850
2767	1767
8259	7259
2419	1419
7971	6971
2840	1840
6893	5893
4531	3531
3084	2084
7700	6700
1304	304
2141	1141
6215	5215
7175	6175
4114	3114
4408	3408
8476	7476
6080	5080
7081	6081
8104	7104
3196	2196
1052	52
10549	9549
1852	852
6843	5843
1582	582
3674	2674
1177	177
9878	8878
1789	789
2175	1175
5304	4304
1964	964
10010	9010
8673	7673
3326	2326
4030	3030
2594	1594
9496	8496
2050	1050
3720	2720
9832	8832
1103	103
9288	8288
2291	1291
8534	7534
5308	4308
2046	1046
9781	8781
4735	3735
7459	6459
4757	3757
7291	6291
4336	3336
3393	2393
1790	790
1136	136
6167	5167
5033	4033
10189	9189
1673	673
5765	4765
4242	3242
6012	5012
8134	7134
1915	915
5259	4259
9527	8527
4625	3625
10793	9793
7258	6258
10160	9160
2278	1278
4982	3982
2983	1983
3344	2344
3662	2662
8801	7801
2710	1710
6784	5784
10817	9817
10529	9529
8090	7090
6873	5873
6498	5498
1424	424
3856	2856
10269	9269
3917	2917
4489	3489
7720	6720
5047	4047
2190	1190
9471	8471
4989	3989
2324	1324
9728	8728
5922	4922
7855	6855
7467	6467
5831	4831
1631	631
