500	252768
7728	6728
1254	254
4144	3144
4893	3893
3646	2646
7092	6092
7375	6375
9417	8417
9402	8402
2931	1931
2265	1265
1945	945
9409	8409
8048	7048
9276	8276
6889	5889
3308	2308
4465	3465
10184	9184
9053	8053
5184	4184
7897	6897
5845	4845
3931	2931
4246	3246
1410	410
10287	9287
9394	8394
7224	6224
4187	3187
9638	8638
10032	9032
5093	4093
3117	2117
1032	32
2085	1085
5373	4373
10284	9284
9956	8956
10212	9212
6402	5402
1990	990
3218	2218
1956	956
9827	8827
10699	9699
2988	1988
7864	6864
6337	5337
4969	3969
9501	8501
4987	3987
7883	6883
2203	1203
1735	735
7392	6392
2727	1727
8500	7500
3264	2264
7559	6559
3062	2062
2362	1362
5836	4836
1038	38
7049	6049
9159	8159
3970	2970
4270	3270
10649	9649
10133	9133
3063	2063
2678	1678
8833	7833
5465	4465
10598	9598
9630	8630
5998	4998
3096	2096
3972	2972
10650	9650
1676	676
1247	247
5598	4598
2137	1137
7229	6229
9581	8581
1544	544
8216	7216
6959	5959
2744	1744
9115	8115
3365	2365
3188	2188
5895	4895
7122	6122
3819	2819
10324	9324
2626	1626
10373	9373
10240	9240
2865	1865
2164	1164
2159	1159
5323	4323
1568	568
7591	6591
4782	3782
3856	2856
8397	7397
6822	5822
8889	7889
1745	745
9809	8809
7820	6820
8221	7221
9708	8708
9618	8618
7191	6191
5123	4123
2589	1589
8751	7751
7458	6458
8294	7294
10344	9344
6919	5919
8989	7989
10391	9391
4337	3337
3887	2887
6560	5560
7283	6283
9034	8034
6472	5472
5007	4007
7362	6362
6044	5044
3152	2152
10847	9847
6943	5943
9404	8404
2941	1941
7777	6777
6367	5367
6680	5680
7766	6766
4450	3450
10907	9907
3873	2873
3577	2577
9369	8369
4121	3121
6665	5665
10919	9919
3458	2458
10182	9182
1733	733
9259	8259
1557	557
6608	5608
3365	2365
2630	1630
2843	1843
1930	930
9358	8358
7478	6478
8271	7271
2836	1836
3973	2973
1928	928
1959	959
2560	1560
3362	2362
8886	7886
6261	5261
8926	7926
9215	8215
4621	3621
2676	1676
1253	253
10040	9040
4898	3898
3769	2769
2709	1709
7409	6409
6084	5084
6543	5543
7347	6347
6648	5648
4863	3863
7021	6021
8232	7232
3953	2953
7012	6012
7242	6242
9184	8184
9657	8657
1422	422
8225	7225
6940	5940
5101	4101
8555	7555
8428	7428
6107	5107
7914	6914
1179	179
2442	1442
8885	7885
10048	9048
1985	985
10116	9116
7342	6342
8848	7848
10938	9938
10093	9093
1940	940
7138	6138
7031	6031
7175	6175
8845	7845
10740	9740
9459	8459
3982	2982
6866	5866
7866	6866
10357	9357
5800	4800
9546	8546
4771	3771
9698	8698
8527	7527
2444	1444
6240	5240
3468	2468
9995	8995
4609	3609
7851	6851
3833	2833
6558	5558
9981	8981
9441	8441
6932	5932
4325	3325
4188	3188
6437	5437
9647	8647
5572	4572
5308	4308
1348	348
5753	4753
8819	7819
1758	758
3428	2428
6234	5234
9553	8553
2245	1245
4998	3998
5548	4548
2190	1190
4820	3820
8670	7670
7272	6272
9504	8504
3350	2350
5780	4780
1906	906
9813	8813
2816	1816
2902	1902
9479	8479
10657	9657
5217	4217
2910	1910
6574	5574
3762	2762
5435	4435
6276	5276
6576	5576
5447	4447
7942	6942
8222	7222
6143	5143
1356	356
1511	511
3316	2316
10926	9926
4714	3714
2337	1337
7446	6446
2074	1074
2624	1624
4310	3310
8334	7334
10565	9565
9550	8550
4372	3372
10471	9471
7511	6511
9761	8761
6125	5125
3425	2425
6837	5837
9876	8876
9670	8670
2241	1241
1375	375
3445	2445
10542	9542
6666	5666
1303	303
5340	4340
9765	8765
7716	6716
6744	5744
3907	2907
6507	5507
6208	5208
3290	2290
4103	3103
3741	2741
2446	1446
4082	3082
9397	8397
5142	4142
5886	4886
5447	4447
10975	9975
1027	27
2031	1031
2165	1165
1783	783
5725	4725
4259	3259
9429	8429
10038	9038
10002	9002
1420	420
6403	5403
7491	6491
6554	5554
3717	2717
6202	5202
10119	9119
5302	4302
2034	1034
7664	6664
2778	1778
8743	7743
8007	7007
1861	861
3905	2905
1141	141
8936	7936
1189	189
5954	4954
8752	7752
10039	9039
1312	312
9178	8178
10926	9926
5423	4423
8403	7403
6950	5950
2976	1976
8458	7458
3159	2159
5980	4980
8217	7217
7942	6942
9780	8780
5421	4421
2023	1023
4023	3023
6500	5500
4742	3742
2959	1959
7166	6166
5486	4486
7430	6430
7635	6635
3111	2111
3842	2842
9502	8502
3388	2388
8616	7616
4177	3177
2587	1587
10382	9382
10504	9504
3168	2168
8171	7171
10816	9816
6429	5429
4675	3675
7208	6208
4629	3629
10692	9692
9716	8716
7009	6009
8797	7797
4111	3111
4097	3097
5998	4998
2657	1657
6305	5305
3203	2203
1610	610
10715	9715
6078	5078
1039	39
5692	4692
6058	5058
8728	7728
10898	9898
2026	1026
5565	4565
9455	8455
4595	3595
10775	9775
10146	9146
1487	487
6241	5241
5597	4597
9537	8537
4278	3278
6446	5446
2019	1019
3363	2363
10542	9542
5959	4959
1737	737
8324	7324
9743	8743
4106	3106
7027	6027
2659	1659
6885	5885
3143	2143
9795	8795
10818	9818
1254	254
1303	303
2647	1647
8996	7996
5624	4624
1689	689
9708	8708
4418	3418
2830	1830
4393	3393
8191	7191
8494	7494
7502	6502
2497	1497
9669	8669
10273	9273
4703	3703
8668	7668
6831	5831
8970	7970
6772	5772
3937	2937
7785	6785
1812	812
6974	5974
1613	613
3594	2594
3531	2531
2417	1417
3759	2759
3279	2279
8648	7648
3014	2014
4129	3129
4564	3564
1858	858
10352	9352
5911	4911
9081	8081
7107	6107
4191	3191
5706	4706
10446	9446
4866	3866
5718	4718
2889	1889
4011	3011
3182	2182
3544	2544
7782	6782
9553	8553
7682	6682
8057	7057
9673	8673
4200	3200
9087	8087
9331	8331
2656	1656
5215	4215
7683	6683
7386	6386
