500	255884
2969	1969
3412	2412
6297	5297
8100	7100
7104	6104
2337	1337
7331	6331
10850	9850
5088	4088
5972	4972
8923	7923
9690	8690
4673	3673
3071	2071
5337	4337
5069	4069
7088	6088
7348	6348
2042	1042
3365	2365
7703	6703
8071	7071
8377	7377
7645	6645
3575	2575
9723	8723
3377	2377
7540	6540
5150	4150
9998	8998
4402	3402
2320	1320
8128	7128
7730	6730
9435	8435
9710	8710
5239	4239
5828	4828
3666	2666
3031	2031
2716	1716
3491	2491
7370	6370
7600	6600
4690	3690
5961	4961
3114	2114
9141	8141
10768	9768
3981	2981
1883	883
4711	3711
2204	1204
6453	5453
8389	7389
1855	855
3851	2851
7075	6075
6576	5576
9864	8864
8563	7563
6034	5034
1185	185
4850	3850
8707	7707
10465	9465
6137	5137
6955	5955
1231	231
1343	343
9468	8468
10313	9313
7486	6486
8126	7126
3955	2955
2413	1413
8256	7256
7825	6825
9809	8809
7042	6042
2174	1174
5043	4043
10304	9304
1729	729
5308	4308
10100	9100
4047	3047
7654	6654
5412	4412
5782	4782
7275	6275
6865	5865
4589	3589
9537	8537
4209	3209
4536	3536
1595	595
10668	9668
1541	541
8478	7478
1890	890
9446	8446
6135	5135
8368	7368
1252	252
1648	648
6570	5570
7783	6783
10513	9513
4958	3958
6011	5011
5875	4875
9357	8357
5672	4672
4495	3495
1984	984
1398	398
2169	1169
9307	8307
8840	7840
10021	9021
2555	1555
4795	3795
9191	8191
2303	1303
10168	9168
4002	3002
7067	6067
5580	4580
6930	5930
6188	5188
5719	4719
9889	8889
9209	8209
5980	4980
9594	8594
2698	1698
5933	4933
9986	8986
3075	2075
3016	2016
9625	8625
7166	6166
8216	7216
9098	8098
1947	947
6929	5929
6874	5874
4575	3575
5759	4759
1529	529
6029	5029
1945	945
4561	3561
8201	7201
6350	5350
4999	3999
8140	7140
5420	4420
9247	8247
7171	6171
2622	1622
2881	1881
9244	8244
5875	4875
4868	3868
6352	5352
1610	610
6614	5614
7377	6377
3154	2154
3671	2671
5101	4101
3765	2765
6686	5686
2193	1193
8429	7429
2639	1639
9052	8052
8168	7168
4002	3002
4380	3380
1486	486
4335	3335
9000	8000
7272	6272
5174	4174
4842	3842
7548	6548
3414	2414
10575	9575
2238	1238
9691	8691
10589	9589
9419	8419
5944	4944
1362	362
8990	7990
3216	2216
7592	6592
6982	5982
9263	8263
2441	1441
10764	9764
9629	8629
10151	9151
1029	29
3467	2467
5816	4816
4056	3056
7655	6655
6148	5148
5485	4485
1864	864
10990	9990
5954	4954
1547	547
2635	1635
2963	1963
4443	3443
7587	6587
1816	816
6984	5984
7231	6231
7921	6921
6564	5564
8394	7394
3212	2212
7428	6428
6287	5287
8249	7249
6926	5926
1679	679
3377	2377
10441	9441
8856	7856
4088	3088
6340	5340
9515	8515
3510	2510
8142	7142
10605	9605
6530	5530
9417	8417
9404	8404
6713	5713
8209	7209
1393	393
8887	7887
9959	8959
7521	6521
6417	5417
1142	142
1751	751
5134	4134
8192	7192
7186	6186
4012	3012
7249	6249
7579	6579
6178	5178
7089	6089
10819	9819
7298	6298
6410	5410
8933	7933
5851	4851
5566	4566
10395	9395
9459	8459
6135	5135
5950	4950
7428	6428
9998	8998
4797	3797
5428	4428
7811	6811
9295	8295
9002	8002
5852	4852
1805	805
10817	9817
9238	8238
6821	5821
10627	9627
2054	1054
10712	9712
6094	5094
7759	6759
6855	5855
6952	5952
10964	9964
2927	1927
8531	7531
1697	697
8481	7481
8235	7235
5852	4852
1243	243
1893	893
4285	3285
2053	1053
7323	6323
10448	9448
3159	2159
1486	486
9501	8501
6004	5004
8827	7827
7100	6100
6054	5054
4408	3408
8077	7077
6314	5314
8609	7609
5206	4206
9396	8396
10205	9205
4079	3079
1114	114
7413	6413
3363	2363
6032	5032
2950	1950
7825	6825
7850	6850
3576	2576
7936	6936
8834	7834
1917	917
5005	4005
6576	5576
6114	5114
2650	1650
6560	5560
6525	5525
1946	946
1304	304
9651	8651
3209	2209
5755	4755
2672	1672
4429	3429
10936	9936
6269	5269
10198	9198
10543	9543
8910	7910
10796	9796
7606	6606
2818	1818
8855	7855
4091	3091
8846	7846
7268	6268
3482	2482
5767	4767
5393	4393
7568	6568
3750	2750
2109	1109
10809	9809
1046	46
5351	4351
5514	4514
5079	4079
7144	6144
3501	2501
3395	2395
8445	7445
2958	1958
7707	6707
4071	3071
9821	8821
4198	3198
8135	7135
3719	2719
10036	9036
9703	8703
10616	9616
8402	7402
2362	1362
6363	5363
8345	7345
10188	9188
5578	4578
7707	6707
6283	5283
8797	7797
9811	8811
5715	4715
1882	882
8978	7978
3619	2619
6835	5835
7402	6402
7314	6314
10390	9390
9237	8237
5539	4539
9802	8802
9782	8782
6640	5640
4686	3686
2245	1245
5845	4845
1199	199
10261	9261
10542	9542
1031	31
9033	8033
8020	7020
1134	134
2267	1267
9646	8646
2661	1661
2053	1053
3757	2757
2775	1775
9819	8819
4545	3545
6258	5258
4861	3861
6274	5274
10140	9140
9280	8280
4817	3817
6071	5071
5790	4790
9825	8825
1780	780
10618	9618
5463	4463
3837	2837
4281	3281
10701	9701
3965	2965
1477	477
6277	5277
5746	4746
10404	9404
1435	435
8936	7936
4063	3063
2430	1430
3197	2197
7115	6115
9415	8415
6244	5244
4308	3308
6408	5408
9905	8905
2098	1098
5126	4126
7373	6373
2970	1970
8449	7449
9374	8374
7437	6437
2151	1151
1570	570
2823	1823
7392	6392
9135	8135
2333	1333
7989	6989
3953	2953
2047	1047
9854	8854
4194	3194
4357	3357
3857	2857
6342	5342
5636	4636
10158	9158
4633	3633
4190	3190
10889	9889
2904	1904
2232	1232
4553	3553
1358	358
10024	9024
9031	8031
6955	5955
1181	181
5749	4749
4532	3532
5511	4511
2225	1225
4518	3518
9720	8720
4867	3867
7263	6263
10402	9402
1698	698
3528	2528
10360	9360
1548	548
9830	8830
