500	1909780
3904	2904
3930	2930
10224	9224
8312	7312
9471	8471
4704	3704
2689	1689
5401	4401
2057	1057
3032	2032
7101	6101
1974	974
5531	4531
8566	7566
9310	8310
3235	2235
10387	9387
3794	2794
3862	2862
10887	9887
5912	4912
3754	2754
1443	443
9487	8487
8909	7909
7756	6756
1720	720
10161	9161
7744	6744
7970	6970
9170	8170
1992	992
9442	8442
10110	9110
8479	7479
2235	1235
9955	8955
5507	4507
2959	1959
7364	6364
8436	7436
8848	7848
6779	5779
4580	3580
4688	3688
2161	1161
5460	4460
3750	2750
10332	9332
8642	7642
5315	4315
4227	3227
5103	4103
3301	2301
8947	7947
10298	9298
5730	4730
10639	9639
6958	5958
2916	1916
10000	9000
10368	9368
5296	4296
9606	8606
8052	7052
7028	6028
1207	207
3312	2312
6326	5326
7721	6721
10262	9262
8928	7928
1341	341
3217	2217
9359	8359
1475	475
4624	3624
9965	8965
2566	1566
8417	7417
1902	902
10577	9577
4422	3422
3453	2453
8270	7270
5760	4760
5187	4187
4638	3638
8194	7194
7176	6176
2148	1148
4276	3276
7432	6432
8794	7794
5851	4851
2875	1875
3412	2412
10507	9507
7978	6978
5554	4554
4154	3154
4462	3462
8345	7345
8488	7488
1311	311
1971	971
7419	6419
8717	7717
9968	8968
1650	650
3367	2367
5089	4089
7119	6119
6339	5339
1666	666
10086	9086
2464	1464
6387	5387
9686	8686
9991	8991
6008	5008
5648	4648
6716	5716
9349	8349
3117	2117
5358	4358
4328	3328
10621	9621
2373	1373
5871	4871
3905	2905
7353	6353
9282	8282
3545	2545
10810	9810
4513	3513
5843	4843
2201	1201
5787	4787
4399	3399
1494	494
9079	8079
6749	5749
7471	6471
7130	6130
10903	9903
5133	4133
3156	2156
10903	9903
8826	7826
2266	1266
3481	2481
10970	9970
7891	6891
4354	3354
8967	7967
1570	570
7273	6273
5932	4932
4513	3513
4293	3293
7933	6933
2777	1777
5697	4697
7087	6087
9545	8545
7077	6077
6861	5861
2704	1704
10402	9402
8629	7629
8677	7677
2373	1373
3583	2583
5328	4328
2824	1824
4772	3772
8990	7990
6461	5461
1444	444
3894	2894
6359	5359
4217	3217
9938	8938
4859	3859
7784	6784
7957	6957
3921	2921
5047	4047
8917	7917
6890	5890
1030	30
4480	3480
7410	6410
1708	708
6141	5141
7859	6859
8289	7289
3003	2003
7158	6158
7470	6470
8209	7209
6211	5211
5882	4882
6177	5177
1938	938
8591	7591
3346	2346
5202	4202
4625	3625
7654	6654
7851	6851
4977	3977
4366	3366
1467	467
1715	715
1470	470
10106	9106
5746	4746
8225	7225
4077	3077
5973	4973
9881	8881
10355	9355
4083	3083
7722	6722
9382	8382
4879	3879
3262	2262
3961	2961
10068	9068
1062	62
6851	5851
2865	1865
6928	5928
3964	2964
1070	70
7868	6868
3642	2642
6169	5169
9562	8562
3145	2145
9993	8993
10407	9407
10651	9651
8133	7133
7317	6317
2497	1497
5984	4984
9587	8587
3095	2095
7653	6653
9134	8134
8685	7685
8984	7984
5333	4333
9290	8290
5858	4858
6142	5142
8121	7121
6097	5097
5122	4122
7997	6997
8880	7880
3876	2876
2129	1129
4673	3673
7207	6207
7092	6092
2816	1816
8727	7727
10130	9130
5164	4164
2036	1036
5577	4577
6836	5836
5182	4182
3127	2127
8657	7657
8756	7756
4119	3119
2808	1808
4220	3220
1740	740
8435	7435
9361	8361
5930	4930
8117	7117
6751	5751
7692	6692
3709	2709
10520	9520
1905	905
3653	2653
7375	6375
1844	844
9620	8620
10050	9050
4105	3105
3396	2396
7536	6536
3406	2406
5090	4090
7072	6072
1565	565
6274	5274
4364	3364
5495	4495
10574	9574
8271	7271
4568	3568
4468	3468
1199	199
7908	6908
3558	2558
6863	5863
2749	1749
7879	6879
5026	4026
4172	3172
1680	680
6606	5606
4193	3193
6307	5307
10283	9283
7941	6941
10979	9979
8266	7266
2964	1964
1806	806
6148	5148
9612	8612
1859	859
9899	8899
10835	9835
10379	9379
1824	824
7694	6694
10777	9777
5334	4334
10268	9268
4046	3046
5456	4456
3709	2709
1559	559
9738	8738
8099	7099
9460	8460
3470	2470
8417	7417
2971	1971
3683	2683
4444	3444
4323	3323
2189	1189
1139	139
1546	546
5849	4849
1861	861
8106	7106
5288	4288
4072	3072
1519	519
5877	4877
4976	3976
7527	6527
3855	2855
6380	5380
10826	9826
6150	5150
4553	3553
10310	9310
5429	4429
1595	595
9077	8077
9863	8863
1001	1
6798	5798
10378	9378
4079	3079
6286	5286
4843	3843
9418	8418
2709	1709
4511	3511
8306	7306
2916	1916
7369	6369
2172	1172
1331	331
9530	8530
2525	1525
5425	4425
10339	9339
5370	4370
1175	175
9118	8118
4480	3480
8524	7524
8793	7793
8680	7680
4874	3874
3673	2673
6284	5284
9510	8510
4489	3489
6287	5287
10673	9673
5160	4160
4389	3389
4859	3859
6961	5961
9229	8229
6710	5710
9588	8588
7315	6315
5685	4685
4452	3452
9747	8747
6357	5357
2739	1739
7813	6813
9792	8792
10649	9649
6861	5861
4981	3981
3941	2941
5237	4237
3053	2053
7911	6911
4080	3080
1532	532
2848	1848
3985	2985
6349	5349
10352	9352
2912	1912
4180	3180
5408	4408
8046	7046
4380	3380
1954	954
4157	3157
2300	1300
5591	4591
6878	5878
6008	5008
3973	2973
5509	4509
5708	4708
5181	4181
7882	6882
8223	7223
8514	7514
2508	1508
8098	7098
8530	7530
9922	8922
10473	9473
7286	6286
8649	7649
9721	8721
9310	8310
1973	973
9462	8462
4963	3963
3661	2661
10680	9680
7734	6734
5783	4783
6911	5911
3460	2460
10723	9723
2763	1763
1791	791
2912	1912
1399	399
5461	4461
1390	390
8708	7708
7701	6701
2177	1177
6436	5436
2347	1347
6508	5508
8236	7236
7967	6967
7274	6274
10830	9830
3609	2609
10828	9828
6102	5102
3818	2818
10569	9569
7499	6499
9856	8856
7450	6450
9929	8929
7436	6436
9830	8830
