500	1915338
5336	4336
7310	6310
1193	193
10585	9585
5079	4079
10382	9382
5940	4940
10758	9758
3517	2517
7240	6240
8035	7035
10081	9081
4890	3890
2906	1906
5150	4150
5549	4549
10160	9160
10801	9801
1072	72
2722	1722
4141	3141
1745	745
5767	4767
4303	3303
8996	7996
10875	9875
6502	5502
2115	1115
7330	6330
10811	9811
7883	6883
5725	4725
8191	7191
10735	9735
10870	9870
7600	6600
10186	9186
6105	5105
9497	8497
8978	7978
3433	2433
8520	7520
7119	6119
2044	1044
7960	6960
2763	1763
7657	6657
5045	4045
2108	1108
9046	8046
5560	4560
3047	2047
8070	7070
9917	8917
9478	8478
1952	952
5467	4467
8505	7505
1151	151
9738	8738
2931	1931
3824	2824
5708	4708
6130	5130
2983	1983
6801	5801
3951	2951
2420	1420
10880	9880
4217	3217
10911	9911
9591	8591
6835	5835
8456	7456
8333	7333
7289	6289
4739	3739
7207	6207
1074	74
4734	3734
4635	3635
9497	8497
3502	2502
4298	3298
9756	8756
2481	1481
1847	847
7148	6148
10315	9315
1442	442
8748	7748
8364	7364
4980	3980
3225	2225
3587	2587
9831	8831
10651	9651
2907	1907
4095	3095
3028	2028
3061	2061
6100	5100
2258	1258
7815	6815
10331	9331
6733	5733
3309	2309
9461	8461
8021	7021
5160	4160
5012	4012
9734	8734
10003	9003
2257	1257
3551	2551
5745	4745
5189	4189
10257	9257
3368	2368
8115	7115
10055	9055
3600	2600
2013	1013
1429	429
9695	8695
6630	5630
6829	5829
10328	9328
1741	741
3045	2045
8902	7902
4792	3792
2234	1234
10184	9184
9120	8120
1392	392
10783	9783
10521	9521
8779	7779
7105	6105
2174	1174
6150	5150
6890	5890
4657	3657
6465	5465
6416	5416
4220	3220
1163	163
9637	8637
10872	9872
3834	2834
5190	4190
3294	2294
5716	4716
9947	8947
1714	714
3263	2263
2054	1054
6984	5984
3870	2870
4383	3383
3153	2153
7398	6398
4235	3235
1849	849
1677	677
1471	471
6908	5908
4442	3442
2722	1722
4705	3705
7111	6111
6949	5949
4050	3050
7504	6504
3757	2757
1980	980
2041	1041
3606	2606
2595	1595
6184	5184
9079	8079
3682	2682
10327	9327
6165	5165
7703	6703
5258	4258
2124	1124
8166	7166
5393	4393
7990	6990
7987	6987
9308	8308
10031	9031
2123	1123
9286	8286
3690	2690
4204	3204
3379	2379
8878	7878
9706	8706
7808	6808
1570	570
7473	6473
4631	3631
8913	7913
5038	4038
8899	7899
3330	2330
7630	6630
6785	5785
6661	5661
7549	6549
9881	8881
4616	3616
7925	6925
3574	2574
5237	4237
10549	9549
9653	8653
4567	3567
4030	3030
9599	8599
2346	1346
2498	1498
2712	1712
4365	3365
10309	9309
8139	7139
10832	9832
5369	4369
2686	1686
8346	7346
1780	780
4396	3396
5674	4674
2403	1403
6953	5953
9120	8120
9026	8026
9669	8669
5226	4226
2191	1191
5044	4044
7640	6640
1351	351
9411	8411
6500	5500
2518	1518
6483	5483
4267	3267
10776	9776
1346	346
10386	9386
2825	1825
2963	1963
3891	2891
5595	4595
7083	6083
3649	2649
5343	4343
10046	9046
5698	4698
8621	7621
1606	606
8620	7620
6202	5202
10389	9389
10509	9509
9249	8249
8042	7042
7090	6090
8197	7197
4462	3462
6006	5006
10079	9079
8134	7134
7358	6358
6041	5041
6983	5983
1364	364
4363	3363
7971	6971
5527	4527
1100	100
8159	7159
10437	9437
5282	4282
5242	4242
7651	6651
2406	1406
10058	9058
4055	3055
3742	2742
6324	5324
8212	7212
9105	8105
6345	5345
1536	536
7686	6686
9407	8407
4482	3482
10636	9636
1189	189
4981	3981
3839	2839
2747	1747
1557	557
6755	5755
9079	8079
3010	2010
8187	7187
6214	5214
2352	1352
9379	8379
10431	9431
4108	3108
9667	8667
3593	2593
4822	3822
7778	6778
4260	3260
9460	8460
10757	9757
1003	3
4453	3453
3552	2552
9287	8287
7754	6754
4319	3319
4874	3874
4589	3589
8787	7787
2865	1865
9206	8206
10101	9101
2715	1715
10184	9184
1060	60
8449	7449
1436	436
8884	7884
1543	543
10368	9368
2711	1711
2062	1062
1918	918
10069	9069
6743	5743
9611	8611
7885	6885
6413	5413
8946	7946
5672	4672
10662	9662
9706	8706
9299	8299
2100	1100
9462	8462
3638	2638
5028	4028
2049	1049
10315	9315
4377	3377
7647	6647
1674	674
5808	4808
7652	6652
4729	3729
2471	1471
1617	617
10467	9467
4655	3655
4069	3069
10298	9298
5827	4827
10613	9613
7674	6674
7102	6102
1216	216
1998	998
1280	280
3700	2700
4808	3808
5453	4453
9264	8264
6607	5607
8609	7609
4817	3817
5646	4646
2217	1217
1700	700
4058	3058
7247	6247
8134	7134
9116	8116
5913	4913
8176	7176
3517	2517
10673	9673
8385	7385
6519	5519
5344	4344
10980	9980
10408	9408
3928	2928
8517	7517
10712	9712
6156	5156
8407	7407
6017	5017
9628	8628
6910	5910
3865	2865
10320	9320
8712	7712
9747	8747
4592	3592
10973	9973
7663	6663
7028	6028
1409	409
7275	6275
2255	1255
7388	6388
2327	1327
10093	9093
8489	7489
4328	3328
3387	2387
9153	8153
6179	5179
9815	8815
1526	526
9404	8404
1052	52
4367	3367
6936	5936
2673	1673
7224	6224
1752	752
7203	6203
6020	5020
1697	697
9145	8145
1402	402
1889	889
6189	5189
5281	4281
5174	4174
5477	4477
5792	4792
4671	3671
10950	9950
1155	155
5588	4588
4319	3319
6894	5894
10286	9286
9778	8778
9928	8928
8552	7552
1638	638
9637	8637
6839	5839
3836	2836
9798	8798
9300	8300
9111	8111
3387	2387
7933	6933
9922	8922
3089	2089
2142	1142
8020	7020
3377	2377
8172	7172
9225	8225
9623	8623
3309	2309
8394	7394
6909	5909
3842	2842
9695	8695
4111	3111
3216	2216
7003	6003
5788	4788
1576	576
3978	2978
4483	3483
7949	6949
6903	5903
1789	789
5240	4240
3066	2066
3022	2022
9833	8833
7468	6468
4407	3407
