500	2316202
2878	2431
8698	6723
1505	2077
564	8646
8042	328
3800	4848
987	6843
2174	5076
3417	3474
264	5711
9340	7482
1989	9194
672	8746
5292	6574
8134	277
8026	7942
9801	832
1300	9192
85	150
4607	81
6240	6768
5714	4618
8058	1995
9862	3244
3387	6979
8396	4962
4057	2222
4512	454
253	3891
7685	6969
11	3729
9134	8021
499	6752
7525	6120
4303	4991
7362	5005
2922	6988
1437	4811
1793	6345
171	8331
7423	2579
1673	2453
6208	6479
9500	9585
5113	3304
6900	4643
3656	2525
5578	4105
2301	2076
2158	3813
31	863
9026	5172
2329	7448
3670	4478
3692	8569
2700	9009
235	3742
4877	1971
9829	6827
4745	1259
222	2142
3025	6582
637	3185
5728	6156
4211	9831
7851	9085
417	447
4748	6098
5923	2976
5838	4989
8913	8763
8935	3038
1833	2206
5702	8107
4535	43
4517	7953
4021	8305
9778	3570
8135	702
7389	1924
4354	3970
3158	5486
1669	66
4937	5497
1325	5973
3985	1130
1290	8621
9830	5926
9217	4890
2071	4904
3934	2478
6244	7387
9563	7736
5768	8711
1290	8585
7426	9703
1501	290
7971	8555
8992	3965
1163	7210
2669	8243
9126	5303
1602	9930
671	2011
3798	8397
9004	5823
3117	4247
786	231
6027	2431
1569	8078
28	6454
3124	9933
2773	9571
2132	1785
2295	1375
6665	3899
9555	3200
1665	7753
8218	772
5893	1609
4099	1205
6850	7464
8670	1245
9517	4944
4322	5711
7964	5890
6243	8143
2583	3677
787	1771
6962	8567
1625	1971
9470	2568
9056	7792
3007	6989
517	8548
7812	2715
9039	7374
3797	634
7130	8293
7482	1850
1560	2049
6268	7405
7639	8244
5421	1474
6569	7746
4853	5769
8158	1586
7278	7998
5363	2619
8166	4076
8418	4756
5692	1440
4822	6076
6315	9238
9321	5583
3293	1608
2348	13
3794	2880
185	3435
3910	8821
4827	2729
3540	8420
7123	2664
8127	867
5446	6129
8169	1886
8880	8388
1445	2881
1207	1538
6355	6056
6124	5715
9963	9211
1628	7364
1843	1462
3685	81
103	9689
160	4382
3989	4756
2001	2913
7515	3351
8007	4404
5147	1973
5839	1905
2022	9015
87	9683
6544	1736
7979	7753
3903	8086
2658	3945
4940	3778
5076	8981
4290	232
9471	1926
5236	6841
8870	6321
8317	2062
2769	8111
9256	9393
3186	4418
2011	5724
5266	9543
4144	2015
2627	4656
8260	1641
7854	5096
2318	4563
3074	9994
9287	2314
8429	1022
7064	2282
3144	7674
2550	9861
5968	6387
282	9725
1478	3703
5280	7109
5246	6772
9133	750
7402	8135
584	3892
4938	7815
8271	2488
8801	2805
5434	3028
2335	7935
4780	1395
9027	4432
143	4283
6503	500
4179	4447
5249	2600
1628	1379
8551	397
8287	563
4250	8470
157	3351
8675	6280
9949	2767
9339	6404
8822	7562
2259	4239
2954	6920
7545	7065
4014	6961
5460	5683
533	6639
2339	608
6393	2179
3914	6914
4574	9102
8477	2981
3001	6020
1755	9704
5950	8420
370	6726
6427	320
4360	4828
4367	6675
9160	2910
6392	6825
5017	4677
1402	8523
5966	4978
7460	1094
785	9672
6643	5463
666	3342
3994	618
4603	7425
9658	8080
372	9854
9648	3625
5887	3540
5795	9975
4653	7129
3874	6162
6171	2633
5	2851
1311	9744
2378	7379
843	5855
2264	6096
9866	2493
7813	6006
8234	9241
7181	518
7359	9219
648	8076
8664	474
9866	3069
4967	7244
3822	5552
1040	9324
5210	9713
9969	23
9154	4793
294	99
647	4630
7210	412
7699	5688
1501	2042
8545	8581
9835	8923
3857	9092
5594	4753
6247	8844
9011	7840
3777	5637
1878	6366
2493	7497
8510	6824
667	9421
838	3119
5215	4582
4776	6939
7618	882
9224	7776
5598	5316
1737	1462
8714	1225
4320	2924
2040	1903
5304	9752
3118	2769
9743	3633
9595	1952
5525	130
5151	1860
8455	2457
7434	7725
8868	7511
1077	8504
8163	1358
8574	9377
8228	8476
7220	183
7726	8757
2134	8458
7380	8800
9536	3124
1088	1952
6426	9649
8154	8924
2782	6020
8580	938
8713	8296
6142	1359
8947	8142
3279	3969
2269	7914
8465	7934
1436	5712
515	5445
1272	7238
6479	1532
7124	4211
9979	3427
5025	2502
8860	3447
1840	3852
9359	3105
9066	9130
4368	9809
2105	7082
4564	2919
1268	66
7321	1082
860	5639
1309	2939
1417	7160
9854	9375
8055	5938
442	9992
6674	5834
353	8997
1469	5450
4703	5833
8821	8918
8332	3911
6069	1778
1436	6574
3980	9093
6565	1489
4493	475
2444	1619
3653	3997
5284	8494
8276	7872
733	985
658	6592
5015	9777
7316	7463
8099	2881
2380	6966
7345	7036
42	2890
528	1126
4175	4913
4234	4480
9103	7694
2924	5685
3048	5883
8772	9910
3432	1662
7063	9948
56	9597
3880	2483
9871	6254
5512	8505
8421	227
3036	3579
4529	4405
1132	8816
5649	479
6856	941
3090	2293
7162	1151
9611	5466
4467	9091
55	4170
2801	5176
7222	7603
3197	6022
478	4400
6104	7585
310	4483
2353	5795
4591	2493
7527	9444
782	6502
3447	1978
1988	2547
9208	3708
7043	8986
3274	8687
3514	5632
4655	3196
3280	8098
1223	9535
9263	5051
2174	3286
102	7943
8790	1033
9554	2436
6577	429
5321	9010
3860	8323
3809	2756
921	4026
4119	1788
2861	9646
1999	8701
7156	9425
596	5748
6696	1578
1777	1090
6067	2264
4766	7640
3686	9555
2708	5365
4763	7695
5985	340
4632	5739
1363	2712
8334	6423
2522	9914
3544	3427
7288	1075
3379	7389
3974	291
5333	3575
5265	5300
1231	1599
4725	9736
9337	5977
655	3206
5143	6537
3536	8529
8992	2432
198	6606
7868	2479
3939	2902
3865	9916
6345	917
532	7229
8889	9608
5429	8629
7427	1841
4060	8120
9789	6060
564	6901
2066	8024
9250	4093
649	2537
1692	9761
4237	774
6973	4933
7402	9641
644	8746
8249	6896
