500	254122
3023	903
290	2972
4173	2377
4961	6347
922	7604
3853	4566
7009	2559
3027	3693
8419	9446
2143	7735
2303	1924
5771	3176
8881	1882
1629	5698
3327	698
8458	3607
2372	5826
7883	8453
1415	9064
9350	4572
3467	9723
4625	619
2460	1075
9378	5789
8229	1714
2484	3314
5396	239
8616	1884
6957	9416
2105	2336
2618	2632
2183	3287
9556	2897
4697	8433
3543	3810
1294	5832
140	2446
2877	6681
8414	8868
2183	2570
6889	1640
9404	7368
3497	2830
5724	7162
8158	8525
1678	7460
6961	3965
6193	7152
8239	2089
1014	4696
6747	4721
9536	6673
7775	9972
1622	631
7543	6078
6050	10
1649	1226
4653	8929
4713	5036
9925	4199
9618	6614
6563	5538
2306	904
3788	7982
4458	8899
9644	6337
3523	5658
6099	8470
7850	5747
4874	4589
4883	6992
8238	3315
3660	3581
4503	204
598	9529
2021	5798
9727	7168
2430	6220
674	9540
4354	5233
1330	6669
246	6185
1955	4881
2839	8519
2575	1093
9816	2315
4960	9852
4711	131
901	4796
9952	9598
531	7237
1599	1303
3459	6062
7059	2278
719	5429
5979	6594
1753	1314
2962	3859
4259	9436
8835	1606
7394	1905
3629	124
5710	5989
7100	4330
3068	9825
8265	8961
1851	1900
1091	6614
8934	8441
5382	6723
8096	5715
3015	6671
9177	524
3797	3071
3329	7479
6912	338
8468	422
3865	4299
2850	320
7478	8154
3774	1882
6679	2259
2879	4487
8497	8409
144	2396
3679	6478
9275	729
5555	8801
9369	4670
3925	9880
9120	4958
8916	5465
2588	7677
9472	5980
6969	9157
2882	9536
5512	7358
3213	2840
4144	8191
2063	4292
8846	4812
5753	4953
1980	5019
1272	7586
7245	7833
3457	8784
8201	8809
723	1166
1915	634
7810	8293
7029	2485
9559	8941
1475	9200
5467	8223
3374	1772
4283	5177
6534	79
8553	8841
4121	4496
6122	8886
3046	7221
4361	6354
6046	7152
3967	3812
4078	1280
2507	2571
5380	9406
8903	4790
362	8751
5948	4021
3131	1096
9503	8934
1712	1022
6241	2639
6488	8041
4927	9737
6716	1664
5574	1479
279	6409
2770	2523
8390	7810
2327	4679
3135	722
2868	9997
7827	8216
6507	8896
1013	3225
6468	7578
5228	5530
6814	5737
4825	7593
9757	8885
3012	7968
9158	8221
9352	1831
5418	9484
513	8841
7276	4355
3056	7611
6647	4419
8647	9553
2341	6930
3969	7976
2563	8748
2033	7121
7873	6617
2076	1610
1758	4909
5435	7696
3060	5670
8559	8018
1396	5216
8294	2071
5891	7349
2678	6356
8621	1158
4566	4761
7248	6129
8539	2422
260	1884
2867	4265
3937	8326
8748	2099
7109	9151
6848	5767
981	9473
2755	4433
1627	2983
8077	3367
6972	9461
8191	3886
9706	1439
4960	9872
5942	6949
1724	7750
4287	1077
3950	169
6012	5146
7899	7634
2466	9870
1982	1722
1825	8650
8024	1282
1154	9623
69	9792
4810	1581
6913	6245
6849	4892
4461	7200
3813	4533
6764	9038
3336	7245
4547	3543
8824	6612
2565	2865
8751	8901
8744	7419
8601	7977
8941	3657
3281	5512
9070	7530
3785	8802
5726	4385
4534	6411
9810	671
7157	2403
6603	2297
4680	9396
3771	3998
9882	5962
1923	7698
320	9507
7679	785
7264	4238
5157	9097
2085	8603
7919	4625
2869	4249
3441	1090
9557	5981
6240	1454
9973	794
2527	1140
1709	2566
1657	4166
2980	8470
5976	1249
9178	2522
6524	8165
173	6917
7806	1050
3229	5192
7475	3975
5888	6352
8131	2235
9819	3568
5537	1455
7872	6875
6122	8634
4010	7114
5078	5475
265	9842
161	9072
9728	2338
4694	5645
9820	5048
9534	9653
54	363
8539	4383
9197	513
43	4162
134	2390
8625	518
662	6556
8543	3352
7896	6910
6300	1345
9170	8834
5021	1085
3340	6090
1198	3691
5936	2320
6704	8929
6563	5283
626	1521
3579	7032
25	1446
6884	666
1121	6579
6924	9759
7146	3596
4289	9574
4312	725
9013	998
1784	6833
5291	6539
3304	213
5547	8232
2267	1649
5654	3624
656	5670
1586	2216
1109	5935
9712	6291
4709	7214
7065	4858
2746	8662
6116	4323
2507	4838
4371	3803
5584	4406
6226	833
2055	1848
4130	7244
1436	8492
68	4475
866	197
7964	4249
2025	6970
1185	4137
8419	3535
6851	5094
7254	2378
5137	1790
5112	421
1637	5343
2576	7678
2348	5824
2789	9573
7174	3769
7303	1126
5589	7731
299	7936
696	8506
3380	8478
121	4789
7818	5802
3389	5104
4683	1663
3499	9126
373	4746
7686	2085
2257	4777
2050	5067
7132	4370
8242	1580
5920	2723
9928	607
6263	2785
1226	1643
729	2859
3821	793
3376	9181
9899	4175
3522	2861
1037	9501
5904	7331
3169	7622
2896	557
3018	5377
4590	1167
8014	4321
3595	6770
9194	2096
4783	769
1775	3667
7304	511
5396	4883
7948	9612
1524	2022
3567	8901
9009	4973
3174	5102
7389	2729
2502	3542
6981	1817
2143	1459
6414	9225
7205	899
288	6166
7428	4083
2523	6537
6409	745
7517	7715
3151	8892
9126	5567
1547	9784
2269	5071
573	8284
6002	4424
7555	2316
3956	7384
3312	5155
5792	7265
8619	6546
7739	1471
2328	7650
2691	2902
2684	2927
1154	9845
5575	3317
4484	4672
1407	12
8469	4955
222	224
828	4847
5287	9013
6618	4851
5416	7623
5273	7239
1242	5452
7473	4374
4389	4319
1962	5324
1811	7738
8667	1823
2047	4475
4413	4644
7368	4908
2106	8723
676	6090
4238	6947
3886	3769
6835	2912
2710	4014
4997	8110
143	6187
394	1867
5810	8382
7547	5948
582	3410
8256	8210
7504	9242
544	5605
7186	6194
6430	4301
4512	3853
8280	4695
7180	1099
9531	2715
7963	5253
9567	5495
8664	8021
7285	4273
8610	7217
9718	1936
6365	8810
5765	3328
2276	3624
234	8226
3518	1955
9455	9540
7508	319
7122	490
3592	7308
4029	856
3274	7124
5044	1694
2199	6737
4811	2532
