500	1923842
977	3426
3013	4233
2065	8208
2058	3549
4467	5969
8841	6538
7279	5234
9211	3947
8268	8187
5903	1751
1874	4729
7984	4381
5131	3470
8053	5422
1807	6292
4110	6864
5496	6818
1306	9364
1928	2753
5984	6824
6705	4913
985	1196
6936	169
1041	5603
8373	2689
7513	6565
4095	1321
661	8424
64	2570
4248	5390
3038	2702
5127	3992
6512	5434
3886	9056
8315	669
3632	6721
783	9318
174	6063
2859	3836
3385	933
8171	3532
8221	6341
1370	4451
3090	8412
9310	3031
2711	1475
7415	5526
2664	3216
9473	2124
7449	1208
8796	8501
7205	9068
4660	3689
2574	355
6199	1729
8929	7076
7176	2181
2108	3364
811	1459
8234	5138
2780	1435
4611	2048
8641	3761
3931	5101
2464	1
9894	1114
2133	4559
8576	175
3408	7956
4618	9045
4714	8454
2202	5311
687	7615
5709	6884
5972	6754
8919	9274
797	7172
8438	4597
6351	7257
4596	5160
7111	6197
9000	2132
8525	2913
7071	9226
637	7578
5121	276
2435	113
9557	3174
2363	3448
3301	5533
766	7120
8206	4436
2224	2656
20	3774
876	6856
384	4038
7024	5290
4096	1097
4543	1112
9886	3023
5293	3043
6471	1023
3713	6271
6791	7519
1515	6342
408	9179
3291	1631
2728	705
7152	6607
5793	1718
7157	9567
1852	8174
5034	2935
249	7140
3317	5935
5921	6484
7958	9926
7854	8066
9953	5302
6560	8297
2625	5134
1228	9232
2348	4341
6478	7439
6632	7753
2759	4001
9573	4675
8948	765
9635	5437
8317	911
2221	4968
2756	3977
3775	955
5120	7182
3014	8331
234	4475
4980	6482
1905	6983
4596	7731
6452	424
8901	2687
440	9200
7145	6466
3642	9585
7315	8460
6353	7747
3758	5273
7894	8767
9925	7108
2923	1190
8895	447
4199	3951
8455	8897
351	9430
5296	7501
3668	5608
6258	1722
1019	3173
2602	5856
6209	1024
4093	5650
9067	8119
9222	2236
8544	7955
3737	1835
3894	300
2516	7953
808	3057
5304	4796
512	7348
851	2026
6450	398
4825	7556
3045	2430
7818	3082
3815	5768
7694	3927
2569	6775
7534	492
1746	3483
1107	2728
4280	2391
3089	1006
2234	6082
9339	7147
8735	7890
8266	866
3636	6905
9346	7593
1460	8606
627	9512
255	4832
2249	1053
1518	7772
895	2381
6530	2972
5845	627
418	5420
2414	2237
4082	5050
6177	671
8326	8960
24	7557
4443	9937
926	9718
8260	7295
4935	2917
2491	4662
3080	2338
5858	2595
2776	1693
7401	1063
9018	4787
8158	6049
1686	5115
2725	1547
9098	4563
5126	7590
9879	6790
3347	9179
3019	6886
8075	741
3575	7788
7102	2586
4082	8018
8598	9895
6844	4313
5625	6310
7556	5630
2048	5153
98	5930
6864	5969
9272	2554
5071	6428
1834	9832
4067	5183
1125	1912
573	7356
3197	8886
8735	9506
9848	7524
6520	3885
7870	6202
8899	5437
9982	8435
9851	1766
8743	487
1355	7364
4223	4460
1071	1269
6497	9641
1718	5389
3985	9104
6305	8705
10	3790
3436	5904
2519	1474
8117	5890
1826	9647
7753	9736
1918	6544
3401	4864
254	4578
160	4147
2469	6469
6841	8460
5233	9866
4695	7542
2150	7046
5690	5923
9378	5483
5801	4193
6319	734
8535	8228
2238	1265
372	1043
5898	1120
7737	7677
6483	6296
8360	9792
224	7939
9910	6834
7445	8869
7340	5960
4825	5810
847	4097
6028	6045
8007	8345
3397	2616
1874	7734
3782	6158
596	2692
9214	292
6809	3221
1697	35
7222	9072
356	3145
2481	5853
434	6061
3197	2228
4934	4207
7277	7159
7766	6937
5088	4184
3068	4974
748	3576
6440	2075
9722	5540
9658	570
9516	6902
1295	7660
1131	7843
8248	8796
2408	9350
1228	7765
7615	7932
2172	1074
1092	1223
3379	7402
3161	4296
3135	3824
8025	4885
9102	5077
4546	5501
664	2348
1382	4301
6291	1045
6665	9242
925	6821
5097	2821
8836	2112
8801	8838
2085	3132
9079	711
9957	9313
6989	3504
4155	3076
7180	4823
6903	7368
989	8319
8164	5152
8034	6285
5339	4118
1840	7301
8936	3788
730	4762
8648	5413
4893	1395
961	9399
6108	4534
4252	3288
3732	5004
1219	7332
1617	3870
3046	3300
1693	6552
1146	7613
7637	4885
5466	2524
1224	2238
9357	9066
7415	3718
6811	6279
6662	5718
6377	4886
997	580
2002	7383
7350	7488
5044	8714
1233	5940
1978	9047
4738	6758
1767	4524
6671	5827
7412	7444
8575	9827
4687	6032
9528	1139
8028	2175
1244	6238
8045	8835
9565	7278
8854	2796
7678	6164
5796	8655
5944	9415
7909	9898
4755	2942
1014	7591
4675	8094
5548	6549
3489	8649
4051	8112
7774	3939
222	4965
5390	3907
8490	6512
7122	4799
5145	4258
3801	8622
4304	3366
828	8331
3896	2708
9205	1868
2387	7331
460	5991
8395	8317
8476	1149
2296	9016
9378	7252
2964	6327
2764	3304
1021	9832
6997	2675
4276	3410
4974	2197
8099	9581
5838	7690
6694	7102
4458	9127
6433	505
3480	4378
7124	13
2001	453
8797	2388
3219	3249
5283	6693
5677	731
2191	4063
5159	659
606	6108
1916	7024
3062	2108
2745	7727
1909	8222
3973	572
4484	1992
7411	1497
3445	525
9829	4920
4661	3178
7065	4127
8175	8755
2427	9019
146	5578
2625	3852
5333	5948
8658	7365
3073	3588
1586	3988
3122	6751
411	2449
3745	3607
9164	82
2620	5092
3538	4961
8125	4752
390	1586
6883	6807
6578	8634
2504	6071
1642	1034
2760	1648
6431	7197
3138	8761
3923	4804
6284	8320
692	3047
6622	8238
4329	4477
9640	8091
4199	4204
5521	7112
1136	3058
6338	5409
7311	1719
3261	520
7269	8930
168	7388
4177	5855
625	9104
6020	1454
3248	4689
6229	3435
682	9963
6255	9624
907	2684
2113	9082
8088	1889
6262	6695
1311	1316
6974	2737
3407	4434
7094	1830
7745	3687
1756	649
6623	6183
1603	7032
932	1721
7735	7711
