500	609804
1589	1589
4414	4414
1258	1258
3134	3134
5272	5272
8110	8110
4479	4479
7545	7545
4662	4662
8920	8920
6305	6305
4028	4028
9740	9740
9479	9479
181	181
534	534
5540	5540
5718	5718
4838	4838
6870	6870
5603	5603
8581	8581
2479	2479
9851	9851
5108	5108
4893	4893
8382	8382
4808	4808
2268	2268
2275	2275
26	26
472	472
6032	6032
4193	4193
4081	4081
4235	4235
822	822
2993	2993
4174	4174
2003	2003
8062	8062
3750	3750
6360	6360
5569	5569
2230	2230
4431	4431
4561	4561
2111	2111
8989	8989
7393	7393
471	471
88	88
8893	8893
8753	8753
9339	9339
9145	9145
9822	9822
4780	4780
6599	6599
5991	5991
9430	9430
3258	3258
9066	9066
4783	4783
5865	5865
8250	8250
8499	8499
3071	3071
9468	9468
6629	6629
7516	7516
8365	8365
1744	1744
580	580
3544	3544
8683	8683
3660	3660
5018	5018
1926	1926
1090	1090
1733	1733
6283	6283
5178	5178
9771	9771
1342	1342
600	600
8197	8197
8741	8741
3309	3309
2321	2321
7305	7305
3466	3466
2144	2144
611	611
3362	3362
9261	9261
849	849
6538	6538
1688	1688
1437	1437
2673	2673
9818	9818
4250	4250
7226	7226
606	606
3130	3130
8607	8607
1208	1208
1274	1274
3921	3921
7505	7505
8648	8648
3883	3883
4649	4649
4164	4164
6902	6902
8332	8332
5198	5198
2546	2546
3387	3387
8273	8273
451	451
1911	1911
8534	8534
5189	5189
2631	2631
5731	5731
28	28
9600	9600
3877	3877
4271	4271
2010	2010
7641	7641
882	882
3683	3683
8225	8225
7847	7847
1088	1088
7052	7052
6587	6587
3154	3154
4673	4673
6563	6563
4029	4029
4564	4564
5015	5015
5610	5610
2524	2524
5528	5528
9392	9392
7700	7700
2785	2785
3673	3673
2801	2801
9798	9798
1610	1610
5853	5853
1304	1304
9705	9705
3956	3956
6419	6419
7094	7094
685	685
92	92
2778	2778
2929	2929
9407	9407
1903	1903
3502	3502
9920	9920
6124	6124
362	362
237	237
4508	4508
9194	9194
3939	3939
352	352
9651	9651
9583	9583
4889	4889
5399	5399
9035	9035
3828	3828
1989	1989
6613	6613
1354	1354
2882	2882
8564	8564
4637	4637
3940	3940
859	859
6372	6372
7897	7897
273	273
9062	9062
1793	1793
7231	7231
4812	4812
3796	3796
3747	3747
7496	7496
4932	4932
8828	8828
9331	9331
9754	9754
3367	3367
8538	8538
8756	8756
8625	8625
3950	3950
3184	3184
1639	1639
5428	5428
2352	2352
128	128
3065	3065
5398	5398
1596	1596
9755	9755
4271	4271
8189	8189
7144	7144
9254	9254
615	615
4507	4507
3896	3896
1519	1519
5368	5368
2355	2355
3899	3899
8795	8795
6196	6196
5168	5168
1512	1512
400	400
5263	5263
7960	7960
2205	2205
1307	1307
551	551
8330	8330
4222	4222
487	487
5216	5216
9476	9476
9862	9862
9600	9600
3768	3768
1507	1507
2113	2113
3175	3175
3317	3317
3509	3509
6290	6290
6260	6260
6959	6959
2359	2359
5963	5963
5762	5762
5094	5094
289	289
6432	6432
2343	2343
7299	7299
7302	7302
6481	6481
1581	1581
2193	2193
9383	9383
1478	1478
4550	4550
3448	3448
7413	7413
1715	1715
8292	8292
1432	1432
4058	4058
3646	3646
8225	8225
1295	1295
3023	3023
2361	2361
9006	9006
1681	1681
9613	9613
4753	4753
8632	8632
4900	4900
4738	4738
9598	9598
4803	4803
1606	1606
201	201
9261	9261
4499	4499
2189	2189
1206	1206
505	505
4166	4166
4823	4823
4054	4054
2553	2553
9700	9700
4236	4236
3466	3466
7883	7883
704	704
6117	6117
443	443
1119	1119
9179	9179
6094	6094
86	86
2298	2298
3137	3137
7387	7387
5829	5829
6676	6676
8756	8756
673	673
9257	9257
3102	3102
7513	7513
9009	9009
6498	6498
8698	8698
2728	2728
8307	8307
7049	7049
3132	3132
5816	5816
1961	1961
95	95
9097	9097
8196	8196
626	626
4926	4926
6216	6216
8176	8176
3541	3541
4646	4646
4385	4385
663	663
4206	4206
2611	2611
7933	7933
6863	6863
5313	5313
5925	5925
8051	8051
5071	5071
281	281
2363	2363
8643	8643
9710	9710
2566	2566
7639	7639
8207	8207
3481	3481
8439	8439
671	671
5657	5657
734	734
5407	5407
590	590
2655	2655
4235	4235
2539	2539
7768	7768
1128	1128
7251	7251
1559	1559
3863	3863
3589	3589
5308	5308
1239	1239
4849	4849
7230	7230
5121	5121
7848	7848
1758	1758
6682	6682
1235	1235
6472	6472
8971	8971
4617	4617
5587	5587
658	658
8484	8484
4892	4892
2782	2782
2502	2502
2142	2142
3210	3210
4222	4222
8072	8072
5807	5807
7070	7070
1774	1774
1430	1430
6513	6513
8041	8041
5262	5262
4844	4844
773	773
4467	4467
5382	5382
8974	8974
6974	6974
491	491
3750	3750
7978	7978
9862	9862
1884	1884
6324	6324
2647	2647
3405	3405
3159	3159
1412	1412
159	159
7106	7106
9521	9521
2831	2831
6766	6766
1789	1789
5587	5587
7266	7266
1078	1078
4803	4803
7133	7133
2862	2862
8674	8674
6734	6734
5706	5706
2587	2587
8235	8235
8051	8051
4543	4543
2794	2794
5944	5944
4042	4042
9305	9305
7700	7700
8607	8607
3824	3824
4665	4665
4078	4078
7519	7519
843	843
6358	6358
4925	4925
2360	2360
6802	6802
5667	5667
8466	8466
4262	4262
3828	3828
1756	1756
1549	1549
2869	2869
4972	4972
6537	6537
3174	3174
4623	4623
5503	5503
4361	4361
2364	2364
9035	9035
1668	1668
3303	3303
853	853
4838	4838
7410	7410
7309	7309
3135	3135
3330	3330
1358	1358
9575	9575
1066	1066
8927	8927
7868	7868
5201	5201
8718	8718
7447	7447
6096	6096
2588	2588
4127	4127
4718	4718
5026	5026
2769	2769
1225	1225
7748	7748
8500	8500
9651	9651
8673	8673
1724	1724
158	158
8068	8068
4653	4653
921	921
