500	636572
9255	9255
3036	3036
9616	9616
5849	5849
6907	6907
4634	4634
3363	3363
6187	6187
4681	4681
653	653
7388	7388
2073	2073
4083	4083
1199	1199
7216	7216
25	25
700	700
2102	2102
2946	2946
2214	2214
6933	6933
6545	6545
8692	8692
8681	8681
2488	2488
1988	1988
9359	9359
8771	8771
1878	1878
8748	8748
3202	3202
6236	6236
9222	9222
7547	7547
1706	1706
3743	3743
8355	8355
1239	1239
7341	7341
4141	4141
2832	2832
6689	6689
8647	8647
5175	5175
6781	6781
6398	6398
9269	9269
8027	8027
4564	4564
7394	7394
4595	4595
7878	7878
1011	1011
9356	9356
35	35
8017	8017
1772	1772
3918	3918
8422	8422
6932	6932
9951	9951
4339	4339
558	558
6587	6587
8901	8901
6674	6674
6681	6681
3039	3039
3873	3873
2933	2933
4250	4250
5716	5716
7050	7050
8963	8963
353	353
8699	8699
7208	7208
5561	5561
6680	6680
503	503
8397	8397
9638	9638
9412	9412
8827	8827
8785	8785
7936	7936
7546	7546
244	244
6632	6632
5000	5000
1181	1181
1259	1259
5054	5054
8860	8860
2056	2056
4696	4696
2273	2273
3617	3617
7649	7649
5503	5503
9054	9054
4018	4018
1998	1998
7273	7273
5743	5743
6474	6474
1505	1505
5258	5258
5995	5995
9062	9062
3120	3120
6912	6912
3957	3957
6475	6475
8408	8408
5911	5911
63	63
839	839
8575	8575
6299	6299
3228	3228
4507	4507
2741	2741
3944	3944
7159	7159
1609	1609
8005	8005
2083	2083
3322	3322
5753	5753
9946	9946
8977	8977
8008	8008
5950	5950
9071	9071
6470	6470
5080	5080
8013	8013
6075	6075
9560	9560
1539	1539
1300	1300
7833	7833
6048	6048
4427	4427
3313	3313
6806	6806
259	259
3208	3208
7066	7066
7470	7470
6362	6362
7966	7966
9442	9442
6106	6106
2938	2938
6573	6573
8896	8896
5209	5209
7453	7453
5442	5442
2485	2485
4222	4222
9651	9651
5499	5499
5253	5253
3586	3586
6134	6134
7330	7330
4899	4899
7917	7917
5075	5075
4589	4589
9592	9592
1636	1636
9425	9425
6569	6569
7977	7977
6552	6552
7244	7244
1736	1736
8824	8824
9812	9812
2432	2432
394	394
6069	6069
4160	4160
4371	4371
5745	5745
7330	7330
7015	7015
9411	9411
6680	6680
5504	5504
2719	2719
5310	5310
3362	3362
4885	4885
689	689
5127	5127
1697	1697
880	880
3447	3447
8078	8078
1432	1432
6507	6507
4397	4397
8984	8984
8307	8307
6514	6514
2568	2568
6768	6768
2929	2929
1588	1588
4214	4214
1929	1929
1540	1540
3323	3323
6899	6899
4805	4805
8712	8712
275	275
2739	2739
358	358
2753	2753
8120	8120
3254	3254
7274	7274
8468	8468
305	305
816	816
2486	2486
2014	2014
6517	6517
4005	4005
4946	4946
4783	4783
9658	9658
7610	7610
2717	2717
5891	5891
1673	1673
6025	6025
1740	1740
1964	1964
343	343
6819	6819
6343	6343
4568	4568
6251	6251
6020	6020
6017	6017
5827	5827
4980	4980
7288	7288
4379	4379
1404	1404
1721	1721
2339	2339
6317	6317
3518	3518
9584	9584
4996	4996
1587	1587
8107	8107
8939	8939
1972	1972
5377	5377
3043	3043
9264	9264
4142	4142
9486	9486
3832	3832
5799	5799
5948	5948
4396	4396
2492	2492
7747	7747
5756	5756
7322	7322
3497	3497
586	586
3508	3508
8539	8539
3157	3157
8926	8926
9770	9770
9045	9045
4150	4150
1113	1113
9953	9953
1421	1421
2218	2218
5686	5686
2688	2688
6159	6159
123	123
4508	4508
6400	6400
6327	6327
5025	5025
1891	1891
3963	3963
5367	5367
1144	1144
891	891
323	323
8862	8862
3036	3036
3352	3352
9596	9596
2028	2028
72	72
5966	5966
9401	9401
85	85
1622	1622
4864	4864
9174	9174
8760	8760
8040	8040
8016	8016
4350	4350
6919	6919
6893	6893
6408	6408
1851	1851
3234	3234
5223	5223
64	64
8760	8760
1989	1989
2414	2414
2763	2763
8318	8318
3275	3275
1282	1282
2822	2822
9401	9401
3683	3683
547	547
5215	5215
2815	2815
7989	7989
4268	4268
8702	8702
2353	2353
8573	8573
7895	7895
2516	2516
3820	3820
6197	6197
2444	2444
7206	7206
3666	3666
5167	5167
2756	2756
5654	5654
2033	2033
946	946
380	380
4428	4428
7628	7628
8849	8849
8381	8381
2049	2049
6693	6693
4407	4407
7969	7969
994	994
2181	2181
6660	6660
8267	8267
4049	4049
7519	7519
9395	9395
8304	8304
3915	3915
8726	8726
8165	8165
2638	2638
7496	7496
7789	7789
2397	2397
266	266
580	580
4951	4951
770	770
1810	1810
8154	8154
4424	4424
923	923
1845	1845
1970	1970
8601	8601
3856	3856
5393	5393
679	679
7049	7049
2092	2092
8001	8001
7000	7000
1168	1168
2105	2105
2654	2654
3565	3565
7421	7421
3853	3853
6475	6475
7764	7764
1855	1855
7297	7297
5908	5908
9348	9348
9551	9551
9785	9785
3923	3923
4231	4231
8060	8060
4009	4009
1628	1628
7835	7835
928	928
8921	8921
9744	9744
4622	4622
3730	3730
7333	7333
8710	8710
5858	5858
155	155
3832	3832
6708	6708
8982	8982
9294	9294
3719	3719
5026	5026
6741	6741
1277	1277
5237	5237
8077	8077
2423	2423
8981	8981
6312	6312
9240	9240
8741	8741
3198	3198
2884	2884
4272	4272
5245	5245
1192	1192
9705	9705
4083	4083
7743	7743
2897	2897
7858	7858
6718	6718
5618	5618
2286	2286
3690	3690
3863	3863
8660	8660
6244	6244
3205	3205
797	797
2836	2836
7417	7417
5755	5755
2142	2142
8536	8536
2668	2668
966	966
2714	2714
1472	1472
8007	8007
5311	5311
4066	4066
7949	7949
5824	5824
7496	7496
3507	3507
1127	1127
6167	6167
6544	6544
2539	2539
4319	4319
5807	5807
1025	1025
282	282
4335	4335
6070	6070
1530	1530
1528	1528
3010	3010
1530	1530
2176	2176
9562	9562
5259	5259
606	606
8842	8842
