500	1913434
7828	7828
4189	4189
6101	6101
3081	3081
3911	3911
5304	5304
837	837
8882	8882
9225	9225
4874	4874
4783	4783
9269	9269
5497	5497
751	751
8310	8310
9125	9125
5004	5004
5469	5469
9130	9130
9400	9400
5852	5852
5566	5566
5280	5280
1635	1635
8913	8913
1173	1173
5432	5432
9822	9822
6912	6912
8593	8593
491	491
1868	1868
2469	2469
2941	2941
4799	4799
7404	7404
8479	8479
3387	3387
3106	3106
9965	9965
107	107
5955	5955
5874	5874
5366	5366
9170	9170
9486	9486
3941	3941
927	927
8290	8290
1871	1871
393	393
2108	2108
899	899
9054	9054
9253	9253
8752	8752
6805	6805
8921	8921
3354	3354
4247	4247
2670	2670
8785	8785
6506	6506
4617	4617
1671	1671
6135	6135
526	526
6783	6783
3158	3158
5226	5226
9818	9818
8948	8948
9037	9037
6677	6677
3996	3996
2634	2634
450	450
329	329
6780	6780
1056	1056
5116	5116
1876	1876
1068	1068
4987	4987
1756	1756
9729	9729
6208	6208
8116	8116
8711	8711
2784	2784
2356	2356
1652	1652
4978	4978
8006	8006
6542	6542
1084	1084
6769	6769
4858	4858
6242	6242
6112	6112
7212	7212
549	549
913	913
151	151
377	377
4503	4503
4774	4774
7497	7497
941	941
5438	5438
3328	3328
2137	2137
8164	8164
5574	5574
8193	8193
1991	1991
914	914
2340	2340
7336	7336
5655	5655
8946	8946
8031	8031
3934	3934
3650	3650
2601	2601
7787	7787
2474	2474
3111	3111
9453	9453
9854	9854
5753	5753
6240	6240
4817	4817
9306	9306
9796	9796
5622	5622
7299	7299
8942	8942
4057	4057
9124	9124
5304	5304
2985	2985
2497	2497
1840	1840
8173	8173
8489	8489
4363	4363
9292	9292
8383	8383
4852	4852
9805	9805
9692	9692
7204	7204
5015	5015
1974	1974
755	755
7247	7247
5751	5751
4409	4409
4680	4680
5844	5844
5983	5983
7248	7248
1846	1846
2704	2704
5134	5134
6822	6822
767	767
7451	7451
9633	9633
8704	8704
7999	7999
9788	9788
1659	1659
5871	5871
9852	9852
3419	3419
7498	7498
7221	7221
2565	2565
1159	1159
2627	2627
4814	4814
2408	2408
8410	8410
1926	1926
8637	8637
7896	7896
3488	3488
9812	9812
6441	6441
5644	5644
915	915
4279	4279
4507	4507
4373	4373
7967	7967
1216	1216
7839	7839
6882	6882
5488	5488
9298	9298
4933	4933
6645	6645
7521	7521
2405	2405
2846	2846
10	10
5876	5876
1863	1863
2522	2522
4860	4860
8038	8038
4602	4602
1053	1053
5772	5772
2924	2924
6563	6563
781	781
1955	1955
7219	7219
1297	1297
1757	1757
3572	3572
6986	6986
9350	9350
3283	3283
8313	8313
2278	2278
3286	3286
9583	9583
181	181
616	616
446	446
227	227
9376	9376
510	510
1890	1890
3773	3773
3860	3860
7982	7982
806	806
8259	8259
4293	4293
6822	6822
3952	3952
8404	8404
3331	3331
6160	6160
101	101
1290	1290
6786	6786
6113	6113
4273	4273
1648	1648
7461	7461
881	881
9978	9978
5156	5156
838	838
3712	3712
7268	7268
5456	5456
5870	5870
1517	1517
7531	7531
5287	5287
8618	8618
1737	1737
1862	1862
8923	8923
1400	1400
5004	5004
5531	5531
1776	1776
8349	8349
2171	2171
4739	4739
4371	4371
4216	4216
6162	6162
3925	3925
3152	3152
8017	8017
8692	8692
9905	9905
1854	1854
5229	5229
5397	5397
1225	1225
6764	6764
4554	4554
6849	6849
6182	6182
1303	1303
2035	2035
9448	9448
5753	5753
3760	3760
1851	1851
2770	2770
6070	6070
7386	7386
4957	4957
7260	7260
8928	8928
9571	9571
8378	8378
6897	6897
6244	6244
799	799
9279	9279
7357	7357
119	119
8188	8188
7376	7376
1136	1136
9602	9602
8488	8488
9393	9393
4417	4417
6577	6577
4300	4300
1001	1001
324	324
5333	5333
8841	8841
5471	5471
9389	9389
3205	3205
5898	5898
9318	9318
7534	7534
175	175
9858	9858
2463	2463
6105	6105
4112	4112
7999	7999
5865	5865
9855	9855
7538	7538
4060	4060
7877	7877
7910	7910
2345	2345
2114	2114
6543	6543
716	716
6794	6794
4845	4845
4705	4705
8207	8207
2454	2454
6866	6866
7975	7975
4031	4031
983	983
9959	9959
1486	1486
8772	8772
206	206
3545	3545
5566	5566
9744	9744
5096	5096
1736	1736
2757	2757
3889	3889
1721	1721
292	292
6484	6484
350	350
9238	9238
7985	7985
1478	1478
8447	8447
9528	9528
8412	8412
5987	5987
4779	4779
3137	3137
4760	4760
9760	9760
944	944
7352	7352
907	907
4821	4821
3746	3746
7140	7140
9519	9519
3871	3871
512	512
6156	6156
1868	1868
9467	9467
4287	4287
6557	6557
8858	8858
6378	6378
4341	4341
8166	8166
602	602
7789	7789
4466	4466
3410	3410
8935	8935
5787	5787
3101	3101
516	516
4320	4320
5654	5654
5930	5930
4005	4005
1081	1081
4105	4105
7339	7339
2648	2648
5310	5310
9529	9529
5200	5200
7211	7211
187	187
1231	1231
2732	2732
8618	8618
9474	9474
9859	9859
1645	1645
9541	9541
1809	1809
1382	1382
2766	2766
702	702
4909	4909
3795	3795
4228	4228
7085	7085
4344	4344
2754	2754
7897	7897
4732	4732
1809	1809
680	680
1651	1651
9688	9688
1479	1479
7259	7259
7045	7045
7916	7916
4599	4599
7882	7882
4423	4423
209	209
4860	4860
8948	8948
801	801
5910	5910
8426	8426
6024	6024
9943	9943
1566	1566
3520	3520
7536	7536
7514	7514
8734	8734
9340	9340
3433	3433
358	358
334	334
9970	9970
2865	2865
3324	3324
546	546
4510	4510
470	470
6999	6999
8678	8678
907	907
4664	4664
2227	2227
3302	3302
3655	3655
7234	7234
6553	6553
5635	5635
5674	5674
2254	2254
4774	4774
8192	8192
5670	5670
2882	2882
3038	3038
369	369
8314	8314
4941	4941
5854	5854
3617	3617
7350	7350
3047	3047
