500	2254348
262	262
39	39
4291	4291
9160	9160
1490	1490
4938	4938
2122	2122
1024	1024
1781	1781
1799	1799
1685	1685
363	363
4338	4338
2308	2308
2647	2647
3865	3865
7050	7050
6202	6202
1037	1037
9053	9053
6364	6364
5792	5792
6405	6405
889	889
2734	2734
4702	4702
3453	3453
2457	2457
6994	6994
5098	5098
6091	6091
9345	9345
9053	9053
8501	8501
3657	3657
5209	5209
4462	4462
2789	2789
737	737
4552	4552
7755	7755
5517	5517
7435	7435
8039	8039
9617	9617
9528	9528
4637	4637
9863	9863
4580	4580
5448	5448
6485	6485
5691	5691
9235	9235
9012	9012
5247	5247
7861	7861
7479	7479
527	527
3762	3762
6797	6797
6729	6729
3811	3811
5225	5225
1371	1371
4046	4046
7866	7866
9511	9511
6580	6580
7560	7560
164	164
1903	1903
525	525
6608	6608
7754	7754
3499	3499
719	719
5268	5268
480	480
1215	1215
9657	9657
7259	7259
3306	3306
88	88
9473	9473
1687	1687
5793	5793
6222	6222
7412	7412
2070	2070
1124	1124
5806	5806
2528	2528
5576	5576
3613	3613
9017	9017
1302	1302
15	15
7620	7620
1895	1895
7364	7364
1472	1472
4175	4175
3263	3263
997	997
908	908
2760	2760
1534	1534
8303	8303
3619	3619
3439	3439
2421	2421
5165	5165
7883	7883
9903	9903
4524	4524
7868	7868
6582	6582
5504	5504
500	500
861	861
3009	3009
1817	1817
6916	6916
7808	7808
9990	9990
8703	8703
4910	4910
5526	5526
5210	5210
1114	1114
6542	6542
7719	7719
3654	3654
6869	6869
4528	4528
8082	8082
5828	5828
854	854
9511	9511
8613	8613
1027	1027
5770	5770
4061	4061
9131	9131
4929	4929
9936	9936
6422	6422
8126	8126
5282	5282
2016	2016
312	312
1355	1355
4765	4765
984	984
2278	2278
9122	9122
2034	2034
7594	7594
6128	6128
460	460
920	920
4935	4935
9663	9663
9496	9496
7263	7263
3195	3195
3417	3417
5097	5097
211	211
7707	7707
2011	2011
8395	8395
8075	8075
4711	4711
4020	4020
950	950
4120	4120
9059	9059
1124	1124
3522	3522
3094	3094
1279	1279
6175	6175
5629	5629
5736	5736
6421	6421
7652	7652
1147	1147
5074	5074
9472	9472
3496	3496
773	773
8732	8732
9503	9503
4388	4388
4108	4108
8490	8490
4863	4863
8645	8645
3683	3683
6243	6243
9372	9372
8617	8617
4098	4098
4530	4530
7774	7774
3820	3820
2620	2620
8239	8239
5601	5601
6391	6391
9708	9708
5522	5522
6214	6214
9553	9553
6991	6991
3465	3465
8006	8006
1424	1424
3967	3967
4839	4839
4845	4845
4477	4477
6199	6199
2313	2313
5120	5120
2163	2163
2012	2012
1438	1438
999	999
9600	9600
9846	9846
715	715
1135	1135
2508	2508
2934	2934
6261	6261
2604	2604
7830	7830
3320	3320
5392	5392
8440	8440
9877	9877
7949	7949
6673	6673
3368	3368
1857	1857
5217	5217
1010	1010
3883	3883
2868	2868
3963	3963
9361	9361
5658	5658
5916	5916
573	573
7976	7976
2959	2959
4563	4563
5584	5584
417	417
9996	9996
6689	6689
3951	3951
4688	4688
9416	9416
8204	8204
6130	6130
8246	8246
8988	8988
3525	3525
844	844
3500	3500
5997	5997
408	408
6943	6943
2063	2063
7917	7917
333	333
2150	2150
3497	3497
1067	1067
4097	4097
9575	9575
2508	2508
5369	5369
6269	6269
3941	3941
158	158
1152	1152
521	521
6076	6076
4596	4596
2691	2691
4761	4761
3883	3883
3414	3414
8199	8199
8196	8196
94	94
9932	9932
7455	7455
8529	8529
8496	8496
2671	2671
4431	4431
6407	6407
7212	7212
2751	2751
634	634
9194	9194
117	117
4412	4412
5445	5445
1181	1181
7421	7421
8692	8692
3635	3635
7347	7347
8630	8630
9920	9920
3222	3222
1419	1419
4610	4610
8949	8949
4405	4405
8863	8863
1319	1319
6915	6915
1756	1756
3962	3962
5897	5897
5511	5511
9717	9717
5320	5320
2868	2868
6665	6665
2448	2448
803	803
4520	4520
7870	7870
306	306
7374	7374
8997	8997
3851	3851
3602	3602
8816	8816
2832	2832
5914	5914
579	579
5134	5134
9777	9777
3278	3278
8337	8337
8793	8793
6553	6553
8720	8720
9447	9447
4553	4553
3517	3517
1953	1953
6797	6797
7585	7585
2544	2544
1394	1394
3761	3761
1052	1052
4047	4047
7872	7872
7166	7166
680	680
1487	1487
9791	9791
1409	1409
5451	5451
4641	4641
428	428
958	958
2443	2443
7804	7804
2117	2117
9812	9812
4123	4123
2728	2728
7526	7526
5064	5064
8381	8381
879	879
3612	3612
1760	1760
7992	7992
9517	9517
2229	2229
4021	4021
1134	1134
5169	5169
1505	1505
3298	3298
4832	4832
5659	5659
2801	2801
205	205
9985	9985
9523	9523
3998	3998
385	385
408	408
5635	5635
6259	6259
1610	1610
3952	3952
2638	2638
5381	5381
7089	7089
9148	9148
5868	5868
3924	3924
5899	5899
8925	8925
9577	9577
6748	6748
1887	1887
2991	2991
6138	6138
8157	8157
5233	5233
7670	7670
9073	9073
6762	6762
2815	2815
6538	6538
9854	9854
5223	5223
1903	1903
1877	1877
7441	7441
5681	5681
9738	9738
6571	6571
9605	9605
2207	2207
5356	5356
3928	3928
6890	6890
5347	5347
9551	9551
9830	9830
8772	8772
5409	5409
875	875
5576	5576
2637	2637
2393	2393
2890	2890
7279	7279
4201	4201
8157	8157
3881	3881
960	960
6814	6814
8027	8027
1178	1178
9799	9799
6245	6245
9276	9276
7983	7983
5399	5399
2729	2729
4193	4193
8959	8959
7974	7974
8667	8667
2263	2263
5637	5637
8952	8952
2689	2689
3010	3010
1282	1282
988	988
6544	6544
5775	5775
6042	6042
8324	8324
5466	5466
2045	2045
1399	1399
5910	5910
8978	8978
591	591
2494	2494
7852	7852
3725	3725
3970	3970
8077	8077
6370	6370
5577	5577
1855	1855
3666	3666
9481	9481
2171	2171
