500	243138
3453	3453
8643	8643
8887	8887
854	854
4841	4841
1815	1815
3636	3636
7244	7244
3956	3956
3599	3599
3499	3499
1653	1653
6576	6576
8643	8643
8431	8431
298	298
9536	9536
6746	6746
81	81
8526	8526
4962	4962
4302	4302
3789	3789
235	235
9254	9254
138	138
2112	2112
1065	1065
8370	8370
2962	2962
5942	5942
5838	5838
5975	5975
2322	2322
1468	1468
2273	2273
2645	2645
7144	7144
4699	4699
20	20
7782	7782
5563	5563
1992	1992
7783	7783
9810	9810
3500	3500
2302	2302
7473	7473
2812	2812
5353	5353
1366	1366
6199	6199
7616	7616
9039	9039
5265	5265
6044	6044
5255	5255
3736	3736
1176	1176
479	479
4418	4418
7778	7778
1803	1803
8222	8222
5130	5130
5080	5080
3762	3762
6478	6478
61	61
4768	4768
9788	9788
9893	9893
3419	3419
5519	5519
7075	7075
7975	7975
6217	6217
8577	8577
7269	7269
6472	6472
1222	1222
6230	6230
7249	7249
5023	5023
8408	8408
3360	3360
9479	9479
4219	4219
4666	4666
3786	3786
4819	4819
9867	9867
2353	2353
6994	6994
2367	2367
753	753
4826	4826
3222	3222
5933	5933
7910	7910
8594	8594
5651	5651
512	512
3187	3187
6323	6323
2618	2618
7412	7412
3589	3589
4047	4047
455	455
9759	9759
965	965
7089	7089
4890	4890
3495	3495
6867	6867
7817	7817
2531	2531
231	231
408	408
5096	5096
2354	2354
1905	1905
2064	2064
3468	3468
7181	7181
8884	8884
6814	6814
8798	8798
4046	4046
2658	2658
6950	6950
844	844
6814	6814
8275	8275
2266	2266
9517	9517
7749	7749
8511	8511
3834	3834
7939	7939
4563	4563
8294	8294
6409	6409
8716	8716
8792	8792
6663	6663
4828	4828
4457	4457
8013	8013
5809	5809
140	140
5600	5600
993	993
8326	8326
1395	1395
2862	2862
916	916
3035	3035
7807	7807
3404	3404
2767	2767
4432	4432
3074	3074
9731	9731
965	965
551	551
2337	2337
4301	4301
2472	2472
6806	6806
7755	7755
4753	4753
9314	9314
3632	3632
898	898
5262	5262
2460	2460
4000	4000
928	928
1949	1949
8376	8376
5066	5066
4289	4289
4926	4926
573	573
2849	2849
583	583
3242	3242
1935	1935
7013	7013
5596	5596
8406	8406
5093	5093
4254	4254
3082	3082
998	998
768	768
4441	4441
7007	7007
8459	8459
6785	6785
4596	4596
9704	9704
4398	4398
6122	6122
8258	8258
5404	5404
4314	4314
2719	2719
9787	9787
8051	8051
7087	7087
3345	3345
3499	3499
6645	6645
781	781
1328	1328
3578	3578
3202	3202
145	145
3848	3848
9783	9783
188	188
8684	8684
5470	5470
5331	5331
1718	1718
5982	5982
5008	5008
7201	7201
6435	6435
2463	2463
4021	4021
9556	9556
1184	1184
2743	2743
5810	5810
672	672
1634	1634
5609	5609
8558	8558
8903	8903
2621	2621
6757	6757
8979	8979
431	431
2286	2286
2127	2127
5820	5820
9548	9548
4532	4532
4606	4606
8075	8075
3798	3798
1488	1488
8905	8905
1807	1807
1274	1274
8089	8089
10	10
2129	2129
157	157
3394	3394
646	646
6950	6950
4610	4610
7985	7985
1030	1030
7062	7062
4122	4122
3605	3605
1230	1230
2144	2144
1498	1498
3096	3096
2256	2256
7117	7117
3494	3494
9597	9597
2633	2633
5704	5704
3771	3771
2903	2903
9036	9036
9281	9281
7632	7632
5088	5088
1891	1891
4791	4791
3849	3849
9328	9328
4728	4728
5240	5240
3070	3070
3452	3452
665	665
326	326
3948	3948
3059	3059
8483	8483
5565	5565
1171	1171
2406	2406
8047	8047
4179	4179
4915	4915
4155	4155
9181	9181
2275	2275
3955	3955
3653	3653
6863	6863
4365	4365
2578	2578
2088	2088
1122	1122
2410	2410
7799	7799
5732	5732
9821	9821
4342	4342
1077	1077
8519	8519
4452	4452
8679	8679
8907	8907
8660	8660
1561	1561
3878	3878
7135	7135
3275	3275
5433	5433
1992	1992
718	718
5912	5912
4399	4399
4552	4552
4360	4360
8747	8747
1317	1317
4023	4023
4256	4256
2147	2147
1623	1623
9138	9138
1369	1369
5683	5683
9314	9314
9421	9421
7476	7476
1306	1306
8783	8783
903	903
4640	4640
5618	5618
1435	1435
5946	5946
814	814
4890	4890
1843	1843
3990	3990
9715	9715
4306	4306
7400	7400
8297	8297
6681	6681
3441	3441
1964	1964
6741	6741
1733	1733
9212	9212
2793	2793
2391	2391
1719	1719
760	760
2130	2130
587	587
183	183
1667	1667
7843	7843
4838	4838
9841	9841
3524	3524
710	710
1130	1130
7690	7690
7964	7964
7840	7840
4030	4030
4627	4627
6062	6062
2510	2510
3824	3824
8481	8481
5475	5475
2715	2715
7617	7617
7180	7180
5110	5110
8818	8818
4506	4506
2106	2106
9711	9711
3201	3201
4231	4231
1087	1087
9944	9944
5987	5987
3671	3671
2307	2307
5295	5295
8767	8767
6091	6091
2181	2181
532	532
1899	1899
3137	3137
2502	2502
5005	5005
8126	8126
9991	9991
5705	5705
6111	6111
8280	8280
4443	4443
4267	4267
8175	8175
9315	9315
2292	2292
6691	6691
9258	9258
2622	2622
4011	4011
6730	6730
9559	9559
7019	7019
9669	9669
4109	4109
2618	2618
6992	6992
7246	7246
9446	9446
9581	9581
4906	4906
3869	3869
9744	9744
2585	2585
3567	3567
1142	1142
3467	3467
1118	1118
1441	1441
9122	9122
5122	5122
8182	8182
1556	1556
7162	7162
9829	9829
906	906
181	181
7812	7812
7798	7798
9828	9828
7005	7005
900	900
7568	7568
8779	8779
2234	2234
9851	9851
7844	7844
2629	2629
7587	7587
2942	2942
2082	2082
1241	1241
6245	6245
1915	1915
4235	4235
8606	8606
4358	4358
8152	8152
9496	9496
6126	6126
2430	2430
52	52
5032	5032
5109	5109
2269	2269
1312	1312
9012	9012
6087	6087
6481	6481
2682	2682
6700	6700
1678	1678
9916	9916
8570	8570
1255	1255
4045	4045
