500	2244631
9576	9576
3227	3227
5526	5526
3605	3605
6750	6750
8733	8733
2093	2093
7565	7565
7070	7070
2745	2745
1180	1180
3940	3940
2320	2320
1925	1925
2974	2974
4064	4064
7783	7783
5778	5778
1240	1240
1651	1651
9461	9461
7862	7862
7596	7596
2708	2708
5512	5512
2260	2260
897	897
1613	1613
4611	4611
2236	2236
6625	6625
1048	1048
7912	7912
1708	1708
9005	9005
7210	7210
3527	3527
2364	2364
3022	3022
2497	2497
6315	6315
7803	7803
4989	4989
8085	8085
178	178
5324	5324
7837	7837
9730	9730
2134	2134
5205	5205
9315	9315
6774	6774
2044	2044
1696	1696
6479	6479
4646	4646
8984	8984
3461	3461
9031	9031
4212	4212
7672	7672
674	674
4770	4770
7962	7962
4266	4266
7335	7335
9140	9140
4277	4277
4823	4823
1018	1018
5734	5734
3032	3032
3212	3212
533	533
579	579
9340	9340
8306	8306
5450	5450
7615	7615
6845	6845
8300	8300
4881	4881
5095	5095
4534	4534
3098	3098
6899	6899
4963	4963
5765	5765
231	231
5801	5801
4779	4779
4780	4780
7649	7649
43	43
7523	7523
3305	3305
9048	9048
5922	5922
6834	6834
9802	9802
4843	4843
1740	1740
4221	4221
2435	2435
4714	4714
7353	7353
9454	9454
3487	3487
5772	5772
2335	2335
9313	9313
2789	2789
5514	5514
4954	4954
7588	7588
2161	2161
7669	7669
8278	8278
6928	6928
1094	1094
7558	7558
9653	9653
4961	4961
6461	6461
9353	9353
2845	2845
4289	4289
8693	8693
5204	5204
2797	2797
5154	5154
6798	6798
8516	8516
4236	4236
889	889
1358	1358
358	358
8737	8737
3256	3256
5958	5958
6199	6199
6508	6508
4938	4938
4784	4784
9642	9642
1187	1187
4865	4865
6188	6188
7844	7844
5864	5864
5633	5633
136	136
6315	6315
2572	2572
8505	8505
8965	8965
679	679
2464	2464
187	187
9429	9429
2030	2030
9660	9660
6637	6637
3506	3506
1824	1824
3898	3898
6344	6344
4042	4042
7872	7872
2326	2326
6539	6539
6935	6935
1476	1476
8495	8495
2531	2531
4635	4635
4999	4999
4720	4720
3304	3304
4476	4476
4480	4480
486	486
8583	8583
6987	6987
1349	1349
44	44
8781	8781
6082	6082
8520	8520
1645	1645
6597	6597
630	630
521	521
901	901
1116	1116
93	93
8856	8856
5580	5580
7768	7768
7140	7140
8525	8525
577	577
2213	2213
988	988
9314	9314
4177	4177
1056	1056
6977	6977
2605	2605
1398	1398
4117	4117
2905	2905
6814	6814
1640	1640
9962	9962
2967	2967
7995	7995
1290	1290
8509	8509
3656	3656
2688	2688
2761	2761
777	777
1953	1953
2089	2089
5994	5994
3300	3300
5945	5945
8987	8987
3471	3471
2309	2309
4170	4170
9198	9198
1031	1031
2702	2702
3996	3996
2465	2465
4220	4220
2492	2492
8342	8342
4624	4624
7985	7985
6438	6438
4908	4908
987	987
8436	8436
8111	8111
1082	1082
2003	2003
9519	9519
2061	2061
9828	9828
1530	1530
4130	4130
1836	1836
7720	7720
6802	6802
5358	5358
6834	6834
9844	9844
4524	4524
8973	8973
1058	1058
2677	2677
3411	3411
8004	8004
3268	3268
9313	9313
1152	1152
7466	7466
2285	2285
1294	1294
6535	6535
4388	4388
1683	1683
2151	2151
4194	4194
5881	5881
1107	1107
505	505
2832	2832
5966	5966
253	253
780	780
6496	6496
7851	7851
3186	3186
9932	9932
3558	3558
6714	6714
8577	8577
2017	2017
4360	4360
7135	7135
5496	5496
6536	6536
4217	4217
1017	1017
6431	6431
5899	5899
5452	5452
3831	3831
7182	7182
6046	6046
7447	7447
2253	2253
884	884
7554	7554
6078	6078
1749	1749
4598	4598
8947	8947
7616	7616
3190	3190
6608	6608
8243	8243
8255	8255
9090	9090
5004	5004
4202	4202
6201	6201
3920	3920
7588	7588
135	135
4279	4279
656	656
3163	3163
5267	5267
7245	7245
4661	4661
9016	9016
4042	4042
1399	1399
9911	9911
8913	8913
1100	1100
453	453
2769	2769
5340	5340
2648	2648
4401	4401
2503	2503
6830	6830
9928	9928
5018	5018
5089	5089
319	319
7062	7062
2745	2745
3694	3694
9411	9411
317	317
7674	7674
448	448
2861	2861
4154	4154
8664	8664
970	970
616	616
7781	7781
9784	9784
990	990
7299	7299
5546	5546
6920	6920
2555	2555
2293	2293
5577	5577
5360	5360
3053	3053
9935	9935
5437	5437
2499	2499
6914	6914
8685	8685
9675	9675
4063	4063
8361	8361
8946	8946
6061	6061
5968	5968
1268	1268
2374	2374
8265	8265
1401	1401
4690	4690
4336	4336
5219	5219
574	574
9017	9017
4026	4026
5994	5994
1175	1175
6162	6162
5193	5193
4917	4917
3693	3693
1585	1585
9347	9347
6777	6777
2891	2891
7284	7284
7491	7491
8437	8437
1946	1946
2968	2968
6628	6628
2843	2843
3926	3926
8928	8928
4309	4309
5746	5746
8673	8673
9633	9633
2151	2151
8718	8718
1103	1103
9423	9423
2382	2382
8154	8154
9138	9138
8731	8731
1912	1912
9360	9360
5225	5225
4574	4574
3918	3918
833	833
8901	8901
6286	6286
2684	2684
6216	6216
5879	5879
7011	7011
4613	4613
2836	2836
4991	4991
2414	2414
2210	2210
6875	6875
8628	8628
4671	4671
5779	5779
9517	9517
489	489
2061	2061
498	498
7193	7193
2840	2840
2702	2702
6875	6875
5766	5766
823	823
1291	1291
8616	8616
9513	9513
9824	9824
9652	9652
5858	5858
6973	6973
9014	9014
1680	1680
5805	5805
4789	4789
1129	1129
4683	4683
7877	7877
5579	5579
9909	9909
4937	4937
2801	2801
2538	2538
5966	5966
7342	7342
2512	2512
8065	8065
9485	9485
6659	6659
1674	1674
1074	1074
8257	8257
9474	9474
5281	5281
5235	5235
8547	8547
3168	3168
6661	6661
326	326
6511	6511
3119	3119
1924	1924
4742	4742
1086	1086
3439	3439
4747	4747
8572	8572
9477	9477
512	512
1253	1253
8765	8765
