500	2287112
6823	6823
2067	2067
8562	8562
5019	5019
3309	3309
3411	3411
6380	6380
5838	5838
3765	3765
7036	7036
9649	9649
2369	2369
9214	9214
9849	9849
1450	1450
7502	7502
5667	5667
9562	9562
8178	8178
5206	5206
8058	8058
5007	5007
3763	3763
5435	5435
3116	3116
432	432
6562	6562
3231	3231
6951	6951
3661	3661
2269	2269
4276	4276
8561	8561
2174	2174
1722	1722
966	966
2044	2044
8529	8529
1242	1242
1219	1219
2361	2361
126	126
4311	4311
7203	7203
6567	6567
343	343
5367	5367
7724	7724
7768	7768
2204	2204
8523	8523
87	87
5925	5925
8373	8373
3695	3695
9110	9110
5681	5681
3320	3320
1883	1883
8458	8458
1043	1043
4501	4501
9973	9973
8842	8842
5232	5232
8379	8379
8153	8153
3487	3487
4515	4515
4503	4503
7363	7363
3842	3842
9086	9086
7550	7550
7405	7405
1585	1585
484	484
8601	8601
7892	7892
6675	6675
2939	2939
8718	8718
8909	8909
6184	6184
5694	5694
3378	3378
6754	6754
5937	5937
7667	7667
2961	2961
135	135
3240	3240
4891	4891
7586	7586
8468	8468
4798	4798
4306	4306
5118	5118
4861	4861
6219	6219
2339	2339
3221	3221
9758	9758
8998	8998
4559	4559
1750	1750
4310	4310
2239	2239
5981	5981
3279	3279
1274	1274
7527	7527
6898	6898
8444	8444
5836	5836
4690	4690
828	828
8754	8754
6032	6032
8693	8693
5424	5424
545	545
2965	2965
1069	1069
9843	9843
8734	8734
7130	7130
2084	2084
1344	1344
7801	7801
7513	7513
1228	1228
2642	2642
2363	2363
72	72
9401	9401
9955	9955
8095	8095
7377	7377
2164	2164
8116	8116
9933	9933
7920	7920
5595	5595
4858	4858
7458	7458
8597	8597
2193	2193
5716	5716
798	798
2699	2699
908	908
6494	6494
8083	8083
3680	3680
5449	5449
6475	6475
635	635
3241	3241
1146	1146
7522	7522
6788	6788
9263	9263
10000	10000
6082	6082
7212	7212
7011	7011
8884	8884
5479	5479
3898	3898
2487	2487
91	91
3756	3756
8632	8632
4100	4100
7226	7226
1036	1036
1117	1117
4423	4423
8900	8900
7122	7122
2923	2923
8285	8285
318	318
966	966
1797	1797
1190	1190
3235	3235
7373	7373
5896	5896
6907	6907
1727	1727
526	526
7362	7362
7355	7355
3894	3894
8285	8285
7683	7683
987	987
5871	5871
4909	4909
5491	5491
6714	6714
9581	9581
2117	2117
1389	1389
7225	7225
273	273
2901	2901
9332	9332
7415	7415
2160	2160
3462	3462
9456	9456
1514	1514
1711	1711
5820	5820
9871	9871
7453	7453
4107	4107
7808	7808
6996	6996
8683	8683
6144	6144
6317	6317
4789	4789
1519	1519
3355	3355
3692	3692
151	151
8911	8911
9336	9336
9235	9235
5031	5031
910	910
3590	3590
8931	8931
728	728
1253	1253
4005	4005
6716	6716
6734	6734
2755	2755
1981	1981
1249	1249
6709	6709
1567	1567
2556	2556
9514	9514
2890	2890
6013	6013
5576	5576
4224	4224
6863	6863
4826	4826
3701	3701
4638	4638
1575	1575
5885	5885
3077	3077
9101	9101
1622	1622
6080	6080
6609	6609
4879	4879
9079	9079
2007	2007
8192	8192
577	577
2134	2134
5789	5789
8095	8095
4275	4275
4717	4717
3177	3177
2436	2436
7460	7460
454	454
8659	8659
6809	6809
7052	7052
6234	6234
1248	1248
7293	7293
2043	2043
8925	8925
8845	8845
2604	2604
890	890
7304	7304
7122	7122
8488	8488
7672	7672
4157	4157
3644	3644
5391	5391
2833	2833
6192	6192
787	787
9191	9191
8289	8289
9433	9433
1277	1277
2885	2885
2379	2379
2292	2292
5336	5336
7736	7736
1734	1734
1992	1992
4332	4332
1756	1756
7710	7710
6356	6356
6728	6728
9330	9330
3068	3068
6933	6933
9627	9627
8650	8650
5757	5757
628	628
7628	7628
3481	3481
9316	9316
2928	2928
4707	4707
23	23
3392	3392
868	868
9805	9805
3116	3116
646	646
4241	4241
1154	1154
9422	9422
863	863
9707	9707
7626	7626
3034	3034
554	554
1593	1593
7466	7466
4458	4458
983	983
1164	1164
7659	7659
3170	3170
8901	8901
5791	5791
4505	4505
4974	4974
7622	7622
1119	1119
6130	6130
1447	1447
804	804
6581	6581
7718	7718
9652	9652
5692	5692
4796	4796
1113	1113
703	703
4809	4809
57	57
4312	4312
354	354
8534	8534
9197	9197
5868	5868
5969	5969
3090	3090
1683	1683
4265	4265
1704	1704
4692	4692
3388	3388
5339	5339
1221	1221
4715	4715
8258	8258
3037	3037
3604	3604
7990	7990
7785	7785
3687	3687
5104	5104
9122	9122
2497	2497
1067	1067
9813	9813
3828	3828
6196	6196
193	193
8204	8204
6451	6451
5139	5139
7367	7367
3003	3003
5366	5366
7607	7607
3427	3427
7267	7267
6852	6852
7126	7126
4546	4546
5961	5961
4492	4492
8066	8066
6158	6158
5505	5505
9277	9277
6670	6670
8994	8994
2317	2317
2912	2912
2459	2459
3782	3782
9865	9865
2440	2440
8771	8771
1631	1631
1795	1795
5412	5412
7958	7958
7723	7723
397	397
3272	3272
8886	8886
7303	7303
8822	8822
816	816
9258	9258
8384	8384
1528	1528
1283	1283
1347	1347
2936	2936
9080	9080
3950	3950
1054	1054
4029	4029
5561	5561
3861	3861
4839	4839
9499	9499
7417	7417
9718	9718
9019	9019
5404	5404
4429	4429
4220	4220
5964	5964
1875	1875
6599	6599
3012	3012
7046	7046
3402	3402
2379	2379
9640	9640
8846	8846
6394	6394
8848	8848
8965	8965
4375	4375
9884	9884
3447	3447
3654	3654
5565	5565
7520	7520
3817	3817
5982	5982
1901	1901
5006	5006
7307	7307
1960	1960
5424	5424
8380	8380
9871	9871
905	905
1118	1118
9355	9355
2613	2613
1272	1272
918	918
5472	5472
74	74
6585	6585
9013	9013
293	293
9171	9171
6051	6051
5164	5164
6865	6865
3223	3223
2462	2462
3143	3143
960	960
9364	9364
