500	2246625
5091	5091
7260	7260
1674	1674
280	280
408	408
8401	8401
9032	9032
3492	3492
9073	9073
2403	2403
5096	5096
2189	2189
3991	3991
6142	6142
2436	2436
6609	6609
9201	9201
9527	9527
2735	2735
2055	2055
8666	8666
6505	6505
4817	4817
998	998
3524	3524
7369	7369
4041	4041
4089	4089
3292	3292
6693	6693
7499	7499
39	39
165	165
1708	1708
8481	8481
5138	5138
7801	7801
6645	6645
8643	8643
7037	7037
2416	2416
2354	2354
4273	4273
2609	2609
3869	3869
4850	4850
7376	7376
5249	5249
2745	2745
2585	2585
8319	8319
6593	6593
4331	4331
7148	7148
5331	5331
8749	8749
3315	3315
2449	2449
4929	4929
9934	9934
5251	5251
7815	7815
6851	6851
5874	5874
834	834
2414	2414
2061	2061
8919	8919
3573	3573
8785	8785
157	157
9686	9686
3284	3284
5209	5209
736	736
4517	4517
6340	6340
2119	2119
4677	4677
5431	5431
582	582
1171	1171
7878	7878
4238	4238
9551	9551
3133	3133
3528	3528
6774	6774
1899	1899
5970	5970
5917	5917
6916	6916
9228	9228
8064	8064
1731	1731
6057	6057
1221	1221
2257	2257
1378	1378
3215	3215
6581	6581
69	69
3590	3590
363	363
2533	2533
6586	6586
3342	3342
7448	7448
5304	5304
4183	4183
8393	8393
8054	8054
5340	5340
6948	6948
5505	5505
9538	9538
1431	1431
3320	3320
2588	2588
956	956
602	602
288	288
2866	2866
407	407
6142	6142
5087	5087
5995	5995
8243	8243
7609	7609
3660	3660
9435	9435
1979	1979
4465	4465
7055	7055
9784	9784
4511	4511
4925	4925
9996	9996
8345	8345
284	284
3252	3252
1588	1588
3093	3093
9842	9842
6240	6240
3397	3397
7119	7119
7402	7402
6962	6962
2193	2193
4953	4953
4367	4367
8594	8594
8122	8122
5141	5141
9287	9287
7826	7826
4463	4463
4592	4592
6651	6651
6444	6444
2116	2116
396	396
4429	4429
6875	6875
6821	6821
6768	6768
2527	2527
6576	6576
4962	4962
298	298
7514	7514
8202	8202
989	989
1260	1260
549	549
1075	1075
743	743
9363	9363
712	712
7340	7340
5899	5899
5590	5590
7712	7712
5067	5067
5426	5426
3156	3156
7018	7018
23	23
3051	3051
447	447
8848	8848
7744	7744
8166	8166
5110	5110
8780	8780
8960	8960
5559	5559
8747	8747
2440	2440
5222	5222
2040	2040
4690	4690
7162	7162
837	837
7245	7245
2728	2728
677	677
9452	9452
1443	1443
1147	1147
7778	7778
5375	5375
8533	8533
9355	9355
5563	5563
5654	5654
9398	9398
4095	4095
4148	4148
8573	8573
6577	6577
2297	2297
4676	4676
5296	5296
3737	3737
8775	8775
3032	3032
7295	7295
4459	4459
8169	8169
1222	1222
9199	9199
2839	2839
6442	6442
4823	4823
7813	7813
7398	7398
9601	9601
1360	1360
9781	9781
2907	2907
2013	2013
1913	1913
9150	9150
1773	1773
5475	5475
5426	5426
8220	8220
711	711
5771	5771
3904	3904
1290	1290
372	372
1851	1851
142	142
7742	7742
6101	6101
8077	8077
3634	3634
9852	9852
4820	4820
558	558
306	306
9672	9672
1326	1326
6961	6961
1144	1144
3855	3855
2706	2706
1266	1266
382	382
1953	1953
5267	5267
2611	2611
683	683
530	530
9068	9068
318	318
7965	7965
4249	4249
6233	6233
3421	3421
5285	5285
5758	5758
7180	7180
8583	8583
2758	2758
5898	5898
282	282
4795	4795
1973	1973
211	211
6596	6596
3702	3702
313	313
8791	8791
3145	3145
9038	9038
4228	4228
7643	7643
4795	4795
3788	3788
8158	8158
5356	5356
335	335
2817	2817
8978	8978
2511	2511
1290	1290
9311	9311
9177	9177
3676	3676
707	707
9670	9670
5150	5150
6356	6356
907	907
5842	5842
7581	7581
4061	4061
1935	1935
9452	9452
2482	2482
8140	8140
1565	1565
3947	3947
346	346
208	208
5449	5449
9968	9968
355	355
6087	6087
6524	6524
6215	6215
9624	9624
4639	4639
8866	8866
8135	8135
4860	4860
875	875
1818	1818
1463	1463
8751	8751
7167	7167
5785	5785
2123	2123
858	858
1755	1755
3524	3524
8696	8696
4323	4323
3502	3502
572	572
4915	4915
6097	6097
4587	4587
2163	2163
9056	9056
6869	6869
1778	1778
7095	7095
8701	8701
6215	6215
7890	7890
1818	1818
9259	9259
4912	4912
5536	5536
3432	3432
6622	6622
9709	9709
387	387
1102	1102
2161	2161
5090	5090
7730	7730
4119	4119
3684	3684
3444	3444
8417	8417
2751	2751
3946	3946
6785	6785
1667	1667
6961	6961
9623	9623
3711	3711
3051	3051
3270	3270
6416	6416
9262	9262
9753	9753
2993	2993
2316	2316
9239	9239
8356	8356
8796	8796
9094	9094
9273	9273
4428	4428
3796	3796
4079	4079
1123	1123
8165	8165
3131	3131
8573	8573
9797	9797
4881	4881
4716	4716
5208	5208
9812	9812
9087	9087
6825	6825
8025	8025
2613	2613
9884	9884
1169	1169
6887	6887
7629	7629
1365	1365
2044	2044
1388	1388
6375	6375
9835	9835
7499	7499
2102	2102
4533	4533
8781	8781
7597	7597
3062	3062
6549	6549
8114	8114
3635	3635
5846	5846
9517	9517
6160	6160
9332	9332
5567	5567
102	102
7634	7634
352	352
8261	8261
8977	8977
641	641
6241	6241
3089	3089
8402	8402
8494	8494
7562	7562
82	82
6390	6390
419	419
4826	4826
9604	9604
1786	1786
6907	6907
1855	1855
9629	9629
2541	2541
4504	4504
7420	7420
5722	5722
6878	6878
2008	2008
9442	9442
300	300
2439	2439
3521	3521
7250	7250
359	359
171	171
9063	9063
2843	2843
966	966
8140	8140
154	154
7846	7846
1891	1891
2446	2446
3171	3171
5235	5235
3817	3817
3132	3132
8382	8382
8890	8890
1070	1070
8922	8922
4593	4593
45	45
1734	1734
4839	4839
5654	5654
7692	7692
7372	7372
8698	8698
2538	2538
7274	7274
5632	5632
9599	9599
