500	579708
817	817
6741	6741
8005	8005
3071	3071
1379	1379
2066	2066
1291	1291
7029	7029
4251	4251
644	644
6522	6522
3876	3876
8882	8882
76	76
1694	1694
3183	3183
6938	6938
1375	1375
5684	5684
2012	2012
8941	8941
1524	1524
6863	6863
2240	2240
8140	8140
4626	4626
890	890
3460	3460
1766	1766
7354	7354
9830	9830
717	717
9082	9082
3046	3046
8421	8421
2034	2034
148	148
4385	4385
8002	8002
2100	2100
8531	8531
2860	2860
8146	8146
6424	6424
1129	1129
216	216
7010	7010
5736	5736
7002	7002
215	215
6166	6166
2770	2770
4076	4076
5881	5881
2599	2599
7509	7509
5603	5603
768	768
653	653
2808	2808
4002	4002
8026	8026
9093	9093
4755	4755
8338	8338
2593	2593
126	126
846	846
1595	1595
4203	4203
3297	3297
8400	8400
8701	8701
9438	9438
1739	1739
3524	3524
3174	3174
7524	7524
444	444
6808	6808
6473	6473
3428	3428
3594	3594
2313	2313
8655	8655
8259	8259
2086	2086
289	289
1500	1500
1652	1652
1287	1287
588	588
4125	4125
4742	4742
6542	6542
4486	4486
5781	5781
5730	5730
3633	3633
7579	7579
598	598
1200	1200
5209	5209
8764	8764
3866	3866
9693	9693
2520	2520
5577	5577
3555	3555
7829	7829
8312	8312
448	448
3101	3101
8541	8541
2987	2987
1149	1149
1766	1766
1481	1481
6133	6133
9567	9567
8611	8611
4508	4508
2506	2506
7721	7721
7595	7595
5841	5841
2263	2263
2087	2087
7786	7786
3066	3066
3265	3265
5026	5026
7032	7032
3233	3233
2664	2664
7549	7549
4717	4717
1113	1113
5378	5378
736	736
3580	3580
2989	2989
5653	5653
8216	8216
8458	8458
1702	1702
6513	6513
1896	1896
4847	4847
4634	4634
8147	8147
8239	8239
3399	3399
9623	9623
3532	3532
987	987
3984	3984
3327	3327
5352	5352
532	532
6256	6256
3766	3766
4317	4317
519	519
1006	1006
8334	8334
9897	9897
4830	4830
6999	6999
5267	5267
5270	5270
2086	2086
6160	6160
1286	1286
3743	3743
7957	7957
3198	3198
2519	2519
9638	9638
4813	4813
9660	9660
5774	5774
4992	4992
2411	2411
2024	2024
9642	9642
3034	3034
802	802
3283	3283
1292	1292
481	481
904	904
7302	7302
6288	6288
3451	3451
3483	3483
9186	9186
4184	4184
3971	3971
1441	1441
2649	2649
10000	10000
7041	7041
8905	8905
463	463
7679	7679
8374	8374
9680	9680
9934	9934
2966	2966
7712	7712
1660	1660
2286	2286
98	98
8953	8953
2160	2160
367	367
6490	6490
5271	5271
5801	5801
658	658
9022	9022
9826	9826
3479	3479
4280	4280
3055	3055
7760	7760
5343	5343
6235	6235
9247	9247
4186	4186
1767	1767
5860	5860
8991	8991
5689	5689
8224	8224
4279	4279
958	958
6538	6538
8383	8383
8118	8118
1113	1113
5538	5538
1607	1607
2276	2276
7577	7577
7948	7948
2932	2932
9215	9215
6091	6091
9538	9538
2255	2255
5595	5595
158	158
4940	4940
3438	3438
6184	6184
8566	8566
2060	2060
2838	2838
238	238
7983	7983
875	875
5691	5691
1865	1865
6253	6253
3386	3386
1249	1249
6973	6973
9685	9685
4014	4014
1285	1285
7460	7460
7324	7324
783	783
3906	3906
9513	9513
2874	2874
9023	9023
8971	8971
9812	9812
354	354
1686	1686
5604	5604
9223	9223
1297	1297
7856	7856
6640	6640
9830	9830
7247	7247
6733	6733
1925	1925
4035	4035
9559	9559
7656	7656
8335	8335
4859	4859
3043	3043
2373	2373
8155	8155
3896	3896
210	210
900	900
877	877
1477	1477
9355	9355
3147	3147
4714	4714
7772	7772
311	311
5042	5042
2463	2463
1035	1035
3769	3769
9686	9686
5946	5946
558	558
616	616
1129	1129
3362	3362
6221	6221
2808	2808
7613	7613
6557	6557
6827	6827
7629	7629
5860	5860
65	65
2042	2042
4594	4594
3718	3718
1602	1602
1043	1043
1141	1141
5274	5274
1763	1763
3124	3124
1656	1656
7819	7819
6908	6908
1892	1892
1047	1047
3627	3627
1143	1143
6502	6502
9521	9521
7895	7895
7271	7271
8161	8161
7961	7961
6489	6489
8727	8727
5438	5438
4977	4977
5846	5846
299	299
2746	2746
5308	5308
5838	5838
6095	6095
1615	1615
7844	7844
361	361
976	976
6419	6419
2748	2748
195	195
4238	4238
3742	3742
4896	4896
5579	5579
9639	9639
2818	2818
3072	3072
8640	8640
2802	2802
4206	4206
6227	6227
9424	9424
6983	6983
6356	6356
1248	1248
4400	4400
7312	7312
2047	2047
4821	4821
3664	3664
4404	4404
6129	6129
7637	7637
737	737
7430	7430
8396	8396
3370	3370
706	706
7095	7095
8929	8929
3969	3969
1578	1578
8078	8078
5142	5142
3086	3086
4919	4919
3868	3868
5486	5486
5872	5872
8192	8192
4095	4095
3900	3900
920	920
104	104
5484	5484
7371	7371
3579	3579
5643	5643
8977	8977
6870	6870
1440	1440
115	115
4903	4903
3977	3977
4996	4996
5644	5644
2072	2072
6092	6092
9153	9153
4105	4105
7705	7705
9856	9856
2856	2856
3200	3200
7304	7304
9399	9399
8085	8085
3505	3505
645	645
1154	1154
6356	6356
2074	2074
9881	9881
9801	9801
6559	6559
6960	6960
5367	5367
7177	7177
4086	4086
108	108
7147	7147
4029	4029
5026	5026
2728	2728
1793	1793
656	656
697	697
2115	2115
145	145
3259	3259
2652	2652
2704	2704
7515	7515
1084	1084
5024	5024
760	760
7915	7915
2837	2837
6289	6289
2623	2623
2374	2374
5391	5391
5411	5411
711	711
6999	6999
5603	5603
1493	1493
1093	1093
5372	5372
7608	7608
3605	3605
4162	4162
8622	8622
2572	2572
6203	6203
2906	2906
6251	6251
4501	4501
1642	1642
6534	6534
3293	3293
1785	1785
4818	4818
6376	6376
342	342
3549	3549
8483	8483
114	114
3306	3306
816	816
4350	4350
5274	5274
1679	1679
