500	1257422
4214	4214
2254	2254
5184	5184
718	718
6665	6665
7869	7869
3622	3622
2305	2305
9625	9625
224	224
4908	4908
7520	7520
4199	4199
484	484
8850	8850
2398	2398
9250	9250
1934	1934
5512	5512
4539	4539
4322	4322
8406	8406
8477	8477
916	916
7655	7655
1467	1467
5995	5995
8757	8757
5293	5293
1109	1109
4468	4468
6084	6084
8441	8441
704	704
5182	5182
1169	1169
2451	2451
9607	9607
8331	8331
1782	1782
1550	1550
1167	1167
2606	2606
8119	8119
8243	8243
8141	8141
9400	9400
6372	6372
966	966
4505	4505
9635	9635
5553	5553
4359	4359
6633	6633
1264	1264
4227	4227
466	466
922	922
5105	5105
3435	3435
9817	9817
1885	1885
3627	3627
3516	3516
943	943
4419	4419
6895	6895
1314	1314
5288	5288
7469	7469
7423	7423
7198	7198
5301	5301
9495	9495
7757	7757
9954	9954
4256	4256
1692	1692
1727	1727
316	316
9318	9318
8527	8527
284	284
151	151
405	405
5760	5760
6704	6704
6578	6578
5635	5635
891	891
5553	5553
3014	3014
3564	3564
6761	6761
4318	4318
8097	8097
8088	8088
9695	9695
3679	3679
5123	5123
478	478
7020	7020
2688	2688
7200	7200
6265	6265
9539	9539
371	371
1007	1007
2584	2584
4798	4798
8355	8355
9448	9448
7233	7233
8274	8274
2424	2424
7360	7360
9714	9714
6736	6736
1063	1063
5455	5455
387	387
770	770
3732	3732
405	405
9004	9004
3632	3632
1678	1678
3362	3362
546	546
9758	9758
2671	2671
5162	5162
4674	4674
1934	1934
7414	7414
6797	6797
8446	8446
2167	2167
7688	7688
175	175
1766	1766
1040	1040
946	946
2672	2672
4648	4648
8536	8536
740	740
744	744
4107	4107
9561	9561
7907	7907
9323	9323
9022	9022
3484	3484
1075	1075
4591	4591
8650	8650
1136	1136
278	278
3856	3856
1518	1518
1219	1219
8740	8740
5035	5035
1550	1550
7569	7569
4874	4874
7399	7399
2122	2122
1487	1487
8751	8751
4687	4687
9746	9746
8708	8708
61	61
822	822
6842	6842
4630	4630
4188	4188
2094	2094
3762	3762
7260	7260
2072	2072
4835	4835
8005	8005
6828	6828
7161	7161
4321	4321
7616	7616
2678	2678
4429	4429
230	230
7600	7600
1009	1009
1948	1948
6452	6452
4588	4588
6772	6772
1146	1146
4904	4904
8760	8760
8926	8926
8002	8002
2669	2669
2796	2796
813	813
1832	1832
7123	7123
4032	4032
5912	5912
7212	7212
5299	5299
883	883
9546	9546
7178	7178
2501	2501
4435	4435
6939	6939
7051	7051
162	162
5212	5212
4586	4586
8207	8207
2123	2123
6387	6387
1074	1074
5052	5052
381	381
270	270
6085	6085
9462	9462
8599	8599
1193	1193
3305	3305
4848	4848
5522	5522
1271	1271
9314	9314
4508	4508
2310	2310
3653	3653
7737	7737
2766	2766
8938	8938
7522	7522
9104	9104
5508	5508
3995	3995
1057	1057
8408	8408
9378	9378
9165	9165
7778	7778
5410	5410
5621	5621
9564	9564
7655	7655
5392	5392
4303	4303
5892	5892
2152	2152
3601	3601
2401	2401
7061	7061
113	113
6713	6713
3627	3627
315	315
763	763
4228	4228
9227	9227
2532	2532
3299	3299
6514	6514
4443	4443
3824	3824
9634	9634
6370	6370
2695	2695
3168	3168
6614	6614
9012	9012
5458	5458
4103	4103
4492	4492
7988	7988
603	603
9612	9612
4931	4931
7065	7065
6905	6905
4014	4014
2288	2288
9392	9392
8996	8996
5645	5645
4725	4725
4432	4432
8279	8279
6229	6229
8025	8025
5533	5533
2957	2957
2957	2957
1296	1296
9677	9677
1416	1416
5042	5042
7010	7010
4452	4452
8546	8546
7180	7180
5145	5145
9691	9691
4501	4501
4921	4921
8236	8236
5506	5506
9077	9077
3922	3922
7246	7246
3217	3217
81	81
2421	2421
3011	3011
5004	5004
4411	4411
274	274
8643	8643
2050	2050
2616	2616
7225	7225
916	916
105	105
9110	9110
9821	9821
5356	5356
8906	8906
3513	3513
7334	7334
4455	4455
3880	3880
1800	1800
724	724
399	399
2869	2869
5071	5071
2604	2604
4858	4858
705	705
9948	9948
7737	7737
9123	9123
6810	6810
5530	5530
9780	9780
6041	6041
3499	3499
7860	7860
1967	1967
35	35
4593	4593
7535	7535
8248	8248
5291	5291
4296	4296
1438	1438
8473	8473
6918	6918
2373	2373
2358	2358
7144	7144
6805	6805
6265	6265
7919	7919
7361	7361
6432	6432
6615	6615
8274	8274
9781	9781
741	741
6505	6505
4553	4553
5007	5007
4766	4766
2805	2805
7419	7419
9671	9671
6161	6161
5269	5269
82	82
4503	4503
4502	4502
3216	3216
1830	1830
1773	1773
5050	5050
5723	5723
1398	1398
5194	5194
9413	9413
7866	7866
3005	3005
9833	9833
1527	1527
7115	7115
2127	2127
7641	7641
4565	4565
9605	9605
2469	2469
5886	5886
5164	5164
4576	4576
4585	4585
6597	6597
8567	8567
8336	8336
2076	2076
9836	9836
8647	8647
8021	8021
8468	8468
1612	1612
8238	8238
9820	9820
2902	2902
9023	9023
5668	5668
6508	6508
9375	9375
5084	5084
2793	2793
8398	8398
9264	9264
3682	3682
7490	7490
6370	6370
2735	2735
6458	6458
3493	3493
7828	7828
2184	2184
9907	9907
3312	3312
2446	2446
8918	8918
2343	2343
1128	1128
4112	4112
6771	6771
4571	4571
3035	3035
9114	9114
3594	3594
4808	4808
8726	8726
1522	1522
397	397
3347	3347
7574	7574
479	479
785	785
9692	9692
8670	8670
5889	5889
7634	7634
7479	7479
8254	8254
7654	7654
9977	9977
1683	1683
7727	7727
424	424
2481	2481
2074	2074
1074	1074
5483	5483
4036	4036
4155	4155
3101	3101
697	697
5695	5695
6515	6515
748	748
9536	9536
5098	5098
5988	5988
3067	3067
5963	5963
2900	2900
5341	5341
1674	1674
6720	6720
9576	9576
3196	3196
3145	3145
4039	4039
2920	2920
6231	6231
