500	613084
1605	1605
5713	5713
2600	2600
8805	8805
1702	1702
6414	6414
8220	8220
5544	5544
6368	6368
8677	8677
6371	6371
7632	7632
6150	6150
858	858
7391	7391
9996	9996
1193	1193
8065	8065
3510	3510
6389	6389
6628	6628
7600	7600
1637	1637
2126	2126
2964	2964
6476	6476
1247	1247
2998	2998
2922	2922
6728	6728
2589	2589
7605	7605
6755	6755
3903	3903
9779	9779
1523	1523
2649	2649
9550	9550
5575	5575
9813	9813
9528	9528
7744	7744
522	522
2375	2375
6211	6211
3633	3633
4061	4061
9010	9010
6821	6821
7587	7587
9151	9151
8224	8224
5957	5957
3297	3297
7271	7271
7318	7318
9953	9953
2070	2070
8066	8066
933	933
2045	2045
1538	1538
7432	7432
2210	2210
3505	3505
4732	4732
8520	8520
3206	3206
7196	7196
5256	5256
5755	5755
862	862
8445	8445
1814	1814
5162	5162
3490	3490
2579	2579
1396	1396
9876	9876
5830	5830
4968	4968
8951	8951
3916	3916
2508	2508
5828	5828
1810	1810
1074	1074
631	631
3529	3529
1276	1276
8825	8825
3867	3867
5267	5267
4098	4098
8630	8630
6113	6113
2742	2742
6966	6966
4761	4761
2577	2577
7141	7141
8409	8409
3392	3392
3126	3126
6114	6114
8217	8217
9852	9852
6176	6176
320	320
7256	7256
1889	1889
997	997
9446	9446
7616	7616
6164	6164
3022	3022
1905	1905
693	693
9989	9989
4868	4868
2018	2018
3494	3494
896	896
17	17
4358	4358
9167	9167
140	140
8799	8799
3731	3731
356	356
5310	5310
2549	2549
4712	4712
6739	6739
9793	9793
2801	2801
7256	7256
3048	3048
8753	8753
433	433
2905	2905
2964	2964
918	918
5757	5757
1473	1473
2113	2113
645	645
5869	5869
9365	9365
4275	4275
9579	9579
6217	6217
7424	7424
4685	4685
5190	5190
1260	1260
6319	6319
3889	3889
4467	4467
4754	4754
2518	2518
1621	1621
8074	8074
8518	8518
1107	1107
8120	8120
6002	6002
5435	5435
5981	5981
1781	1781
4197	4197
4629	4629
7249	7249
7172	7172
5240	5240
9636	9636
4590	4590
4070	4070
6890	6890
8897	8897
9402	9402
811	811
6297	6297
9212	9212
46	46
8715	8715
7215	7215
6534	6534
9810	9810
7869	7869
9210	9210
663	663
6422	6422
6897	6897
6319	6319
8097	8097
8879	8879
4576	4576
1146	1146
9417	9417
4121	4121
7623	7623
606	606
7206	7206
626	626
9282	9282
7043	7043
2958	2958
5953	5953
9429	9429
5240	5240
3400	3400
7152	7152
7644	7644
2147	2147
874	874
3834	3834
382	382
1164	1164
7378	7378
4773	4773
2018	2018
1304	1304
6302	6302
6212	6212
2478	2478
1761	1761
381	381
3074	3074
528	528
2674	2674
6391	6391
9789	9789
8378	8378
1253	1253
9924	9924
1792	1792
6615	6615
2060	2060
4077	4077
5441	5441
9054	9054
150	150
3171	3171
3823	3823
9436	9436
3630	3630
3102	3102
7183	7183
8485	8485
4129	4129
1590	1590
2429	2429
316	316
2561	2561
3257	3257
3787	3787
7426	7426
7341	7341
1078	1078
1654	1654
6814	6814
230	230
913	913
8372	8372
7712	7712
3936	3936
1187	1187
5897	5897
5388	5388
9380	9380
2031	2031
9458	9458
443	443
9129	9129
3189	3189
7437	7437
2256	2256
4743	4743
4328	4328
531	531
4802	4802
7421	7421
9458	9458
3265	3265
2988	2988
4286	4286
6511	6511
4258	4258
3875	3875
9511	9511
7396	7396
7027	7027
8395	8395
6230	6230
7487	7487
362	362
1769	1769
2778	2778
2991	2991
5355	5355
9285	9285
4540	4540
6232	6232
8822	8822
5273	5273
5289	5289
5889	5889
4440	4440
837	837
8569	8569
6285	6285
1835	1835
5723	5723
3496	3496
5819	5819
1079	1079
8708	8708
7262	7262
6239	6239
4048	4048
5984	5984
4636	4636
9454	9454
8059	8059
2865	2865
2983	2983
8331	8331
5811	5811
7296	7296
6462	6462
8221	8221
8562	8562
5295	5295
2719	2719
4829	4829
7877	7877
2583	2583
1428	1428
2332	2332
5054	5054
3750	3750
3349	3349
6295	6295
3524	3524
8585	8585
5922	5922
3382	3382
8182	8182
2961	2961
2130	2130
1374	1374
4071	4071
6529	6529
1042	1042
7094	7094
6089	6089
2383	2383
2984	2984
6437	6437
1381	1381
8639	8639
4403	4403
7297	7297
8667	8667
1372	1372
9125	9125
9649	9649
6166	6166
2453	2453
9978	9978
9820	9820
5513	5513
3186	3186
6222	6222
6011	6011
9042	9042
9032	9032
7392	7392
4901	4901
1132	1132
5186	5186
1346	1346
398	398
6377	6377
1356	1356
3078	3078
1824	1824
2487	2487
3680	3680
3112	3112
3978	3978
9299	9299
9200	9200
817	817
9104	9104
8542	8542
5261	5261
363	363
4432	4432
1881	1881
4467	4467
441	441
2387	2387
6121	6121
722	722
5598	5598
4493	4493
4636	4636
4740	4740
7621	7621
8583	8583
2456	2456
586	586
3761	3761
9677	9677
6757	6757
4429	4429
2296	2296
241	241
928	928
269	269
81	81
7750	7750
7838	7838
12	12
5195	5195
2251	2251
7451	7451
9017	9017
897	897
2723	2723
3352	3352
4504	4504
5731	5731
7586	7586
386	386
5559	5559
611	611
2800	2800
3145	3145
2479	2479
8651	8651
4260	4260
5288	5288
6345	6345
4228	4228
5183	5183
2321	2321
3750	3750
5283	5283
4995	4995
2172	2172
9697	9697
3706	3706
6974	6974
5409	5409
9942	9942
2245	2245
653	653
4300	4300
8185	8185
4548	4548
6942	6942
3158	3158
5538	5538
2973	2973
1836	1836
4479	4479
4675	4675
7547	7547
4166	4166
999	999
418	418
1353	1353
6808	6808
6724	6724
2200	2200
8166	8166
8465	8465
4382	4382
2148	2148
339	339
2044	2044
8709	8709
4553	4553
350	350
9628	9628
3065	3065
768	768
6075	6075
4040	4040
8921	8921
898	898
6860	6860
131	131
9617	9617
1661	1661
9592	9592
5851	5851
