500	1237395
1546	1546
154	154
2404	2404
8692	8692
158	158
4088	4088
1757	1757
3884	3884
8999	8999
318	318
5429	5429
538	538
8518	8518
3128	3128
6866	6866
3928	3928
6888	6888
9779	9779
384	384
2350	2350
2884	2884
5450	5450
4867	4867
7548	7548
2838	2838
3761	3761
1474	1474
9504	9504
1006	1006
1584	1584
8428	8428
4216	4216
5990	5990
7715	7715
7494	7494
9895	9895
7071	7071
4206	4206
4085	4085
1684	1684
3761	3761
2900	2900
2380	2380
7633	7633
4294	4294
6802	6802
4765	4765
5303	5303
2534	2534
73	73
9382	9382
3807	3807
5789	5789
6799	6799
8502	8502
6410	6410
6776	6776
3043	3043
5533	5533
5698	5698
2623	2623
38	38
26	26
6697	6697
4827	4827
2137	2137
7217	7217
6987	6987
1963	1963
4002	4002
8072	8072
3088	3088
5518	5518
5941	5941
8655	8655
5723	5723
4766	4766
9227	9227
8101	8101
946	946
9646	9646
1724	1724
6823	6823
3399	3399
9730	9730
4788	4788
1081	1081
4387	4387
254	254
5739	5739
1321	1321
8133	8133
2160	2160
9404	9404
3294	3294
6926	6926
3945	3945
8264	8264
7510	7510
3530	3530
2413	2413
5147	5147
7999	7999
1661	1661
6825	6825
2635	2635
622	622
4627	4627
3892	3892
8641	8641
503	503
632	632
5980	5980
2995	2995
5557	5557
9727	9727
8230	8230
4393	4393
4691	4691
5959	5959
1393	1393
4200	4200
4353	4353
1225	1225
6914	6914
6506	6506
533	533
6636	6636
7861	7861
9604	9604
83	83
4383	4383
1842	1842
7713	7713
8689	8689
764	764
3903	3903
6196	6196
230	230
566	566
3466	3466
8641	8641
9777	9777
6696	6696
763	763
1790	1790
2584	2584
5164	5164
171	171
5673	5673
4413	4413
7393	7393
8631	8631
5392	5392
3757	3757
9103	9103
6599	6599
8306	8306
4369	4369
5244	5244
1730	1730
2621	2621
7831	7831
9161	9161
705	705
2508	2508
9670	9670
29	29
2173	2173
4172	4172
8597	8597
1111	1111
382	382
4437	4437
7270	7270
2569	2569
4584	4584
460	460
61	61
4902	4902
5514	5514
3083	3083
6302	6302
7032	7032
6575	6575
5940	5940
7078	7078
6383	6383
8671	8671
3456	3456
6208	6208
1924	1924
9322	9322
6138	6138
8170	8170
1770	1770
9584	9584
3359	3359
1815	1815
8026	8026
9551	9551
7871	7871
588	588
4221	4221
9756	9756
5724	5724
4229	4229
1231	1231
6737	6737
7961	7961
6714	6714
8088	8088
7440	7440
1642	1642
8854	8854
1049	1049
3760	3760
8360	8360
9911	9911
2391	2391
8349	8349
4700	4700
9612	9612
4996	4996
2294	2294
1748	1748
1810	1810
4309	4309
8607	8607
7648	7648
3273	3273
6831	6831
9760	9760
8715	8715
7868	7868
1336	1336
7766	7766
3989	3989
2961	2961
1139	1139
7433	7433
7635	7635
4072	4072
9358	9358
8581	8581
2571	2571
2559	2559
8891	8891
6764	6764
468	468
9193	9193
4490	4490
6413	6413
967	967
4003	4003
2960	2960
1919	1919
8074	8074
7222	7222
4465	4465
3124	3124
6906	6906
5152	5152
4498	4498
269	269
618	618
9760	9760
7507	7507
1296	1296
7910	7910
7641	7641
7136	7136
9905	9905
3038	3038
7427	7427
665	665
7949	7949
7356	7356
647	647
3556	3556
8167	8167
6735	6735
8334	8334
8991	8991
9988	9988
1427	1427
9109	9109
7268	7268
8843	8843
8016	8016
1579	1579
6156	6156
7756	7756
5032	5032
5519	5519
6429	6429
1493	1493
3743	3743
4710	4710
8270	8270
8159	8159
5320	5320
4556	4556
2422	2422
8371	8371
5094	5094
6350	6350
2463	2463
1315	1315
2063	2063
1211	1211
547	547
707	707
7248	7248
3479	3479
1714	1714
5967	5967
5341	5341
9267	9267
6211	6211
3409	3409
4104	4104
9332	9332
1006	1006
3155	3155
9633	9633
5978	5978
8710	8710
8245	8245
3590	3590
2567	2567
21	21
7858	7858
5895	5895
4475	4475
2953	2953
413	413
634	634
1658	1658
7242	7242
4516	4516
1643	1643
4686	4686
1285	1285
2991	2991
9874	9874
2673	2673
7361	7361
3906	3906
5202	5202
8939	8939
2403	2403
7891	7891
9484	9484
2568	2568
11	11
6268	6268
5731	5731
8844	8844
8776	8776
4642	4642
3101	3101
2915	2915
1853	1853
8754	8754
8336	8336
2234	2234
8315	8315
5972	5972
2878	2878
5096	5096
6689	6689
2529	2529
8399	8399
6145	6145
7365	7365
9671	9671
6050	6050
2155	2155
2965	2965
9435	9435
8895	8895
5968	5968
2885	2885
7184	7184
5710	5710
5001	5001
9138	9138
6082	6082
2206	2206
3002	3002
9329	9329
4908	4908
9533	9533
1474	1474
1478	1478
4570	4570
519	519
8292	8292
9293	9293
969	969
2353	2353
5379	5379
4950	4950
4387	4387
2403	2403
3687	3687
9659	9659
3676	3676
7753	7753
1666	1666
3734	3734
8251	8251
352	352
472	472
1024	1024
253	253
4792	4792
7563	7563
3340	3340
6084	6084
5490	5490
9902	9902
6359	6359
9616	9616
6531	6531
4513	4513
3816	3816
8699	8699
4654	4654
225	225
4791	4791
2033	2033
2518	2518
6469	6469
4897	4897
7908	7908
7820	7820
3318	3318
2559	2559
1965	1965
1841	1841
8195	8195
4267	4267
1125	1125
5705	5705
1887	1887
6977	6977
2044	2044
8873	8873
2549	2549
676	676
2849	2849
1046	1046
2077	2077
8851	8851
4066	4066
1205	1205
5041	5041
9591	9591
3840	3840
3724	3724
3751	3751
1243	1243
680	680
5290	5290
1710	1710
7257	7257
6551	6551
5087	5087
1344	1344
2940	2940
7522	7522
6986	6986
1735	1735
9273	9273
6326	6326
7723	7723
5803	5803
1627	1627
2498	2498
9113	9113
6909	6909
5242	5242
4540	4540
4607	4607
4649	4649
783	783
877	877
8429	8429
144	144
332	332
9982	9982
6994	6994
7543	7543
486	486
7745	7745
8239	8239
2904	2904
1933	1933
