500	1868463
8808	8808
711	711
405	405
6785	6785
4425	4425
4952	4952
102	102
6020	6020
4984	4984
6074	6074
3355	3355
9016	9016
7342	7342
8224	8224
9182	9182
3307	3307
3601	3601
1773	1773
4888	4888
4137	4137
9675	9675
9843	9843
5775	5775
1591	1591
5659	5659
6868	6868
9715	9715
8141	8141
7718	7718
5929	5929
1590	1590
9589	9589
7040	7040
9209	9209
2589	2589
3139	3139
2641	2641
8629	8629
3954	3954
2889	2889
918	918
2413	2413
3859	3859
8190	8190
7431	7431
6506	6506
3236	3236
234	234
3411	3411
7982	7982
9725	9725
4659	4659
5339	5339
5911	5911
287	287
9258	9258
5752	5752
336	336
5384	5384
7234	7234
6258	6258
9278	9278
4613	4613
7984	7984
147	147
85	85
4999	4999
7447	7447
1380	1380
9307	9307
3417	3417
2893	2893
1228	1228
7824	7824
5972	5972
4666	4666
1011	1011
3677	3677
2651	2651
5385	5385
7002	7002
2274	2274
6363	6363
8667	8667
3371	3371
5565	5565
9228	9228
4290	4290
2889	2889
7193	7193
529	529
1833	1833
2852	2852
4812	4812
1243	1243
9644	9644
541	541
3250	3250
2164	2164
9463	9463
7101	7101
2856	2856
4461	4461
9455	9455
5213	5213
3652	3652
7346	7346
620	620
5159	5159
5949	5949
3209	3209
6866	6866
2242	2242
2952	2952
293	293
7312	7312
4647	4647
31	31
3835	3835
4113	4113
6460	6460
7986	7986
196	196
8446	8446
5685	5685
4155	4155
5867	5867
9195	9195
7923	7923
8487	8487
4378	4378
9155	9155
3956	3956
6069	6069
9712	9712
5088	5088
1208	1208
4479	4479
9110	9110
4776	4776
1740	1740
7666	7666
9047	9047
3996	3996
2808	2808
8342	8342
8107	8107
8713	8713
7088	7088
3661	3661
5335	5335
568	568
2654	2654
2211	2211
7177	7177
8109	8109
9298	9298
7378	7378
2875	2875
9903	9903
1511	1511
350	350
3910	3910
3650	3650
8920	8920
2189	2189
4486	4486
8040	8040
5692	5692
6652	6652
4837	4837
6367	6367
9168	9168
2104	2104
538	538
1776	1776
1104	1104
4590	4590
2018	2018
5183	5183
8239	8239
8660	8660
5307	5307
4498	4498
4651	4651
257	257
5504	5504
9052	9052
2319	2319
7874	7874
117	117
8901	8901
4298	4298
71	71
4883	4883
717	717
4865	4865
4221	4221
588	588
675	675
1854	1854
7233	7233
778	778
1295	1295
1308	1308
3871	3871
325	325
5646	5646
7163	7163
541	541
2359	2359
6899	6899
3412	3412
1747	1747
2335	2335
6814	6814
6103	6103
9105	9105
9246	9246
6812	6812
9985	9985
5785	5785
7233	7233
8118	8118
31	31
1769	1769
3615	3615
2977	2977
4368	4368
3389	3389
6106	6106
9256	9256
7880	7880
2067	2067
7053	7053
4257	4257
9408	9408
3821	3821
7290	7290
5014	5014
6775	6775
1265	1265
4543	4543
1165	1165
6683	6683
2320	2320
7316	7316
9409	9409
4110	4110
8656	8656
8619	8619
9855	9855
5963	5963
142	142
6303	6303
4496	4496
5545	5545
8062	8062
6522	6522
6003	6003
4301	4301
5050	5050
4343	4343
4922	4922
8056	8056
977	977
4113	4113
8932	8932
6508	6508
4322	4322
3669	3669
6282	6282
2353	2353
1613	1613
509	509
2764	2764
9172	9172
9686	9686
9400	9400
3544	3544
2943	2943
1084	1084
3738	3738
8655	8655
3554	3554
7303	7303
1947	1947
749	749
118	118
7223	7223
6248	6248
9121	9121
8825	8825
4954	4954
7302	7302
5352	5352
6773	6773
5134	5134
4305	4305
6121	6121
4373	4373
9434	9434
2252	2252
8746	8746
9347	9347
4970	4970
2712	2712
876	876
4664	4664
4594	4594
2000	2000
3187	3187
1554	1554
7790	7790
4907	4907
7962	7962
833	833
6169	6169
480	480
7348	7348
1654	1654
8093	8093
2218	2218
4509	4509
1139	1139
8994	8994
1256	1256
7713	7713
1967	1967
2971	2971
7596	7596
6328	6328
149	149
4483	4483
9138	9138
9687	9687
1996	1996
6921	6921
2729	2729
1025	1025
9315	9315
3395	3395
7665	7665
6017	6017
6786	6786
9887	9887
7628	7628
944	944
2273	2273
4940	4940
5489	5489
5689	5689
6328	6328
8091	8091
4459	4459
3736	3736
1949	1949
2357	2357
9129	9129
215	215
7009	7009
4108	4108
7920	7920
8070	8070
9974	9974
765	765
7087	7087
9806	9806
5318	5318
9986	9986
6680	6680
3221	3221
2989	2989
5890	5890
6085	6085
2297	2297
9165	9165
2716	2716
1505	1505
9018	9018
1659	1659
2981	2981
37	37
968	968
3827	3827
3240	3240
2871	2871
9825	9825
4534	4534
4961	4961
3091	3091
3037	3037
938	938
7107	7107
6949	6949
1269	1269
3624	3624
3667	3667
4643	4643
5742	5742
6017	6017
4915	4915
3622	3622
4494	4494
3828	3828
5953	5953
146	146
1523	1523
4601	4601
149	149
9797	9797
6856	6856
7095	7095
2209	2209
3764	3764
8059	8059
8774	8774
4720	4720
426	426
1864	1864
9471	9471
4057	4057
7061	7061
9556	9556
129	129
563	563
6282	6282
3321	3321
5418	5418
4208	4208
7202	7202
6434	6434
2880	2880
199	199
301	301
4320	4320
8235	8235
792	792
9624	9624
3239	3239
2187	2187
3096	3096
7484	7484
6848	6848
7700	7700
6928	6928
7256	7256
3398	3398
2471	2471
3835	3835
358	358
9562	9562
3177	3177
6915	6915
2893	2893
9902	9902
9818	9818
6740	6740
5403	5403
6846	6846
4103	4103
2948	2948
5522	5522
9414	9414
2621	2621
5528	5528
57	57
1657	1657
7802	7802
669	669
1403	1403
2272	2272
144	144
5596	5596
6517	6517
7049	7049
8614	8614
8940	8940
3962	3962
4356	4356
6865	6865
8736	8736
7465	7465
9517	9517
8380	8380
1262	1262
7570	7570
5035	5035
9663	9663
4370	4370
7377	7377
4403	4403
6346	6346
6265	6265
5398	5398
6202	6202
1770	1770
1272	1272
581	581
6258	6258
