500	2305741
8776	8776
1322	1322
1723	1723
8439	8439
8230	8230
7027	7027
2666	2666
8727	8727
9605	9605
3703	3703
9339	9339
7756	7756
4817	4817
9605	9605
5603	5603
9403	9403
8009	8009
7810	7810
3435	3435
9572	9572
8959	8959
8904	8904
1175	1175
7743	7743
5610	5610
2739	2739
3536	3536
8528	8528
6803	6803
6408	6408
991	991
1295	1295
9007	9007
4313	4313
1522	1522
9639	9639
4811	4811
4087	4087
9758	9758
1060	1060
3787	3787
5655	5655
865	865
2331	2331
1971	1971
2975	2975
7180	7180
2434	2434
9807	9807
7657	7657
7443	7443
7018	7018
3941	3941
6874	6874
360	360
206	206
5007	5007
9904	9904
8807	8807
8857	8857
1795	1795
234	234
8677	8677
7995	7995
9966	9966
1881	1881
9920	9920
2981	2981
3203	3203
6776	6776
4118	4118
339	339
145	145
5382	5382
2802	2802
2161	2161
7582	7582
6540	6540
2305	2305
4244	4244
2658	2658
2274	2274
4997	4997
8264	8264
4439	4439
5939	5939
4656	4656
8710	8710
3643	3643
7328	7328
5647	5647
7485	7485
2155	2155
587	587
3987	3987
524	524
6317	6317
187	187
6395	6395
3811	3811
200	200
2820	2820
1017	1017
8842	8842
9178	9178
4693	4693
479	479
1440	1440
5554	5554
7155	7155
9101	9101
1486	1486
4389	4389
573	573
9692	9692
1801	1801
9023	9023
8865	8865
9686	9686
6457	6457
5848	5848
8362	8362
4713	4713
20	20
8456	8456
3766	3766
3277	3277
8706	8706
5965	5965
4566	4566
3593	3593
4369	4369
980	980
2154	2154
4092	4092
2987	2987
7728	7728
9580	9580
2959	2959
7802	7802
8690	8690
1889	1889
364	364
1683	1683
7079	7079
5149	5149
2870	2870
7887	7887
8711	8711
7447	7447
515	515
4253	4253
6631	6631
3439	3439
6964	6964
7413	7413
9626	9626
3262	3262
7101	7101
8164	8164
3072	3072
2670	2670
7838	7838
3073	3073
646	646
8514	8514
2609	2609
9120	9120
8088	8088
2318	2318
7886	7886
1923	1923
3064	3064
3743	3743
1582	1582
2066	2066
5680	5680
5161	5161
844	844
8359	8359
6845	6845
610	610
7222	7222
9536	9536
1462	1462
2371	2371
155	155
2269	2269
2487	2487
7759	7759
1710	1710
506	506
2589	2589
49	49
4446	4446
3944	3944
9468	9468
7919	7919
8680	8680
3370	3370
812	812
2199	2199
2641	2641
1830	1830
9141	9141
3242	3242
4050	4050
7985	7985
6512	6512
2875	2875
7637	7637
4923	4923
1451	1451
3404	3404
8956	8956
2780	2780
4038	4038
7467	7467
1154	1154
2500	2500
3752	3752
3194	3194
4193	4193
5089	5089
2144	2144
4222	4222
3396	3396
5088	5088
3371	3371
5404	5404
926	926
8093	8093
965	965
5825	5825
5194	5194
7879	7879
7056	7056
4446	4446
7770	7770
9473	9473
1342	1342
9038	9038
3338	3338
3717	3717
5205	5205
9838	9838
314	314
7374	7374
3731	3731
2278	2278
3145	3145
4689	4689
9964	9964
8953	8953
787	787
1891	1891
7346	7346
3973	3973
5628	5628
2191	2191
3032	3032
172	172
9054	9054
8120	8120
6743	6743
4955	4955
4139	4139
7237	7237
5001	5001
4686	4686
270	270
8059	8059
268	268
8304	8304
9849	9849
1560	1560
2215	2215
6879	6879
5087	5087
4515	4515
7177	7177
3199	3199
3391	3391
7285	7285
9814	9814
453	453
3795	3795
939	939
2369	2369
1475	1475
1130	1130
4670	4670
3066	3066
5625	5625
4406	4406
726	726
3429	3429
64	64
2977	2977
4788	4788
8399	8399
1957	1957
1438	1438
7814	7814
2175	2175
4749	4749
9977	9977
7915	7915
1176	1176
8037	8037
6157	6157
8499	8499
6729	6729
4050	4050
4620	4620
2775	2775
9864	9864
5747	5747
9103	9103
3962	3962
7563	7563
3192	3192
9050	9050
3638	3638
6657	6657
7789	7789
7772	7772
2028	2028
1233	1233
8044	8044
3295	3295
8367	8367
1230	1230
5098	5098
7989	7989
6746	6746
5344	5344
6529	6529
1046	1046
4684	4684
6966	6966
8002	8002
2415	2415
5014	5014
3348	3348
6846	6846
309	309
7900	7900
5961	5961
238	238
4224	4224
6918	6918
9993	9993
7012	7012
1794	1794
6642	6642
9032	9032
931	931
2415	2415
2669	2669
6102	6102
9391	9391
8750	8750
9388	9388
6101	6101
2716	2716
8003	8003
4648	4648
7871	7871
3392	3392
919	919
7759	7759
135	135
810	810
9535	9535
4520	4520
6373	6373
9212	9212
2322	2322
4492	4492
3997	3997
9354	9354
3226	3226
3616	3616
6114	6114
6473	6473
2020	2020
3042	3042
8641	8641
1826	1826
9545	9545
3449	3449
4811	4811
9738	9738
9896	9896
8682	8682
7584	7584
6703	6703
1985	1985
8818	8818
3530	3530
5086	5086
2499	2499
388	388
6466	6466
9357	9357
2354	2354
1783	1783
7956	7956
1347	1347
4248	4248
1438	1438
2425	2425
3126	3126
6785	6785
5770	5770
9685	9685
9835	9835
9650	9650
1768	1768
6403	6403
4479	4479
9277	9277
9973	9973
3750	3750
8748	8748
1213	1213
4580	4580
2343	2343
8402	8402
5453	5453
9954	9954
7705	7705
6380	6380
7356	7356
5409	5409
4767	4767
4734	4734
5692	5692
6558	6558
4018	4018
5229	5229
6605	6605
5466	5466
3915	3915
5565	5565
6037	6037
7507	7507
4863	4863
2214	2214
2695	2695
6879	6879
8700	8700
9632	9632
9076	9076
8586	8586
6598	6598
284	284
6361	6361
8172	8172
2901	2901
2059	2059
5404	5404
626	626
7672	7672
7218	7218
6601	6601
7645	7645
3859	3859
5703	5703
5454	5454
3530	3530
5499	5499
6920	6920
1938	1938
3106	3106
8951	8951
5871	5871
5970	5970
9997	9997
6539	6539
8754	8754
1869	1869
9955	9955
225	225
6295	6295
9200	9200
7742	7742
3490	3490
2600	2600
7255	7255
5601	5601
6519	6519
4901	4901
6394	6394
9090	9090
1294	1294
3892	3892
6075	6075
733	733
