500	1265306
6861	6861
7754	7754
5899	5899
7041	7041
5529	5529
1140	1140
5484	5484
4834	4834
7857	7857
5109	5109
6026	6026
4150	4150
1102	1102
4962	4962
52	52
366	366
6402	6402
6751	6751
4846	4846
7165	7165
4136	4136
2611	2611
6729	6729
3503	3503
5929	5929
9057	9057
1409	1409
5713	5713
4021	4021
5092	5092
3315	3315
855	855
1230	1230
7586	7586
4761	4761
598	598
3924	3924
8907	8907
1362	1362
1275	1275
9975	9975
1228	1228
1460	1460
1288	1288
4053	4053
3813	3813
6534	6534
4248	4248
1428	1428
8868	8868
3392	3392
8079	8079
6302	6302
1774	1774
826	826
3878	3878
8592	8592
5411	5411
2622	2622
6817	6817
3266	3266
6472	6472
1498	1498
8921	8921
826	826
7427	7427
3755	3755
781	781
3720	3720
3424	3424
4458	4458
6238	6238
6423	6423
9871	9871
4231	4231
8304	8304
6136	6136
6746	6746
6369	6369
351	351
4960	4960
7865	7865
8942	8942
1934	1934
4791	4791
769	769
3980	3980
4429	4429
5442	5442
7486	7486
3679	3679
3866	3866
3647	3647
4989	4989
6795	6795
4768	4768
2512	2512
1048	1048
2362	2362
4962	4962
1789	1789
6162	6162
4634	4634
3101	3101
9032	9032
8506	8506
7135	7135
5788	5788
8569	8569
4121	4121
3858	3858
5640	5640
3534	3534
2700	2700
2258	2258
9604	9604
2558	2558
8717	8717
3188	3188
4056	4056
66	66
7794	7794
7423	7423
7094	7094
6112	6112
2948	2948
1927	1927
6541	6541
2483	2483
12	12
5847	5847
9808	9808
3674	3674
3994	3994
7869	7869
4295	4295
140	140
9459	9459
7601	7601
7874	7874
6252	6252
3203	3203
5867	5867
7377	7377
2504	2504
2992	2992
4517	4517
5128	5128
8384	8384
5572	5572
2274	2274
3541	3541
5406	5406
939	939
9515	9515
5432	5432
9116	9116
6898	6898
2184	2184
5862	5862
5167	5167
1138	1138
3327	3327
178	178
1747	1747
1448	1448
3285	3285
3877	3877
6267	6267
7115	7115
422	422
6303	6303
6568	6568
7765	7765
242	242
2685	2685
8904	8904
4907	4907
135	135
6671	6671
5699	5699
7504	7504
3556	3556
5988	5988
6547	6547
6980	6980
8228	8228
5928	5928
3458	3458
4824	4824
26	26
2844	2844
663	663
1291	1291
4494	4494
427	427
6830	6830
7105	7105
1548	1548
1120	1120
7254	7254
6629	6629
5822	5822
2881	2881
9512	9512
1616	1616
5498	5498
2204	2204
8687	8687
631	631
4836	4836
9540	9540
8293	8293
1121	1121
599	599
4518	4518
5964	5964
5618	5618
8708	8708
4130	4130
2291	2291
6143	6143
5137	5137
4932	4932
400	400
733	733
214	214
6245	6245
5458	5458
1223	1223
2386	2386
6849	6849
4180	4180
8556	8556
206	206
3357	3357
8964	8964
2473	2473
8070	8070
9059	9059
7215	7215
7557	7557
7930	7930
7824	7824
6011	6011
9934	9934
7659	7659
2961	2961
8647	8647
7306	7306
5531	5531
320	320
2930	2930
6836	6836
2930	2930
9111	9111
7540	7540
9575	9575
3728	3728
2424	2424
6932	6932
2544	2544
8391	8391
5448	5448
7222	7222
4005	4005
5339	5339
8445	8445
1516	1516
1333	1333
8084	8084
5045	5045
5282	5282
660	660
5823	5823
8832	8832
8719	8719
8225	8225
6830	6830
6755	6755
8305	8305
4941	4941
7241	7241
5987	5987
1531	1531
8624	8624
5204	5204
7682	7682
3635	3635
6292	6292
6605	6605
2747	2747
6577	6577
1954	1954
738	738
8931	8931
7544	7544
8583	8583
1316	1316
5842	5842
7499	7499
4509	4509
6763	6763
4983	4983
7712	7712
4025	4025
7832	7832
3766	3766
4798	4798
5433	5433
9328	9328
6399	6399
8291	8291
137	137
5219	5219
2661	2661
7251	7251
4489	4489
2715	2715
5384	5384
4338	4338
3361	3361
7356	7356
8653	8653
5055	5055
6050	6050
8396	8396
5576	5576
404	404
8188	8188
2907	2907
7084	7084
3645	3645
1011	1011
8147	8147
6363	6363
9267	9267
7702	7702
5032	5032
9762	9762
3636	3636
190	190
6354	6354
509	509
9732	9732
1307	1307
9713	9713
7156	7156
8535	8535
6144	6144
1058	1058
3866	3866
1858	1858
8551	8551
3936	3936
8737	8737
338	338
5637	5637
1048	1048
9526	9526
736	736
1191	1191
1934	1934
4081	4081
9520	9520
8417	8417
343	343
1278	1278
8636	8636
781	781
539	539
9131	9131
1208	1208
297	297
9694	9694
328	328
4152	4152
841	841
2622	2622
1359	1359
8513	8513
9126	9126
5794	5794
6833	6833
6563	6563
557	557
8057	8057
9621	9621
5209	5209
504	504
3665	3665
614	614
6754	6754
8019	8019
8210	8210
5684	5684
7916	7916
5647	5647
8847	8847
9807	9807
7289	7289
3320	3320
9051	9051
1880	1880
1202	1202
3421	3421
8113	8113
7700	7700
3046	3046
3581	3581
4410	4410
163	163
6227	6227
5941	5941
6211	6211
7738	7738
9079	9079
3467	3467
5845	5845
4366	4366
8599	8599
7243	7243
2642	2642
2762	2762
9584	9584
2498	2498
6534	6534
3929	3929
694	694
5608	5608
6003	6003
400	400
5627	5627
1040	1040
9738	9738
3209	3209
7167	7167
3289	3289
6774	6774
4922	4922
7923	7923
28	28
7587	7587
6755	6755
2997	2997
8415	8415
9033	9033
1471	1471
1175	1175
4583	4583
6109	6109
2706	2706
8711	8711
8833	8833
1782	1782
4527	4527
3562	3562
6789	6789
8598	8598
882	882
5498	5498
7391	7391
7083	7083
8488	8488
3540	3540
2414	2414
7887	7887
7827	7827
44	44
3399	3399
9740	9740
3244	3244
5371	5371
6154	6154
6244	6244
6553	6553
4874	4874
6963	6963
8285	8285
7075	7075
9652	9652
8614	8614
2160	2160
8710	8710
6948	6948
4819	4819
1112	1112
7784	7784
5974	5974
8516	8516
4816	4816
1614	1614
9170	9170
9961	9961
6688	6688
326	326
9875	9875
542	542
3448	3448
5608	5608
