500	254689
2268	2268
6841	6841
9093	9093
4008	4008
411	411
1001	1001
700	700
958	958
8794	8794
7027	7027
790	790
4070	4070
5412	5412
583	583
3315	3315
5314	5314
1736	1736
2274	2274
590	590
2270	2270
2855	2855
5219	5219
1393	1393
7679	7679
8390	8390
715	715
5856	5856
2847	2847
2872	2872
5648	5648
7881	7881
7042	7042
8159	8159
4130	4130
2958	2958
1068	1068
7043	7043
966	966
8964	8964
3617	3617
4519	4519
9821	9821
8221	8221
8659	8659
8893	8893
2865	2865
3380	3380
8613	8613
2320	2320
3045	3045
6818	6818
586	586
6743	6743
6951	6951
3773	3773
9974	9974
4971	4971
3342	3342
8793	8793
8699	8699
1046	1046
4611	4611
4137	4137
9188	9188
1638	1638
5740	5740
7846	7846
5246	5246
8057	8057
3222	3222
7968	7968
3886	3886
8501	8501
9956	9956
5757	5757
3472	3472
8411	8411
2060	2060
710	710
9198	9198
1939	1939
2769	2769
9063	9063
3515	3515
5923	5923
7324	7324
6458	6458
3110	3110
3827	3827
8804	8804
6579	6579
9675	9675
1203	1203
722	722
5839	5839
8735	8735
3855	3855
7051	7051
9294	9294
8389	8389
3614	3614
5471	5471
5479	5479
1917	1917
6309	6309
3829	3829
1766	1766
919	919
2785	2785
3500	3500
1764	1764
2682	2682
9597	9597
1798	1798
9264	9264
2547	2547
720	720
9942	9942
6956	6956
4073	4073
620	620
5760	5760
8253	8253
3116	3116
7666	7666
2462	2462
9022	9022
9177	9177
1885	1885
5812	5812
7113	7113
9228	9228
4941	4941
8607	8607
4900	4900
8713	8713
6780	6780
746	746
5834	5834
4930	4930
7441	7441
119	119
8229	8229
8830	8830
3927	3927
971	971
7289	7289
7549	7549
4984	4984
3856	3856
8611	8611
3156	3156
3718	3718
898	898
3073	3073
4754	4754
1761	1761
7522	7522
5053	5053
4921	4921
4807	4807
1071	1071
1351	1351
4319	4319
1214	1214
7014	7014
9921	9921
3552	3552
6162	6162
7709	7709
9908	9908
5302	5302
5308	5308
8508	8508
1301	1301
6764	6764
8737	8737
6836	6836
9461	9461
6831	6831
3398	3398
9723	9723
1486	1486
383	383
5019	5019
5704	5704
8050	8050
96	96
7973	7973
6088	6088
3851	3851
8662	8662
3830	3830
6947	6947
6670	6670
1394	1394
4689	4689
5812	5812
2101	2101
7151	7151
2716	2716
3776	3776
5344	5344
5344	5344
2983	2983
7344	7344
8813	8813
6007	6007
7571	7571
1673	1673
784	784
4225	4225
5486	5486
3170	3170
8843	8843
2825	2825
4701	4701
6410	6410
7073	7073
7884	7884
3959	3959
1972	1972
1820	1820
5480	5480
8676	8676
3911	3911
4208	4208
8137	8137
6503	6503
4871	4871
856	856
7898	7898
614	614
691	691
7661	7661
4865	4865
630	630
7925	7925
7274	7274
9835	9835
4524	4524
5863	5863
6263	6263
3735	3735
2634	2634
2443	2443
1000	1000
8981	8981
2819	2819
9311	9311
2088	2088
6579	6579
9898	9898
6791	6791
7519	7519
1689	1689
1982	1982
1622	1622
260	260
7069	7069
5947	5947
2224	2224
6785	6785
7802	7802
3431	3431
1243	1243
7279	7279
3342	3342
5360	5360
521	521
4920	4920
1284	1284
2255	2255
7080	7080
2422	2422
4279	4279
9312	9312
4920	4920
664	664
8918	8918
4955	4955
3251	3251
5724	5724
9919	9919
9421	9421
1990	1990
409	409
6959	6959
2416	2416
5704	5704
7390	7390
6619	6619
1635	1635
3369	3369
7535	7535
4045	4045
3951	3951
7513	7513
4831	4831
6247	6247
1698	1698
805	805
9711	9711
5127	5127
9827	9827
5254	5254
4395	4395
8885	8885
1366	1366
5250	5250
4528	4528
341	341
5792	5792
6173	6173
2964	2964
9366	9366
7903	7903
335	335
1771	1771
8237	8237
3931	3931
8556	8556
733	733
1937	1937
7317	7317
127	127
3358	3358
5730	5730
1831	1831
8983	8983
3617	3617
1705	1705
5861	5861
3543	3543
6740	6740
8332	8332
5732	5732
6423	6423
6852	6852
8781	8781
6272	6272
3949	3949
9727	9727
3496	3496
4928	4928
9202	9202
8719	8719
1821	1821
1147	1147
53	53
6654	6654
7196	7196
9681	9681
6382	6382
6156	6156
7962	7962
6431	6431
2569	2569
577	577
8986	8986
6741	6741
6441	6441
6348	6348
6458	6458
3501	3501
9647	9647
2727	2727
5702	5702
9647	9647
3297	3297
6750	6750
5673	5673
413	413
2833	2833
9940	9940
2416	2416
7030	7030
8318	8318
3351	3351
8357	8357
9330	9330
777	777
4730	4730
8582	8582
1125	1125
1828	1828
516	516
6499	6499
6978	6978
4671	4671
1785	1785
2524	2524
8211	8211
3430	3430
8087	8087
8112	8112
4458	4458
6836	6836
2326	2326
7050	7050
6131	6131
6249	6249
3971	3971
7521	7521
4137	4137
495	495
355	355
3564	3564
876	876
7551	7551
1489	1489
7323	7323
5247	5247
6641	6641
1010	1010
6988	6988
4159	4159
1306	1306
3052	3052
8917	8917
3972	3972
8340	8340
9066	9066
7510	7510
5629	5629
3281	3281
4016	4016
3010	3010
7355	7355
7446	7446
5018	5018
1394	1394
9885	9885
7025	7025
3176	3176
1249	1249
9680	9680
7286	7286
9428	9428
9195	9195
6868	6868
7972	7972
4571	4571
9257	9257
3737	3737
531	531
3969	3969
5416	5416
7273	7273
6455	6455
387	387
6155	6155
7076	7076
9404	9404
6476	6476
2758	2758
3661	3661
5791	5791
252	252
1637	1637
3517	3517
3117	3117
9251	9251
1891	1891
4335	4335
945	945
4350	4350
9694	9694
1204	1204
56	56
6818	6818
9733	9733
4962	4962
5411	5411
5991	5991
3847	3847
2246	2246
8655	8655
9840	9840
6802	6802
147	147
525	525
1653	1653
9910	9910
9943	9943
4698	4698
4306	4306
8140	8140
8348	8348
1459	1459
9021	9021
1426	1426
3349	3349
3333	3333
9453	9453
9471	9471
7763	7763
2877	2877
4336	4336
887	887
