500	1919557
3173	3173
7882	7882
8262	8262
6707	6707
1019	1019
1276	1276
1348	1348
7454	7454
1855	1855
886	886
9956	9956
8426	8426
1161	1161
606	606
9151	9151
8165	8165
1786	1786
4963	4963
3926	3926
5797	5797
3972	3972
9818	9818
5291	5291
3197	3197
8963	8963
2099	2099
4949	4949
7047	7047
2423	2423
6026	6026
8588	8588
796	796
9834	9834
5868	5868
3922	3922
574	574
1675	1675
6404	6404
1050	1050
9984	9984
2839	2839
2365	2365
8607	8607
384	384
5586	5586
5337	5337
3756	3756
3953	3953
8046	8046
6064	6064
2679	2679
2585	2585
3804	3804
5962	5962
1313	1313
8530	8530
3568	3568
6894	6894
74	74
8125	8125
5837	5837
3986	3986
7460	7460
6203	6203
7029	7029
8616	8616
824	824
899	899
4711	4711
3556	3556
8247	8247
6844	6844
2405	2405
9390	9390
3361	3361
8427	8427
1574	1574
2761	2761
3970	3970
6972	6972
5428	5428
9452	9452
5184	5184
9793	9793
9137	9137
671	671
6144	6144
1231	1231
8627	8627
5483	5483
4054	4054
5952	5952
6675	6675
8828	8828
8595	8595
6396	6396
2271	2271
8955	8955
4191	4191
556	556
1603	1603
1128	1128
7136	7136
3528	3528
6517	6517
3985	3985
7349	7349
6895	6895
4168	4168
7820	7820
128	128
2266	2266
5071	5071
900	900
451	451
6348	6348
7198	7198
6559	6559
1875	1875
5338	5338
6746	6746
7227	7227
9803	9803
5487	5487
7103	7103
5933	5933
4030	4030
4039	4039
7820	7820
6546	6546
7983	7983
697	697
1036	1036
4112	4112
9678	9678
9426	9426
3573	3573
177	177
5378	5378
3495	3495
56	56
477	477
1678	1678
6690	6690
564	564
1618	1618
3841	3841
1506	1506
3688	3688
5603	5603
562	562
5103	5103
3475	3475
2452	2452
3178	3178
9901	9901
5464	5464
540	540
2263	2263
164	164
7468	7468
2044	2044
9002	9002
5890	5890
9678	9678
819	819
8198	8198
9078	9078
9830	9830
9876	9876
7443	7443
8406	8406
3915	3915
5875	5875
3928	3928
5642	5642
4813	4813
8741	8741
6734	6734
7304	7304
8285	8285
8209	8209
5912	5912
1902	1902
5357	5357
8382	8382
3362	3362
3713	3713
2692	2692
8591	8591
5968	5968
6003	6003
7646	7646
2189	2189
6176	6176
5115	5115
6530	6530
4438	4438
4931	4931
5371	5371
2614	2614
4963	4963
1387	1387
5331	5331
7902	7902
8560	8560
6487	6487
167	167
7742	7742
1099	1099
5135	5135
7939	7939
4626	4626
4661	4661
7989	7989
4835	4835
22	22
1095	1095
6709	6709
1166	1166
1847	1847
9027	9027
3625	3625
6752	6752
9384	9384
5318	5318
4366	4366
4199	4199
7657	7657
2568	2568
7776	7776
2665	2665
7873	7873
1657	1657
7507	7507
6830	6830
688	688
9679	9679
4344	4344
9778	9778
5313	5313
2773	2773
4520	4520
6257	6257
8160	8160
8129	8129
4969	4969
7320	7320
1196	1196
4833	4833
9522	9522
459	459
7139	7139
161	161
6075	6075
8670	8670
451	451
5776	5776
3306	3306
8646	8646
9458	9458
9206	9206
1971	1971
9594	9594
4390	4390
1024	1024
8367	8367
823	823
2714	2714
8160	8160
9951	9951
9026	9026
3793	3793
2769	2769
7146	7146
8312	8312
9953	9953
6143	6143
2857	2857
8210	8210
1616	1616
5092	5092
7272	7272
770	770
4611	4611
6030	6030
8649	8649
7294	7294
7357	7357
7623	7623
926	926
139	139
2014	2014
9539	9539
4955	4955
6343	6343
9721	9721
6719	6719
3206	3206
7069	7069
8644	8644
7206	7206
5399	5399
7357	7357
2524	2524
4836	4836
611	611
5864	5864
4282	4282
5918	5918
5891	5891
8075	8075
5770	5770
6552	6552
1942	1942
3757	3757
3128	3128
3023	3023
1798	1798
1164	1164
9991	9991
759	759
5014	5014
5345	5345
1880	1880
3096	3096
784	784
300	300
2434	2434
1792	1792
7982	7982
9408	9408
1852	1852
2259	2259
964	964
9778	9778
8640	8640
5691	5691
9194	9194
1888	1888
8414	8414
90	90
3927	3927
1015	1015
9964	9964
8025	8025
1164	1164
4063	4063
2986	2986
2973	2973
420	420
8385	8385
7273	7273
4861	4861
5798	5798
7950	7950
7298	7298
6843	6843
662	662
5599	5599
8752	8752
3697	3697
6427	6427
8502	8502
9424	9424
2563	2563
6854	6854
2079	2079
1892	1892
6025	6025
1241	1241
95	95
3330	3330
3688	3688
2807	2807
292	292
835	835
6714	6714
3674	3674
9254	9254
2770	2770
9106	9106
4071	4071
1422	1422
6951	6951
9794	9794
135	135
2409	2409
8251	8251
4446	4446
3272	3272
4985	4985
1488	1488
1575	1575
4617	4617
7193	7193
4889	4889
9850	9850
1767	1767
8999	8999
2497	2497
1406	1406
7365	7365
4097	4097
8517	8517
2645	2645
1260	1260
7544	7544
4992	4992
1292	1292
4163	4163
5484	5484
7825	7825
6404	6404
581	581
5826	5826
8654	8654
4008	4008
4564	4564
8511	8511
221	221
185	185
32	32
5259	5259
1689	1689
9307	9307
7428	7428
5072	5072
5231	5231
2199	2199
3806	3806
5779	5779
9907	9907
5618	5618
9322	9322
9719	9719
6406	6406
9119	9119
8961	8961
5435	5435
8847	8847
6978	6978
4006	4006
3451	3451
6751	6751
9037	9037
433	433
9677	9677
4535	4535
9708	9708
810	810
1199	1199
5657	5657
6679	6679
4136	4136
6915	6915
2384	2384
8971	8971
8218	8218
7186	7186
8332	8332
4276	4276
7987	7987
7432	7432
5373	5373
2085	2085
4686	4686
9540	9540
6293	6293
1752	1752
7801	7801
5682	5682
2182	2182
2451	2451
9909	9909
9054	9054
5917	5917
5027	5027
3248	3248
6083	6083
4298	4298
4419	4419
7604	7604
8156	8156
3568	3568
5092	5092
3323	3323
909	909
6846	6846
7485	7485
7676	7676
6872	6872
7153	7153
744	744
7499	7499
9379	9379
4958	4958
3215	3215
1911	1911
5916	5916
