500	1257097
8680	8680
8152	8152
1406	1406
2737	2737
3230	3230
6203	6203
4054	4054
4706	4706
6692	6692
7011	7011
1312	1312
3844	3844
7419	7419
2209	2209
3618	3618
4604	4604
837	837
6713	6713
1878	1878
2545	2545
5489	5489
5762	5762
881	881
7494	7494
4107	4107
8099	8099
6296	6296
9850	9850
3745	3745
6036	6036
1267	1267
7728	7728
334	334
6407	6407
7032	7032
4528	4528
1354	1354
7711	7711
5348	5348
6470	6470
1162	1162
3859	3859
4587	4587
7269	7269
1175	1175
5215	5215
7429	7429
199	199
9283	9283
2027	2027
304	304
1382	1382
4039	4039
8862	8862
4977	4977
8387	8387
5045	5045
2766	2766
503	503
1671	1671
6634	6634
7570	7570
6456	6456
2668	2668
5523	5523
4201	4201
4263	4263
7987	7987
6360	6360
5709	5709
3146	3146
5287	5287
8476	8476
6649	6649
8325	8325
9098	9098
8140	8140
8607	8607
6590	6590
4195	4195
5561	5561
8822	8822
6714	6714
3671	3671
2506	2506
478	478
8411	8411
1008	1008
9297	9297
8169	8169
4475	4475
3870	3870
4704	4704
1782	1782
169	169
579	579
6831	6831
3245	3245
8152	8152
2974	2974
2149	2149
2891	2891
2911	2911
204	204
5220	5220
2937	2937
6320	6320
8425	8425
3769	3769
1064	1064
8134	8134
512	512
41	41
8658	8658
2371	2371
8269	8269
7823	7823
4201	4201
9540	9540
7088	7088
4154	4154
4509	4509
7772	7772
1314	1314
9217	9217
356	356
8464	8464
633	633
8423	8423
9080	9080
6622	6622
974	974
3172	3172
7786	7786
4045	4045
3045	3045
7592	7592
3500	3500
1688	1688
6437	6437
7553	7553
1132	1132
7329	7329
9884	9884
5964	5964
1901	1901
6100	6100
2308	2308
4985	4985
7316	7316
9819	9819
907	907
956	956
2470	2470
970	970
3557	3557
9273	9273
8131	8131
6857	6857
5628	5628
9975	9975
6539	6539
942	942
345	345
7147	7147
5375	5375
8997	8997
5255	5255
9279	9279
6036	6036
1349	1349
2953	2953
9465	9465
3468	3468
9271	9271
8616	8616
4842	4842
789	789
4847	4847
2799	2799
7400	7400
7676	7676
4664	4664
5948	5948
4078	4078
1802	1802
1867	1867
9802	9802
6858	6858
5024	5024
4944	4944
281	281
8821	8821
849	849
4240	4240
5221	5221
4935	4935
2239	2239
2464	2464
8401	8401
5616	5616
3931	3931
823	823
5958	5958
6146	6146
6175	6175
5190	5190
4408	4408
1285	1285
1208	1208
1613	1613
2742	2742
4300	4300
9529	9529
3876	3876
2343	2343
4226	4226
2763	2763
6708	6708
5906	5906
8341	8341
6976	6976
3865	3865
2272	2272
3082	3082
7411	7411
7140	7140
5343	5343
363	363
4910	4910
1805	1805
433	433
8796	8796
169	169
2077	2077
2224	2224
2793	2793
6327	6327
4892	4892
106	106
8361	8361
5706	5706
6451	6451
1294	1294
8039	8039
8300	8300
6781	6781
7294	7294
9788	9788
167	167
6156	6156
3083	3083
8069	8069
9188	9188
8207	8207
7837	7837
4729	4729
3814	3814
4719	4719
2272	2272
1900	1900
6819	6819
2871	2871
3596	3596
9704	9704
2628	2628
2215	2215
142	142
6382	6382
7871	7871
3090	3090
2856	2856
473	473
8077	8077
4437	4437
6447	6447
1329	1329
6203	6203
8371	8371
5148	5148
828	828
8397	8397
7625	7625
4237	4237
6560	6560
3708	3708
3939	3939
4546	4546
8375	8375
2721	2721
9088	9088
8152	8152
8084	8084
7162	7162
4527	4527
9371	9371
1092	1092
8981	8981
8687	8687
4037	4037
6466	6466
1230	1230
770	770
2306	2306
2704	2704
9896	9896
4549	4549
4054	4054
7595	7595
9443	9443
8452	8452
8884	8884
3590	3590
3414	3414
425	425
6758	6758
9023	9023
3321	3321
6919	6919
2505	2505
3357	3357
4835	4835
8899	8899
6910	6910
5068	5068
2362	2362
3073	3073
4034	4034
2707	2707
1319	1319
2529	2529
6405	6405
8790	8790
7562	7562
9690	9690
8740	8740
8194	8194
2360	2360
9773	9773
4495	4495
3770	3770
4480	4480
2909	2909
2164	2164
5575	5575
6427	6427
5810	5810
916	916
3057	3057
5126	5126
7099	7099
5212	5212
5757	5757
9961	9961
5242	5242
1408	1408
8910	8910
8677	8677
9856	9856
8073	8073
9584	9584
4704	4704
1113	1113
5249	5249
8997	8997
1110	1110
8616	8616
4189	4189
2847	2847
83	83
7708	7708
8111	8111
6280	6280
2116	2116
8882	8882
2882	2882
5363	5363
5735	5735
9607	9607
5122	5122
7994	7994
9759	9759
9046	9046
1166	1166
9168	9168
3607	3607
9959	9959
7801	7801
3149	3149
3286	3286
6706	6706
4910	4910
8984	8984
7830	7830
1476	1476
2510	2510
8365	8365
8354	8354
1079	1079
6217	6217
4044	4044
1106	1106
3728	3728
5180	5180
101	101
1681	1681
4825	4825
8737	8737
8497	8497
8878	8878
8026	8026
3781	3781
7177	7177
805	805
1370	1370
4265	4265
4582	4582
866	866
1438	1438
755	755
622	622
4293	4293
3967	3967
8893	8893
2591	2591
7739	7739
4120	4120
9289	9289
9358	9358
2190	2190
9577	9577
6347	6347
3425	3425
8867	8867
7689	7689
5253	5253
3725	3725
851	851
8702	8702
7278	7278
3796	3796
3458	3458
423	423
1776	1776
9211	9211
5864	5864
4025	4025
6748	6748
9310	9310
6320	6320
8469	8469
2875	2875
9634	9634
1085	1085
4644	4644
351	351
5601	5601
9049	9049
4072	4072
2320	2320
4160	4160
732	732
5185	5185
8910	8910
2820	2820
9852	9852
5009	5009
7737	7737
2238	2238
4154	4154
3338	3338
6266	6266
2655	2655
9836	9836
7533	7533
8783	8783
515	515
5630	5630
7012	7012
67	67
6013	6013
569	569
1274	1274
2238	2238
7985	7985
2001	2001
240	240
7585	7585
7612	7612
6752	6752
4317	4317
300	300
5770	5770
66	66
4082	4082
359	359
5132	5132
6565	6565
8537	8537
831	831
