500	627851
1257	1257
1479	1479
1030	1030
9239	9239
4897	4897
6332	6332
285	285
6305	6305
3539	3539
5398	5398
807	807
2941	2941
9373	9373
4947	4947
8241	8241
6192	6192
9547	9547
3723	3723
8632	8632
840	840
6963	6963
5286	5286
1044	1044
6466	6466
3149	3149
271	271
5643	5643
5457	5457
4973	4973
5120	5120
5245	5245
4975	4975
8356	8356
4225	4225
3108	3108
9679	9679
437	437
8015	8015
4194	4194
7889	7889
2499	2499
2382	2382
9807	9807
6409	6409
3481	3481
7264	7264
6788	6788
7377	7377
8384	8384
2768	2768
1180	1180
8273	8273
1991	1991
4788	4788
5375	5375
3712	3712
4230	4230
717	717
2584	2584
8578	8578
917	917
3182	3182
2129	2129
8039	8039
2345	2345
4395	4395
9019	9019
1434	1434
6502	6502
2152	2152
1667	1667
4848	4848
2004	2004
7018	7018
6871	6871
5474	5474
5900	5900
4285	4285
8203	8203
531	531
2881	2881
1043	1043
3682	3682
6366	6366
6969	6969
7890	7890
1057	1057
2404	2404
3683	3683
7693	7693
6453	6453
5690	5690
8248	8248
314	314
572	572
9706	9706
5111	5111
4871	4871
1455	1455
2423	2423
9130	9130
8879	8879
6597	6597
4272	4272
4078	4078
3630	3630
3672	3672
7798	7798
76	76
3835	3835
2905	2905
5072	5072
9554	9554
8030	8030
3200	3200
8352	8352
4916	4916
3515	3515
7042	7042
4192	4192
8755	8755
3346	3346
9403	9403
443	443
6392	6392
8194	8194
9913	9913
6156	6156
4228	4228
6829	6829
4889	4889
6296	6296
191	191
1357	1357
6877	6877
3139	3139
5687	5687
1343	1343
3581	3581
2296	2296
2363	2363
2389	2389
6664	6664
2095	2095
5961	5961
1224	1224
4740	4740
2650	2650
2073	2073
4372	4372
284	284
4024	4024
757	757
9522	9522
457	457
8004	8004
8940	8940
9836	9836
7763	7763
1636	1636
7965	7965
5903	5903
9084	9084
9770	9770
2188	2188
9296	9296
7938	7938
9877	9877
5839	5839
3622	3622
9418	9418
911	911
283	283
8146	8146
8660	8660
6885	6885
4419	4419
8350	8350
693	693
2906	2906
6316	6316
8465	8465
325	325
3532	3532
7391	7391
8949	8949
5577	5577
198	198
6804	6804
493	493
350	350
2218	2218
8222	8222
9068	9068
9435	9435
2296	2296
983	983
2161	2161
8660	8660
1756	1756
3425	3425
9506	9506
2100	2100
20	20
1030	1030
1790	1790
9314	9314
5356	5356
1100	1100
4086	4086
3363	3363
6250	6250
176	176
2779	2779
7816	7816
4531	4531
9797	9797
287	287
5247	5247
4842	4842
4283	4283
9656	9656
4130	4130
1899	1899
9912	9912
9926	9926
9474	9474
5130	5130
2545	2545
646	646
6768	6768
4054	4054
5400	5400
7062	7062
1294	1294
8300	8300
8274	8274
2874	2874
6155	6155
6245	6245
7388	7388
3174	3174
4218	4218
7692	7692
3433	3433
5720	5720
479	479
3718	3718
3954	3954
9628	9628
9040	9040
221	221
4029	4029
8059	8059
3680	3680
587	587
5168	5168
3204	3204
3017	3017
4727	4727
5522	5522
4105	4105
2557	2557
1988	1988
1830	1830
6723	6723
4609	4609
7236	7236
8137	8137
6351	6351
7245	7245
354	354
9353	9353
1623	1623
5831	5831
9311	9311
5544	5544
4102	4102
7112	7112
3587	3587
8327	8327
7919	7919
9299	9299
7133	7133
7427	7427
6430	6430
5822	5822
1023	1023
8582	8582
8197	8197
1312	1312
1136	1136
6832	6832
3141	3141
1981	1981
5611	5611
9055	9055
9447	9447
4546	4546
9600	9600
6797	6797
4833	4833
8830	8830
228	228
2209	2209
5339	5339
3203	3203
8021	8021
4628	4628
1840	1840
7755	7755
6852	6852
4640	4640
8583	8583
1410	1410
4247	4247
4026	4026
7425	7425
838	838
4459	4459
6653	6653
7017	7017
1861	1861
9206	9206
2826	2826
5807	5807
1159	1159
5348	5348
2893	2893
4258	4258
9763	9763
9214	9214
9649	9649
7198	7198
4131	4131
2676	2676
1561	1561
2347	2347
3158	3158
2205	2205
2639	2639
3472	3472
6995	6995
6487	6487
8671	8671
6125	6125
1661	1661
7745	7745
1134	1134
9085	9085
4755	4755
1683	1683
8364	8364
3810	3810
2231	2231
5575	5575
2466	2466
1659	1659
4613	4613
5530	5530
470	470
3279	3279
4722	4722
2826	2826
5822	5822
2806	2806
6187	6187
8044	8044
6612	6612
9117	9117
9392	9392
4640	4640
6372	6372
6762	6762
7021	7021
458	458
6941	6941
1977	1977
3901	3901
6873	6873
4135	4135
2859	2859
885	885
9122	9122
8331	8331
1305	1305
9038	9038
3708	3708
5867	5867
8443	8443
6950	6950
8534	8534
3940	3940
4651	4651
1026	1026
6865	6865
1082	1082
2500	2500
7633	7633
2985	2985
4527	4527
1804	1804
2407	2407
8666	8666
7694	7694
2586	2586
6758	6758
8243	8243
5440	5440
9618	9618
9520	9520
7371	7371
5790	5790
989	989
1560	1560
4533	4533
3488	3488
5416	5416
1747	1747
8672	8672
3741	3741
8214	8214
3088	3088
342	342
3221	3221
8746	8746
1652	1652
1179	1179
1812	1812
7260	7260
2556	2556
5841	5841
9615	9615
5702	5702
4949	4949
7596	7596
6198	6198
3199	3199
6377	6377
3863	3863
9309	9309
4132	4132
9216	9216
3002	3002
5355	5355
4769	4769
3615	3615
1984	1984
5669	5669
9402	9402
8661	8661
588	588
1649	1649
3106	3106
8548	8548
9249	9249
9105	9105
6884	6884
1705	1705
2232	2232
5728	5728
3617	3617
6226	6226
8079	8079
5564	5564
7844	7844
841	841
2384	2384
8849	8849
6635	6635
3225	3225
381	381
3726	3726
1905	1905
3586	3586
9508	9508
5044	5044
3375	3375
9513	9513
8735	8735
9547	9547
3505	3505
8884	8884
8536	8536
6848	6848
1169	1169
6022	6022
7206	7206
9720	9720
4833	4833
6811	6811
9892	9892
6047	6047
6181	6181
2350	2350
3649	3649
1758	1758
3898	3898
3023	3023
132	132
