500	1256781
1848	1848
2465	2465
5677	5677
3834	3834
1293	1293
592	592
5665	5665
3715	3715
4979	4979
2623	2623
6504	6504
5096	5096
6528	6528
2030	2030
6894	6894
3060	3060
7157	7157
4594	4594
2562	2562
1918	1918
7830	7830
7619	7619
9258	9258
7905	7905
4355	4355
735	735
5615	5615
9207	9207
8443	8443
3958	3958
9096	9096
8701	8701
802	802
2018	2018
5836	5836
8816	8816
7374	7374
7957	7957
105	105
4806	4806
3918	3918
6368	6368
8504	8504
5158	5158
5326	5326
4793	4793
2682	2682
3196	3196
4664	4664
4741	4741
6503	6503
7165	7165
2292	2292
981	981
776	776
8752	8752
7132	7132
6979	6979
6247	6247
8945	8945
3646	3646
9541	9541
2026	2026
8100	8100
9116	9116
3269	3269
7879	7879
3000	3000
4606	4606
5424	5424
6319	6319
2307	2307
4332	4332
1280	1280
2972	2972
1394	1394
5702	5702
2608	2608
1862	1862
2256	2256
1299	1299
2838	2838
1449	1449
9494	9494
3594	3594
4762	4762
2870	2870
6081	6081
3880	3880
8006	8006
9181	9181
3347	3347
5727	5727
6607	6607
9274	9274
975	975
9457	9457
398	398
4678	4678
9711	9711
9265	9265
3126	3126
7517	7517
6799	6799
3611	3611
9277	9277
3462	3462
5563	5563
4131	4131
4768	4768
3588	3588
9179	9179
2412	2412
8412	8412
7885	7885
9290	9290
8873	8873
7938	7938
338	338
3951	3951
9779	9779
3163	3163
2184	2184
8931	8931
3960	3960
9575	9575
5626	5626
6489	6489
1526	1526
4223	4223
9668	9668
1175	1175
8663	8663
2547	2547
8200	8200
4844	4844
7848	7848
5673	5673
7517	7517
3595	3595
6587	6587
3407	3407
1507	1507
4651	4651
9923	9923
7752	7752
1141	1141
9959	9959
9962	9962
4821	4821
1069	1069
6324	6324
6403	6403
4406	4406
210	210
3424	3424
782	782
2	2
2673	2673
8706	8706
3756	3756
9403	9403
7387	7387
859	859
1912	1912
3595	3595
1527	1527
2644	2644
4511	4511
969	969
9721	9721
9516	9516
30	30
2702	2702
2319	2319
3277	3277
4440	4440
3517	3517
7339	7339
9021	9021
4671	4671
7634	7634
1604	1604
3672	3672
6948	6948
4961	4961
9671	9671
7196	7196
200	200
8758	8758
4406	4406
2489	2489
3751	3751
4807	4807
6380	6380
6763	6763
1598	1598
4301	4301
6935	6935
2261	2261
3957	3957
9009	9009
6411	6411
2370	2370
5015	5015
9291	9291
3362	3362
8437	8437
9709	9709
4055	4055
7770	7770
4111	4111
6250	6250
9426	9426
2088	2088
7381	7381
1978	1978
4153	4153
2504	2504
6522	6522
5808	5808
2319	2319
8625	8625
7254	7254
7554	7554
6489	6489
635	635
6229	6229
2239	2239
547	547
9775	9775
7831	7831
5629	5629
3856	3856
3616	3616
7185	7185
1619	1619
216	216
7810	7810
5112	5112
4879	4879
7311	7311
8594	8594
3711	3711
6527	6527
218	218
5451	5451
5656	5656
2246	2246
2031	2031
647	647
1108	1108
1547	1547
9549	9549
45	45
8343	8343
4404	4404
5665	5665
558	558
4392	4392
2178	2178
9688	9688
8524	8524
3146	3146
3709	3709
3659	3659
8369	8369
5995	5995
7805	7805
3558	3558
4506	4506
6954	6954
1751	1751
3339	3339
3227	3227
6525	6525
4344	4344
4653	4653
4499	4499
3381	3381
771	771
4693	4693
9732	9732
6474	6474
8401	8401
6963	6963
6744	6744
2931	2931
9120	9120
6353	6353
9550	9550
4606	4606
6315	6315
2901	2901
380	380
5488	5488
3121	3121
2876	2876
4956	4956
2999	2999
2389	2389
7679	7679
9181	9181
1703	1703
1720	1720
7636	7636
4871	4871
5745	5745
2342	2342
7230	7230
2004	2004
5301	5301
2108	2108
9570	9570
2944	2944
6683	6683
1941	1941
8204	8204
2312	2312
590	590
7718	7718
9464	9464
2742	2742
536	536
9063	9063
9629	9629
4532	4532
791	791
6381	6381
1571	1571
276	276
7643	7643
9931	9931
755	755
3076	3076
8459	8459
7043	7043
4391	4391
5849	5849
4548	4548
91	91
5664	5664
1248	1248
3233	3233
7979	7979
5378	5378
486	486
7255	7255
6356	6356
8335	8335
106	106
5054	5054
7429	7429
8367	8367
4285	4285
2034	2034
4221	4221
9862	9862
4336	4336
5981	5981
6303	6303
8077	8077
4152	4152
9610	9610
1657	1657
9352	9352
8444	8444
135	135
9369	9369
251	251
3808	3808
7876	7876
6071	6071
8153	8153
6503	6503
3772	3772
5893	5893
1130	1130
5511	5511
2140	2140
1992	1992
5842	5842
6242	6242
5927	5927
1114	1114
2728	2728
7769	7769
3737	3737
3941	3941
5944	5944
5087	5087
6488	6488
7295	7295
5287	5287
1460	1460
1506	1506
217	217
3247	3247
7858	7858
5560	5560
4761	4761
6853	6853
4340	4340
2764	2764
8606	8606
2754	2754
4981	4981
4835	4835
8886	8886
9685	9685
2140	2140
642	642
496	496
3230	3230
4378	4378
3561	3561
9164	9164
2233	2233
7934	7934
6658	6658
235	235
8114	8114
7401	7401
9478	9478
4532	4532
5946	5946
2726	2726
4022	4022
8781	8781
7266	7266
6026	6026
1524	1524
5154	5154
5076	5076
6555	6555
7382	7382
565	565
3467	3467
344	344
5488	5488
1337	1337
6579	6579
1189	1189
8214	8214
9567	9567
9852	9852
5545	5545
4160	4160
275	275
5591	5591
8035	8035
7459	7459
1287	1287
6925	6925
6630	6630
789	789
7165	7165
9680	9680
5570	5570
9423	9423
7196	7196
3786	3786
7899	7899
9366	9366
2813	2813
3640	3640
5983	5983
9656	9656
148	148
5185	5185
3039	3039
4642	4642
6345	6345
5016	5016
3177	3177
8735	8735
1426	1426
8031	8031
6836	6836
7542	7542
9259	9259
4250	4250
6589	6589
1726	1726
2192	2192
2112	2112
1674	1674
9536	9536
490	490
9120	9120
9571	9571
484	484
2849	2849
935	935
9344	9344
2318	2318
1255	1255
21	21
8553	8553
1066	1066
