500	2278273
8293	8293
1464	1464
8276	8276
4276	4276
7441	7441
4519	4519
2135	2135
1675	1675
949	949
7725	7725
7581	7581
6228	6228
3037	3037
569	569
7768	7768
7154	7154
1987	1987
5642	5642
8844	8844
3529	3529
3627	3627
9423	9423
6973	6973
1518	1518
7979	7979
9033	9033
2680	2680
9028	9028
7629	7629
1334	1334
3395	3395
8899	8899
5662	5662
4558	4558
8498	8498
659	659
6531	6531
221	221
7540	7540
4745	4745
4173	4173
9304	9304
9236	9236
8786	8786
6373	6373
1488	1488
1788	1788
9824	9824
8667	8667
9557	9557
6550	6550
3233	3233
1553	1553
479	479
7765	7765
5329	5329
6896	6896
8466	8466
6462	6462
429	429
3863	3863
3449	3449
4518	4518
789	789
4477	4477
5019	5019
4068	4068
2409	2409
5694	5694
2608	2608
4002	4002
8636	8636
3950	3950
608	608
8426	8426
8098	8098
4673	4673
5758	5758
6853	6853
4925	4925
9752	9752
8059	8059
1216	1216
9286	9286
1512	1512
6016	6016
2800	2800
4403	4403
5496	5496
387	387
5389	5389
9482	9482
11	11
5091	5091
8597	8597
8465	8465
503	503
7621	7621
8116	8116
7355	7355
3040	3040
8258	8258
944	944
9348	9348
9266	9266
5979	5979
3866	3866
9224	9224
475	475
1531	1531
3210	3210
5161	5161
2987	2987
9806	9806
5363	5363
7585	7585
6199	6199
3709	3709
9272	9272
2429	2429
6960	6960
3187	3187
6506	6506
1858	1858
8202	8202
76	76
379	379
8773	8773
7062	7062
9625	9625
2337	2337
1710	1710
818	818
5502	5502
4456	4456
2930	2930
6585	6585
8299	8299
3105	3105
9998	9998
509	509
7876	7876
2215	2215
7515	7515
5385	5385
2185	2185
9554	9554
7658	7658
9521	9521
6126	6126
1421	1421
5352	5352
1440	1440
7344	7344
7394	7394
9218	9218
5813	5813
1821	1821
1118	1118
9958	9958
5385	5385
6708	6708
1663	1663
4610	4610
6797	6797
5075	5075
3152	3152
953	953
3884	3884
4439	4439
2212	2212
5155	5155
1867	1867
628	628
3345	3345
1225	1225
2023	2023
4837	4837
1526	1526
4869	4869
630	630
3625	3625
5420	5420
8825	8825
8665	8665
2902	2902
3237	3237
922	922
9226	9226
5049	5049
5853	5853
4328	4328
3839	3839
7891	7891
4840	4840
8264	8264
5399	5399
1566	1566
4039	4039
7915	7915
5926	5926
744	744
9571	9571
7457	7457
4953	4953
8806	8806
7712	7712
4071	4071
6406	6406
2705	2705
8140	8140
4310	4310
6209	6209
1802	1802
8635	8635
908	908
2195	2195
2433	2433
6551	6551
1241	1241
1083	1083
9548	9548
7752	7752
8970	8970
8426	8426
2605	2605
2488	2488
6512	6512
3861	3861
2711	2711
9530	9530
9271	9271
9468	9468
5403	5403
9247	9247
8096	8096
4729	4729
6648	6648
6691	6691
6411	6411
1572	1572
8111	8111
2195	2195
9688	9688
4759	4759
8643	8643
7558	7558
5887	5887
5956	5956
4824	4824
124	124
8628	8628
3014	3014
8593	8593
5135	5135
2201	2201
3742	3742
147	147
7681	7681
2544	2544
4471	4471
6265	6265
9917	9917
7911	7911
3550	3550
9512	9512
8134	8134
3874	3874
8372	8372
1842	1842
5430	5430
3908	3908
7530	7530
4193	4193
3128	3128
5362	5362
8788	8788
7993	7993
4449	4449
4390	4390
934	934
9282	9282
1352	1352
9622	9622
6096	6096
7621	7621
973	973
4512	4512
5687	5687
731	731
199	199
2344	2344
9448	9448
2732	2732
5194	5194
6811	6811
330	330
8641	8641
8721	8721
6543	6543
3660	3660
2478	2478
4863	4863
1192	1192
4956	4956
3463	3463
9615	9615
6189	6189
189	189
7042	7042
6367	6367
8052	8052
9124	9124
2156	2156
9332	9332
9645	9645
9651	9651
7278	7278
5059	5059
2791	2791
5936	5936
5371	5371
5706	5706
6469	6469
3420	3420
986	986
6518	6518
6639	6639
9774	9774
1860	1860
287	287
5239	5239
5779	5779
4750	4750
7639	7639
2559	2559
7156	7156
5917	5917
3072	3072
6737	6737
1565	1565
3179	3179
802	802
974	974
71	71
4785	4785
9268	9268
3382	3382
5801	5801
8103	8103
461	461
3477	3477
3808	3808
6141	6141
9090	9090
9174	9174
4434	4434
1302	1302
836	836
2623	2623
396	396
3466	3466
3886	3886
9789	9789
1691	1691
6430	6430
1613	1613
3454	3454
7022	7022
8219	8219
6785	6785
657	657
3444	3444
910	910
3696	3696
8601	8601
2854	2854
2517	2517
9153	9153
8680	8680
2685	2685
6557	6557
419	419
5284	5284
6361	6361
2268	2268
4814	4814
5693	5693
4146	4146
6892	6892
5544	5544
144	144
7714	7714
5861	5861
9904	9904
1491	1491
3883	3883
1400	1400
1977	1977
6497	6497
4535	4535
1479	1479
3236	3236
8344	8344
9187	9187
2292	2292
6539	6539
5073	5073
289	289
1274	1274
2572	2572
5004	5004
6728	6728
7706	7706
911	911
3052	3052
3456	3456
5118	5118
863	863
1604	1604
4409	4409
7321	7321
4060	4060
9519	9519
6932	6932
1321	1321
1006	1006
1623	1623
142	142
133	133
6344	6344
5908	5908
7854	7854
8993	8993
5434	5434
2199	2199
6677	6677
1182	1182
668	668
3398	3398
5006	5006
7337	7337
5358	5358
4130	4130
7091	7091
3916	3916
4675	4675
9820	9820
9234	9234
8953	8953
597	597
3430	3430
3978	3978
8462	8462
9791	9791
4060	4060
3716	3716
3407	3407
7507	7507
6857	6857
9958	9958
1197	1197
6300	6300
1585	1585
4039	4039
4791	4791
7111	7111
622	622
5558	5558
775	775
7538	7538
4161	4161
336	336
9163	9163
3355	3355
2299	2299
5535	5535
9130	9130
3221	3221
5452	5452
5393	5393
9044	9044
4546	4546
8417	8417
283	283
9814	9814
4965	4965
3116	3116
4813	4813
6672	6672
5162	5162
7113	7113
4991	4991
5510	5510
6920	6920
7054	7054
1581	1581
2648	2648
9999	9999
8537	8537
