500	259413
8105	8105
5405	5405
6478	6478
1760	1760
3874	3874
4493	4493
8317	8317
2395	2395
8327	8327
5684	5684
4151	4151
3198	3198
1471	1471
6339	6339
7497	7497
799	799
1891	1891
943	943
2336	2336
473	473
9728	9728
1119	1119
8917	8917
5690	5690
942	942
9859	9859
6387	6387
4873	4873
122	122
604	604
8397	8397
1704	1704
8239	8239
6834	6834
6207	6207
5321	5321
4969	4969
1964	1964
47	47
4031	4031
6846	6846
706	706
8595	8595
142	142
9408	9408
2846	2846
8804	8804
7680	7680
6847	6847
755	755
1936	1936
6000	6000
3672	3672
7854	7854
3200	3200
9856	9856
1019	1019
2311	2311
6775	6775
3543	3543
9322	9322
4887	4887
5116	5116
7616	7616
2854	2854
4890	4890
9663	9663
9901	9901
1323	1323
4857	4857
5006	5006
8991	8991
2653	2653
1197	1197
4604	4604
9796	9796
9489	9489
3669	3669
2946	2946
3832	3832
2875	2875
2565	2565
6908	6908
6377	6377
8416	8416
4615	4615
6860	6860
2191	2191
9316	9316
798	798
2208	2208
6871	6871
381	381
4873	4873
3768	3768
2076	2076
2539	2539
6513	6513
7320	7320
6419	6419
6987	6987
7550	7550
125	125
8567	8567
6374	6374
4792	4792
9772	9772
5096	5096
5739	5739
5434	5434
3123	3123
3889	3889
6252	6252
2966	2966
3333	3333
5399	5399
6006	6006
9635	9635
9655	9655
384	384
8902	8902
2132	2132
2549	2549
4477	4477
576	576
2622	2622
6573	6573
1152	1152
1150	1150
5066	5066
1263	1263
7842	7842
257	257
2700	2700
4779	4779
1018	1018
7954	7954
8443	8443
5282	5282
7446	7446
8291	8291
9499	9499
5600	5600
4729	4729
2841	2841
7660	7660
8911	8911
1859	1859
4335	4335
5129	5129
7333	7333
3615	3615
2349	2349
2053	2053
9979	9979
447	447
3967	3967
6899	6899
2411	2411
7485	7485
806	806
1906	1906
5403	5403
7671	7671
5981	5981
3831	3831
5342	5342
9544	9544
3556	3556
7875	7875
6052	6052
3813	3813
5166	5166
8939	8939
8594	8594
8989	8989
8848	8848
4872	4872
8562	8562
8035	8035
5771	5771
3954	3954
3222	3222
6931	6931
7363	7363
9335	9335
6694	6694
976	976
9995	9995
3114	3114
3712	3712
8580	8580
3202	3202
8969	8969
9766	9766
3021	3021
7358	7358
8517	8517
2506	2506
6225	6225
8261	8261
5170	5170
8945	8945
1085	1085
5869	5869
8273	8273
2554	2554
1246	1246
5791	5791
9500	9500
7487	7487
5645	5645
9650	9650
3531	3531
1583	1583
1185	1185
9895	9895
1174	1174
2738	2738
4212	4212
5326	5326
9521	9521
2047	2047
8848	8848
1913	1913
3451	3451
5889	5889
8044	8044
3093	3093
91	91
9946	9946
6906	6906
8686	8686
5674	5674
2692	2692
5092	5092
3781	3781
2315	2315
1249	1249
644	644
448	448
3999	3999
5415	5415
7667	7667
4398	4398
9827	9827
2326	2326
9801	9801
2758	2758
9723	9723
4383	4383
8271	8271
1634	1634
8623	8623
3571	3571
5402	5402
8049	8049
9790	9790
7001	7001
2865	2865
5057	5057
3962	3962
1390	1390
8868	8868
2878	2878
1698	1698
7293	7293
6384	6384
3942	3942
5927	5927
7565	7565
4207	4207
8505	8505
1107	1107
9269	9269
167	167
8011	8011
3241	3241
933	933
9273	9273
857	857
7709	7709
5559	5559
1859	1859
9272	9272
6207	6207
5140	5140
4577	4577
4936	4936
6176	6176
7426	7426
8087	8087
2950	2950
9581	9581
6339	6339
9910	9910
304	304
965	965
6369	6369
409	409
896	896
5346	5346
6432	6432
9871	9871
1022	1022
9	9
7051	7051
4227	4227
3535	3535
228	228
7302	7302
399	399
8773	8773
2918	2918
2643	2643
2887	2887
8349	8349
9172	9172
7423	7423
6553	6553
857	857
3509	3509
4634	4634
612	612
6824	6824
8578	8578
2337	2337
2578	2578
617	617
1024	1024
4863	4863
1825	1825
2591	2591
6670	6670
9887	9887
5694	5694
9925	9925
5201	5201
8364	8364
7550	7550
8981	8981
4899	4899
5152	5152
12	12
2506	2506
7363	7363
2655	2655
5321	5321
6967	6967
6480	6480
9890	9890
8018	8018
3574	3574
5770	5770
4448	4448
3941	3941
6614	6614
2335	2335
7584	7584
7568	7568
1880	1880
973	973
1536	1536
3357	3357
3301	3301
9677	9677
175	175
4154	4154
2426	2426
8525	8525
188	188
1028	1028
5561	5561
8746	8746
985	985
3761	3761
9968	9968
6585	6585
9949	9949
5482	5482
3902	3902
1255	1255
2271	2271
6077	6077
5201	5201
5387	5387
2035	2035
8111	8111
8701	8701
9161	9161
2017	2017
7712	7712
8897	8897
7846	7846
5690	5690
4068	4068
7075	7075
3475	3475
8165	8165
8971	8971
3044	3044
2999	2999
420	420
6579	6579
6885	6885
6787	6787
6469	6469
6674	6674
1466	1466
4597	4597
4908	4908
6421	6421
1017	1017
3292	3292
7264	7264
7019	7019
5607	5607
6640	6640
6118	6118
8212	8212
367	367
638	638
9314	9314
1831	1831
7134	7134
7676	7676
4064	4064
7355	7355
883	883
6726	6726
7762	7762
7052	7052
9172	9172
1778	1778
7714	7714
8526	8526
3412	3412
5512	5512
4348	4348
8794	8794
4737	4737
6492	6492
8586	8586
5200	5200
5272	5272
9599	9599
9593	9593
8949	8949
8122	8122
3166	3166
5675	5675
7207	7207
328	328
7740	7740
2545	2545
2613	2613
633	633
148	148
6077	6077
4548	4548
8540	8540
992	992
5843	5843
5419	5419
4863	4863
8000	8000
9939	9939
1688	1688
4151	4151
754	754
8242	8242
7362	7362
3403	3403
4978	4978
8259	8259
9948	9948
9191	9191
6583	6583
4387	4387
7239	7239
616	616
3774	3774
1956	1956
1218	1218
4506	4506
9851	9851
9871	9871
8357	8357
765	765
3932	3932
3328	3328
8228	8228
4255	4255
5531	5531
4511	4511
5977	5977
8182	8182
6709	6709
3828	3828
9632	9632
