500	250110
1627	1627
4004	4004
8857	8857
1139	1139
1063	1063
3441	3441
2385	2385
349	349
6244	6244
3207	3207
17	17
5950	5950
5123	5123
9205	9205
8860	8860
9539	9539
1842	1842
8436	8436
3910	3910
910	910
3123	3123
2873	2873
9446	9446
4207	4207
9796	9796
4895	4895
3627	3627
886	886
5455	5455
1748	1748
7153	7153
5102	5102
2723	2723
7878	7878
4736	4736
7707	7707
7887	7887
8012	8012
6192	6192
6562	6562
7271	7271
3477	3477
7610	7610
7239	7239
6600	6600
2331	2331
628	628
6119	6119
1609	1609
7916	7916
1005	1005
8077	8077
1577	1577
4877	4877
6686	6686
7211	7211
8523	8523
5839	5839
9975	9975
5662	5662
5528	5528
139	139
2560	2560
5897	5897
5498	5498
4217	4217
4605	4605
1446	1446
3883	3883
8486	8486
8864	8864
871	871
9868	9868
3026	3026
6573	6573
7542	7542
3149	3149
168	168
2758	2758
656	656
2190	2190
4891	4891
7120	7120
7912	7912
9082	9082
2425	2425
4240	4240
8036	8036
1452	1452
6874	6874
1648	1648
2618	2618
8429	8429
1316	1316
5497	5497
8709	8709
4973	4973
5834	5834
6892	6892
1585	1585
5617	5617
8556	8556
2491	2491
1673	1673
972	972
5462	5462
958	958
4367	4367
3327	3327
6013	6013
6815	6815
783	783
7395	7395
9653	9653
8740	8740
6117	6117
6409	6409
3171	3171
3724	3724
4513	4513
9925	9925
2036	2036
5382	5382
4941	4941
8142	8142
5361	5361
7396	7396
446	446
6223	6223
8757	8757
8060	8060
1059	1059
3977	3977
5098	5098
4859	4859
4421	4421
2118	2118
7458	7458
2066	2066
5316	5316
9521	9521
5391	5391
2257	2257
122	122
9854	9854
4802	4802
4067	4067
2025	2025
541	541
9217	9217
3693	3693
3955	3955
5899	5899
8883	8883
3772	3772
8029	8029
1149	1149
4114	4114
5076	5076
1863	1863
3337	3337
5802	5802
2371	2371
7566	7566
9445	9445
9607	9607
8394	8394
4363	4363
642	642
214	214
3630	3630
1521	1521
9470	9470
378	378
7962	7962
3846	3846
7278	7278
2339	2339
9018	9018
9470	9470
6461	6461
8805	8805
3767	3767
7936	7936
4592	4592
8544	8544
8097	8097
9730	9730
328	328
4740	4740
7927	7927
8141	8141
462	462
7442	7442
9319	9319
4169	4169
4344	4344
6982	6982
3042	3042
106	106
184	184
2898	2898
792	792
8464	8464
1398	1398
3746	3746
7360	7360
8288	8288
6465	6465
6850	6850
1110	1110
7320	7320
3877	3877
3976	3976
3285	3285
5160	5160
9305	9305
2529	2529
1760	1760
1944	1944
9643	9643
9734	9734
2046	2046
3979	3979
6228	6228
8730	8730
8885	8885
8331	8331
458	458
7670	7670
1811	1811
8599	8599
737	737
7435	7435
6515	6515
7198	7198
8301	8301
7253	7253
9547	9547
5595	5595
3279	3279
4507	4507
7194	7194
4655	4655
4490	4490
3527	3527
3959	3959
3510	3510
2158	2158
1731	1731
5702	5702
8151	8151
3473	3473
1330	1330
6102	6102
5236	5236
4998	4998
4523	4523
8545	8545
7195	7195
4620	4620
6675	6675
119	119
9503	9503
9114	9114
6854	6854
9781	9781
1587	1587
2690	2690
2837	2837
1718	1718
9583	9583
2562	2562
3072	3072
9616	9616
6412	6412
4843	4843
1680	1680
5031	5031
4652	4652
5258	5258
2546	2546
6245	6245
2202	2202
7490	7490
1230	1230
6118	6118
3429	3429
5643	5643
3169	3169
5475	5475
7708	7708
3522	3522
7293	7293
7645	7645
4331	4331
2147	2147
1912	1912
4555	4555
8383	8383
5593	5593
7721	7721
5849	5849
8386	8386
8171	8171
2359	2359
8548	8548
8323	8323
6190	6190
8880	8880
651	651
4862	4862
4151	4151
7505	7505
1520	1520
9281	9281
1764	1764
2443	2443
5585	5585
449	449
9718	9718
7818	7818
3064	3064
8315	8315
1011	1011
744	744
5636	5636
9544	9544
14	14
5129	5129
7342	7342
4688	4688
5603	5603
8051	8051
2165	2165
8167	8167
9096	9096
544	544
7094	7094
7938	7938
7967	7967
9027	9027
9862	9862
1562	1562
8090	8090
2680	2680
8763	8763
263	263
6317	6317
846	846
5745	5745
9363	9363
875	875
6386	6386
8945	8945
5015	5015
8704	8704
3813	3813
617	617
6190	6190
1129	1129
8257	8257
5312	5312
2220	2220
2276	2276
5579	5579
8570	8570
470	470
2392	2392
8315	8315
3030	3030
2649	2649
7749	7749
2178	2178
6423	6423
9114	9114
1273	1273
2906	2906
7395	7395
900	900
3092	3092
5335	5335
863	863
7714	7714
9250	9250
1375	1375
3615	3615
223	223
3882	3882
7387	7387
5234	5234
5543	5543
7702	7702
3545	3545
2339	2339
5215	5215
9377	9377
2307	2307
9535	9535
3973	3973
4331	4331
5209	5209
3717	3717
9229	9229
6727	6727
6127	6127
584	584
9889	9889
5128	5128
4309	4309
1217	1217
3909	3909
5831	5831
3018	3018
3394	3394
1202	1202
4429	4429
3016	3016
8581	8581
1066	1066
1786	1786
1671	1671
6210	6210
2992	2992
7804	7804
6013	6013
4239	4239
955	955
227	227
8123	8123
3023	3023
3125	3125
3195	3195
4777	4777
443	443
1613	1613
8450	8450
5875	5875
1958	1958
5093	5093
2227	2227
8312	8312
7512	7512
6144	6144
1433	1433
754	754
7081	7081
7412	7412
2426	2426
631	631
4704	4704
2209	2209
4422	4422
8188	8188
862	862
6624	6624
5957	5957
2520	2520
7238	7238
9105	9105
5461	5461
8035	8035
9557	9557
6103	6103
90	90
6263	6263
9805	9805
8864	8864
8667	8667
4062	4062
2740	2740
7190	7190
3965	3965
2018	2018
5467	5467
858	858
3702	3702
2057	2057
4745	4745
8239	8239
4496	4496
5367	5367
9324	9324
7506	7506
532	532
3654	3654
2176	2176
2484	2484
9380	9380
4449	4449
5726	5726
6870	6870
3912	3912
6213	6213
1639	1639
3899	3899
9952	9952
4528	4528
1634	1634
300	300
