500	247500
9479	9479
165	165
9041	9041
1758	1758
1297	1297
7915	7915
81	81
7517	7517
1679	1679
6755	6755
5434	5434
4487	4487
4951	4951
3604	3604
9442	9442
847	847
7185	7185
1113	1113
2537	2537
2176	2176
4980	4980
300	300
4651	4651
6680	6680
3994	3994
6949	6949
181	181
6793	6793
9813	9813
9417	9417
9626	9626
3739	3739
8436	8436
6829	6829
6335	6335
8412	8412
8351	8351
7120	7120
5609	5609
5975	5975
6645	6645
8738	8738
7113	7113
7388	7388
4953	4953
5144	5144
6459	6459
2285	2285
7944	7944
1158	1158
5900	5900
2906	2906
3603	3603
3905	3905
1106	1106
403	403
1657	1657
192	192
7062	7062
2926	2926
393	393
5393	5393
6865	6865
4054	4054
4877	4877
9757	9757
6887	6887
7025	7025
1409	1409
9277	9277
5678	5678
2994	2994
9615	9615
1038	1038
2790	2790
8772	8772
435	435
7885	7885
3590	3590
1215	1215
2522	2522
523	523
1446	1446
9126	9126
224	224
7489	7489
1967	1967
90	90
765	765
7858	7858
7454	7454
5975	5975
8049	8049
3330	3330
8167	8167
9850	9850
5807	5807
6962	6962
7230	7230
7846	7846
4962	4962
8076	8076
9452	9452
2396	2396
815	815
6961	6961
8612	8612
4477	4477
6799	6799
7472	7472
1831	1831
4309	4309
4930	4930
6485	6485
9599	9599
4376	4376
5868	5868
2092	2092
3986	3986
2168	2168
5724	5724
9960	9960
582	582
7334	7334
1641	1641
6904	6904
9922	9922
7680	7680
8136	8136
1508	1508
3090	3090
4502	4502
691	691
115	115
2002	2002
8481	8481
8941	8941
2010	2010
6929	6929
2714	2714
2398	2398
7296	7296
2230	2230
6032	6032
6279	6279
3979	3979
4903	4903
5265	5265
9966	9966
8226	8226
5639	5639
4630	4630
9411	9411
4487	4487
2942	2942
3590	3590
9435	9435
5583	5583
299	299
2851	2851
3352	3352
8006	8006
6	6
3084	3084
3367	3367
1811	1811
4761	4761
1275	1275
3707	3707
8263	8263
5739	5739
4047	4047
4400	4400
5216	5216
2420	2420
8919	8919
2566	2566
2341	2341
8843	8843
3855	3855
4578	4578
3727	3727
6890	6890
4034	4034
3410	3410
3163	3163
3986	3986
9574	9574
5497	5497
1450	1450
5950	5950
7038	7038
7306	7306
1663	1663
2751	2751
6535	6535
19	19
7955	7955
4238	4238
9101	9101
5079	5079
7187	7187
633	633
3327	3327
154	154
866	866
1827	1827
6297	6297
4836	4836
9997	9997
4991	4991
7330	7330
330	330
5993	5993
534	534
9963	9963
1267	1267
7640	7640
8656	8656
6847	6847
6462	6462
6661	6661
4555	4555
1180	1180
1119	1119
8309	8309
5843	5843
1689	1689
2700	2700
5890	5890
7170	7170
2456	2456
3338	3338
1952	1952
5574	5574
2507	2507
4430	4430
9590	9590
9380	9380
5695	5695
2525	2525
7674	7674
5728	5728
4008	4008
4823	4823
7263	7263
603	603
4042	4042
67	67
4076	4076
6830	6830
272	272
4446	4446
1053	1053
6660	6660
5262	5262
1279	1279
9325	9325
3125	3125
6024	6024
6960	6960
9972	9972
7389	7389
9645	9645
7497	7497
1969	1969
3665	3665
5212	5212
15	15
8776	8776
4502	4502
9214	9214
3390	3390
5965	5965
6140	6140
4518	4518
3141	3141
6031	6031
5530	5530
7216	7216
7722	7722
645	645
5671	5671
8867	8867
3980	3980
6211	6211
7793	7793
8019	8019
6639	6639
2635	2635
3123	3123
7102	7102
4777	4777
9457	9457
9748	9748
2905	2905
9984	9984
6578	6578
8395	8395
1546	1546
5408	5408
4734	4734
4021	4021
591	591
8090	8090
6448	6448
8565	8565
1282	1282
7444	7444
1966	1966
9085	9085
2920	2920
9241	9241
2885	2885
3818	3818
6518	6518
3968	3968
8496	8496
9749	9749
7526	7526
1518	1518
8289	8289
6530	6530
59	59
9405	9405
1062	1062
8248	8248
8549	8549
2739	2739
2814	2814
8810	8810
2237	2237
545	545
2360	2360
1253	1253
4782	4782
9165	9165
4393	4393
9271	9271
181	181
7445	7445
672	672
1047	1047
351	351
7928	7928
345	345
3523	3523
3237	3237
7351	7351
8403	8403
693	693
7173	7173
8290	8290
5327	5327
4521	4521
2516	2516
3682	3682
4576	4576
4527	4527
4486	4486
9494	9494
923	923
6706	6706
3554	3554
4518	4518
2496	2496
9208	9208
430	430
6087	6087
3195	3195
5726	5726
1707	1707
1935	1935
5527	5527
6216	6216
1672	1672
5426	5426
931	931
3296	3296
4886	4886
9752	9752
6614	6614
143	143
2073	2073
7444	7444
1892	1892
198	198
4850	4850
5071	5071
911	911
4677	4677
3549	3549
4620	4620
7522	7522
2948	2948
9765	9765
9340	9340
8087	8087
6993	6993
8024	8024
2219	2219
500	500
6220	6220
4727	4727
2472	2472
9773	9773
7669	7669
6570	6570
7320	7320
6349	6349
235	235
3322	3322
4898	4898
1161	1161
7856	7856
1986	1986
8954	8954
8978	8978
7697	7697
875	875
8816	8816
7457	7457
253	253
9313	9313
15	15
8288	8288
5273	5273
2778	2778
2506	2506
3419	3419
5016	5016
4073	4073
7362	7362
528	528
3075	3075
8502	8502
4760	4760
9289	9289
760	760
280	280
9957	9957
4219	4219
9373	9373
3710	3710
1433	1433
6311	6311
9574	9574
2231	2231
4761	4761
7603	7603
6206	6206
1697	1697
1637	1637
8515	8515
5128	5128
6930	6930
5890	5890
2444	2444
738	738
1666	1666
7990	7990
4506	4506
9827	9827
7032	7032
549	549
4010	4010
823	823
6142	6142
2588	2588
9121	9121
7089	7089
2280	2280
2622	2622
1062	1062
2901	2901
1730	1730
5259	5259
9451	9451
5382	5382
1263	1263
5040	5040
2759	2759
8790	8790
2738	2738
6356	6356
9564	9564
2542	2542
291	291
2462	2462
4771	4771
5569	5569
2509	2509
5496	5496
807	807
5477	5477
6933	6933
7382	7382
6723	6723
5807	5807
9858	9858
