500	603154
5193	5193
184	184
4421	4421
9518	9518
2486	2486
6576	6576
2365	2365
5761	5761
4829	4829
3961	3961
7626	7626
697	697
9664	9664
6254	6254
1462	1462
414	414
5614	5614
6223	6223
9236	9236
9920	9920
4489	4489
1835	1835
1128	1128
9021	9021
9058	9058
8505	8505
6672	6672
4392	4392
2084	2084
8809	8809
8643	8643
4594	4594
8799	8799
2331	2331
8199	8199
5870	5870
9151	9151
6243	6243
1071	1071
4162	4162
3505	3505
7254	7254
4217	4217
534	534
8107	8107
5877	5877
8508	8508
9776	9776
1828	1828
5902	5902
7574	7574
8830	8830
533	533
8888	8888
9746	9746
4870	4870
7137	7137
31	31
2983	2983
4975	4975
2824	2824
9003	9003
6222	6222
7716	7716
2798	2798
2810	2810
6433	6433
5822	5822
3932	3932
2952	2952
4418	4418
2856	2856
7763	7763
8623	8623
9774	9774
819	819
9022	9022
2044	2044
3780	3780
3350	3350
1609	1609
7758	7758
8415	8415
4595	4595
133	133
5640	5640
4567	4567
4682	4682
1944	1944
9952	9952
2190	2190
2183	2183
9999	9999
9946	9946
9535	9535
6125	6125
546	546
52	52
9320	9320
4354	4354
9792	9792
9013	9013
739	739
257	257
4466	4466
5120	5120
7575	7575
639	639
7037	7037
9736	9736
6533	6533
7816	7816
942	942
7154	7154
7536	7536
2651	2651
1364	1364
7597	7597
2966	2966
4585	4585
1165	1165
463	463
5735	5735
6197	6197
4661	4661
8216	8216
2977	2977
9517	9517
3513	3513
2494	2494
5184	5184
2947	2947
6341	6341
6508	6508
1671	1671
3644	3644
2267	2267
8240	8240
3401	3401
9472	9472
5293	5293
3356	3356
747	747
879	879
1549	1549
2544	2544
5907	5907
7486	7486
5553	5553
105	105
9148	9148
4385	4385
235	235
9042	9042
4158	4158
5699	5699
8665	8665
5866	5866
5013	5013
4406	4406
7551	7551
3866	3866
9025	9025
3317	3317
8285	8285
4993	4993
2359	2359
2967	2967
4524	4524
1985	1985
8875	8875
6354	6354
408	408
8215	8215
7393	7393
9014	9014
7401	7401
81	81
9330	9330
1702	1702
3551	3551
4252	4252
4699	4699
4894	4894
6480	6480
5812	5812
5845	5845
3749	3749
7500	7500
6493	6493
2705	2705
95	95
705	705
2925	2925
3553	3553
7638	7638
970	970
5144	5144
3644	3644
1287	1287
733	733
8583	8583
1929	1929
7690	7690
4314	4314
4103	4103
9472	9472
9605	9605
3759	3759
2551	2551
2967	2967
7926	7926
590	590
8495	8495
5806	5806
1680	1680
7202	7202
7258	7258
1350	1350
3545	3545
3748	3748
3889	3889
8387	8387
7960	7960
8218	8218
2738	2738
6157	6157
8462	8462
7370	7370
4765	4765
6809	6809
2214	2214
674	674
9316	9316
7684	7684
247	247
2905	2905
1850	1850
910	910
4607	4607
5339	5339
8678	8678
2348	2348
1615	1615
230	230
1649	1649
4593	4593
4151	4151
9803	9803
2186	2186
712	712
4739	4739
3892	3892
702	702
8360	8360
7352	7352
3071	3071
6574	6574
8848	8848
8910	8910
7302	7302
3180	3180
9918	9918
9167	9167
1375	1375
6750	6750
295	295
1932	1932
463	463
3310	3310
9538	9538
3643	3643
3080	3080
4142	4142
8286	8286
5998	5998
2787	2787
3127	3127
8340	8340
6728	6728
9751	9751
2331	2331
280	280
3027	3027
3539	3539
4814	4814
3033	3033
5507	5507
1088	1088
4746	4746
5353	5353
7505	7505
976	976
6880	6880
1089	1089
2176	2176
5051	5051
9333	9333
8193	8193
3161	3161
2228	2228
3772	3772
6288	6288
817	817
2456	2456
2871	2871
1642	1642
4839	4839
9255	9255
9383	9383
4797	4797
1393	1393
6162	6162
72	72
3391	3391
537	537
2767	2767
6237	6237
4877	4877
1131	1131
2146	2146
3396	3396
6633	6633
1287	1287
7688	7688
4950	4950
3048	3048
4079	4079
8774	8774
370	370
5544	5544
4265	4265
4188	4188
5947	5947
250	250
1378	1378
3517	3517
5558	5558
6271	6271
2513	2513
7980	7980
7316	7316
2726	2726
562	562
5613	5613
4240	4240
6020	6020
8244	8244
3388	3388
79	79
2105	2105
9185	9185
9456	9456
5788	5788
903	903
3114	3114
6151	6151
6060	6060
5236	5236
1849	1849
5369	5369
4701	4701
2302	2302
1351	1351
2280	2280
4599	4599
6064	6064
913	913
5146	5146
587	587
2459	2459
5017	5017
3583	3583
4341	4341
8276	8276
3102	3102
9096	9096
9127	9127
2940	2940
2928	2928
8062	8062
71	71
950	950
3330	3330
7954	7954
2201	2201
9373	9373
8062	8062
842	842
8070	8070
2144	2144
5528	5528
5880	5880
7536	7536
2929	2929
985	985
1027	1027
6210	6210
7656	7656
4552	4552
6366	6366
8921	8921
7449	7449
3915	3915
7727	7727
4786	4786
6400	6400
7146	7146
2683	2683
4825	4825
4807	4807
6495	6495
6142	6142
5863	5863
8567	8567
9870	9870
6569	6569
2486	2486
8458	8458
3460	3460
6260	6260
9168	9168
1698	1698
9026	9026
3782	3782
5928	5928
604	604
6219	6219
647	647
3910	3910
8899	8899
1313	1313
337	337
306	306
713	713
4091	4091
7621	7621
8974	8974
4701	4701
2403	2403
7564	7564
1632	1632
5578	5578
3137	3137
8782	8782
7331	7331
5555	5555
8698	8698
1303	1303
3222	3222
976	976
9688	9688
7377	7377
9240	9240
2274	2274
1519	1519
5874	5874
8862	8862
3079	3079
3727	3727
2394	2394
2535	2535
861	861
841	841
4417	4417
7661	7661
5785	5785
2420	2420
3002	3002
1707	1707
5386	5386
714	714
3021	3021
1480	1480
9783	9783
5882	5882
5651	5651
6441	6441
7682	7682
2445	2445
5886	5886
5748	5748
7648	7648
802	802
6881	6881
7408	7408
720	720
1085	1085
3813	3813
7158	7158
5487	5487
228	228
4073	4073
9083	9083
4752	4752
1554	1554
9900	9900
2478	2478
9561	9561
807	807
