500	248297
9393	9393
7556	7556
1914	1914
112	112
9285	9285
2549	2549
4740	4740
3045	3045
6786	6786
4617	4617
1882	1882
5974	5974
3898	3898
3869	3869
3305	3305
9459	9459
2129	2129
7408	7408
7338	7338
2799	2799
9514	9514
2130	2130
8950	8950
7201	7201
7618	7618
5121	5121
9733	9733
2890	2890
3079	3079
7727	7727
8011	8011
9718	9718
5609	5609
7635	7635
2061	2061
6051	6051
5760	5760
6999	6999
7998	7998
1439	1439
4599	4599
3588	3588
7970	7970
1976	1976
1058	1058
2005	2005
4455	4455
1312	1312
5766	5766
4045	4045
3887	3887
4545	4545
7073	7073
8438	8438
8416	8416
7547	7547
2301	2301
8780	8780
8736	8736
264	264
5095	5095
1412	1412
6076	6076
9323	9323
9843	9843
8281	8281
9752	9752
4188	4188
8196	8196
1827	1827
2540	2540
9108	9108
4991	4991
8952	8952
608	608
7431	7431
1955	1955
8062	8062
9135	9135
703	703
6315	6315
9274	9274
7060	7060
8982	8982
9782	9782
2320	2320
9619	9619
6590	6590
1905	1905
7613	7613
4380	4380
5474	5474
1887	1887
6642	6642
1761	1761
8731	8731
2990	2990
5254	5254
2746	2746
8683	8683
6615	6615
1380	1380
8843	8843
5665	5665
7509	7509
1633	1633
4742	4742
971	971
1059	1059
7407	7407
3999	3999
6988	6988
7634	7634
2134	2134
9827	9827
8213	8213
5907	5907
7375	7375
9944	9944
821	821
9255	9255
6366	6366
2753	2753
9719	9719
2486	2486
2321	2321
3755	3755
7609	7609
2154	2154
8893	8893
5239	5239
3749	3749
477	477
930	930
8493	8493
1874	1874
3522	3522
3381	3381
654	654
2812	2812
728	728
695	695
1860	1860
5538	5538
8404	8404
3057	3057
8161	8161
4339	4339
5876	5876
6482	6482
338	338
2731	2731
9537	9537
2680	2680
565	565
3089	3089
8296	8296
6855	6855
7310	7310
4885	4885
3945	3945
9146	9146
8027	8027
6360	6360
3455	3455
2805	2805
4738	4738
6267	6267
8793	8793
4892	4892
8600	8600
8118	8118
374	374
3006	3006
2760	2760
5986	5986
5313	5313
7749	7749
6856	6856
1415	1415
1827	1827
3767	3767
5517	5517
4150	4150
8365	8365
6958	6958
4091	4091
4776	4776
6338	6338
6018	6018
7917	7917
8286	8286
8792	8792
4259	4259
7333	7333
3628	3628
852	852
4179	4179
180	180
7980	7980
5369	5369
4248	4248
2955	2955
3569	3569
8486	8486
6299	6299
2784	2784
461	461
7132	7132
3813	3813
7308	7308
4776	4776
9334	9334
9404	9404
9111	9111
7551	7551
3745	3745
2054	2054
7281	7281
2768	2768
5391	5391
989	989
7056	7056
3179	3179
1746	1746
1494	1494
7215	7215
5025	5025
6107	6107
2118	2118
9610	9610
7978	7978
7689	7689
9977	9977
4404	4404
5514	5514
3044	3044
3754	3754
394	394
2819	2819
1027	1027
1722	1722
417	417
4369	4369
3396	3396
3122	3122
4482	4482
833	833
516	516
2726	2726
866	866
9631	9631
7187	7187
6562	6562
7780	7780
883	883
1795	1795
3057	3057
4677	4677
7969	7969
9033	9033
7760	7760
2998	2998
2451	2451
8039	8039
9905	9905
8966	8966
9516	9516
8010	8010
514	514
3335	3335
9846	9846
3308	3308
732	732
4049	4049
2307	2307
6464	6464
5660	5660
448	448
2319	2319
5946	5946
4482	4482
848	848
1871	1871
2207	2207
9716	9716
7423	7423
1686	1686
5913	5913
806	806
3247	3247
4040	4040
1614	1614
9015	9015
2686	2686
4956	4956
6240	6240
1648	1648
4874	4874
5353	5353
7926	7926
9474	9474
2959	2959
3829	3829
8397	8397
2785	2785
7765	7765
7316	7316
329	329
4672	4672
5893	5893
7481	7481
9708	9708
8112	8112
4528	4528
2457	2457
2214	2214
319	319
3137	3137
8628	8628
1072	1072
7653	7653
6744	6744
147	147
124	124
2053	2053
9240	9240
1690	1690
3305	3305
4968	4968
9155	9155
2287	2287
9662	9662
7441	7441
2439	2439
7214	7214
6613	6613
400	400
6220	6220
795	795
1478	1478
5327	5327
7757	7757
4241	4241
1386	1386
9462	9462
4781	4781
8602	8602
8742	8742
3524	3524
6627	6627
469	469
1691	1691
913	913
1218	1218
2311	2311
422	422
6628	6628
6094	6094
5231	5231
4557	4557
3327	3327
8303	8303
502	502
3540	3540
5388	5388
6357	6357
4355	4355
7417	7417
167	167
2717	2717
2056	2056
9842	9842
7029	7029
6596	6596
209	209
8062	8062
717	717
6842	6842
4981	4981
5578	5578
6603	6603
5276	5276
2693	2693
2601	2601
1418	1418
1452	1452
9226	9226
2115	2115
1184	1184
6647	6647
8883	8883
6031	6031
1991	1991
5843	5843
3642	3642
3442	3442
6877	6877
6651	6651
3791	3791
627	627
6743	6743
8161	8161
2262	2262
5026	5026
9964	9964
6107	6107
6035	6035
8021	8021
9885	9885
1073	1073
5085	5085
16	16
4247	4247
3402	3402
2752	2752
9609	9609
6124	6124
1650	1650
6906	6906
3572	3572
8017	8017
2358	2358
2736	2736
8746	8746
852	852
8383	8383
7511	7511
9585	9585
5451	5451
7809	7809
434	434
762	762
2759	2759
3976	3976
9937	9937
5384	5384
4125	4125
4608	4608
429	429
4954	4954
3527	3527
7487	7487
234	234
8500	8500
7892	7892
3208	3208
6346	6346
7000	7000
8385	8385
1594	1594
8615	8615
6690	6690
3153	3153
2862	2862
3001	3001
7132	7132
3902	3902
4913	4913
94	94
5871	5871
1194	1194
647	647
685	685
4203	4203
5645	5645
4631	4631
2084	2084
8443	8443
9933	9933
1111	1111
2072	2072
2191	2191
2524	2524
8496	8496
7479	7479
6530	6530
7390	7390
9359	9359
4858	4858
5918	5918
128	128
896	896
5361	5361
538	538
1912	1912
9258	9258
5433	5433
609	609
4044	4044
5487	5487
7677	7677
3238	3238
9429	9429
8094	8094
6244	6244
4818	4818
8007	8007
1747	1747
6107	6107
