500	1887355
2652	2652
5451	5451
862	862
781	781
9710	9710
1144	1144
5081	5081
6328	6328
3199	3199
9032	9032
517	517
111	111
5431	5431
3580	3580
6460	6460
9288	9288
721	721
8962	8962
798	798
6708	6708
9861	9861
9737	9737
7739	7739
1853	1853
2425	2425
4360	4360
9676	9676
6536	6536
7121	7121
5530	5530
9764	9764
4896	4896
5624	5624
5126	5126
78	78
6609	6609
2231	2231
1484	1484
217	217
3602	3602
1985	1985
1816	1816
5455	5455
282	282
6796	6796
2161	2161
4152	4152
8209	8209
2398	2398
6440	6440
6087	6087
505	505
8319	8319
3502	3502
1541	1541
8418	8418
7183	7183
9145	9145
8393	8393
9684	9684
3301	3301
9043	9043
7495	7495
7036	7036
6961	6961
6984	6984
5060	5060
662	662
7546	7546
1324	1324
8273	8273
2816	2816
6634	6634
7199	7199
2788	2788
7404	7404
1112	1112
4805	4805
2041	2041
1168	1168
3898	3898
6384	6384
6269	6269
2001	2001
2033	2033
6351	6351
6393	6393
3466	3466
8778	8778
5638	5638
5693	5693
4775	4775
4506	4506
9975	9975
8526	8526
8819	8819
3393	3393
4497	4497
9342	9342
3889	3889
7064	7064
7979	7979
9967	9967
4257	4257
6024	6024
7586	7586
6276	6276
6826	6826
4577	4577
9213	9213
7802	7802
7922	7922
6752	6752
5732	5732
3505	3505
5436	5436
5854	5854
6974	6974
5985	5985
6437	6437
8363	8363
2436	2436
4306	4306
5746	5746
1446	1446
6519	6519
1492	1492
6990	6990
2523	2523
2589	2589
7857	7857
2614	2614
9232	9232
1701	1701
6333	6333
5388	5388
6677	6677
450	450
1279	1279
6409	6409
6430	6430
593	593
4822	4822
837	837
6357	6357
9910	9910
1624	1624
3505	3505
1436	1436
4330	4330
1530	1530
6046	6046
4470	4470
6809	6809
6447	6447
6040	6040
6571	6571
8210	8210
8324	8324
3292	3292
2679	2679
7242	7242
3303	3303
5999	5999
4221	4221
2735	2735
9206	9206
5182	5182
8010	8010
6123	6123
1326	1326
8447	8447
9654	9654
6673	6673
4951	4951
1242	1242
786	786
9076	9076
2270	2270
3219	3219
4684	4684
3452	3452
8922	8922
5956	5956
7476	7476
8288	8288
5980	5980
5107	5107
6007	6007
2986	2986
317	317
427	427
3050	3050
1789	1789
4988	4988
5434	5434
3539	3539
352	352
1602	1602
931	931
1851	1851
5332	5332
7659	7659
8288	8288
7353	7353
7147	7147
9071	9071
3750	3750
2184	2184
1114	1114
8154	8154
5863	5863
3614	3614
5402	5402
39	39
3088	3088
1879	1879
2512	2512
2068	2068
2370	2370
901	901
1412	1412
2933	2933
94	94
4792	4792
5195	5195
4198	4198
4723	4723
8328	8328
9088	9088
3478	3478
6010	6010
5152	5152
1207	1207
7713	7713
8268	8268
9489	9489
7083	7083
9742	9742
3196	3196
5408	5408
7802	7802
4485	4485
6142	6142
1123	1123
9558	9558
3501	3501
1030	1030
9912	9912
1889	1889
1267	1267
2119	2119
5926	5926
5276	5276
2662	2662
3717	3717
9517	9517
2338	2338
4806	4806
4145	4145
808	808
7433	7433
825	825
479	479
7784	7784
5715	5715
6430	6430
1797	1797
736	736
2778	2778
3811	3811
1633	1633
1162	1162
849	849
9189	9189
9988	9988
2843	2843
5515	5515
7629	7629
214	214
7595	7595
7409	7409
6511	6511
9694	9694
808	808
4422	4422
494	494
6454	6454
2286	2286
50	50
4609	4609
1490	1490
5633	5633
5070	5070
1178	1178
2742	2742
6907	6907
3294	3294
4965	4965
1843	1843
868	868
3877	3877
3781	3781
1115	1115
811	811
8885	8885
6965	6965
6395	6395
7884	7884
3991	3991
2942	2942
1391	1391
2800	2800
9521	9521
1439	1439
8319	8319
1250	1250
9128	9128
102	102
4147	4147
9713	9713
2989	2989
9227	9227
843	843
2142	2142
8482	8482
7797	7797
1202	1202
9344	9344
4390	4390
4691	4691
9864	9864
5298	5298
1262	1262
3485	3485
6356	6356
3139	3139
1541	1541
291	291
7052	7052
9581	9581
4381	4381
3171	3171
8567	8567
3650	3650
4433	4433
8872	8872
9455	9455
8783	8783
5175	5175
8718	8718
6626	6626
8894	8894
1472	1472
4383	4383
737	737
9385	9385
3963	3963
112	112
8755	8755
2425	2425
9299	9299
3649	3649
6603	6603
6964	6964
7265	7265
8375	8375
4220	4220
8601	8601
8860	8860
2242	2242
6744	6744
9338	9338
6308	6308
8982	8982
5763	5763
649	649
7667	7667
8573	8573
8137	8137
1332	1332
2497	2497
6989	6989
9774	9774
5014	5014
1617	1617
315	315
5168	5168
8368	8368
2317	2317
3821	3821
359	359
5814	5814
1641	1641
7277	7277
5022	5022
8981	8981
7611	7611
5961	5961
4977	4977
4957	4957
9561	9561
1020	1020
8980	8980
7036	7036
3761	3761
4835	4835
5921	5921
7409	7409
8492	8492
3598	3598
9831	9831
6786	6786
5686	5686
8489	8489
6742	6742
8470	8470
2971	2971
472	472
943	943
2761	2761
8726	8726
2691	2691
2912	2912
8031	8031
688	688
9577	9577
83	83
87	87
4130	4130
8645	8645
8387	8387
7697	7697
740	740
1229	1229
7569	7569
6762	6762
4571	4571
2983	2983
1617	1617
6799	6799
9980	9980
7393	7393
5363	5363
2480	2480
7281	7281
8933	8933
3794	3794
1356	1356
8521	8521
7919	7919
1451	1451
6951	6951
1463	1463
7728	7728
2444	2444
8945	8945
733	733
9008	9008
5339	5339
2131	2131
3360	3360
3745	3745
7876	7876
3785	3785
5440	5440
9819	9819
8644	8644
2951	2951
7553	7553
5503	5503
8774	8774
3283	3283
9868	9868
8155	8155
9636	9636
8321	8321
5783	5783
6421	6421
3896	3896
6085	6085
8532	8532
49	49
2585	2585
5969	5969
8726	8726
650	650
7276	7276
294	294
6768	6768
1174	1174
2563	2563
1331	1331
4763	4763
5838	5838
3612	3612
8151	8151
6089	6089
4405	4405
391	391
