500	1915604
4169	4169
1211	1211
5180	5180
952	952
1127	1127
1245	1245
5039	5039
1256	1256
8813	8813
3807	3807
2147	2147
7968	7968
9230	9230
8506	8506
4335	4335
5306	5306
4201	4201
6027	6027
9004	9004
1276	1276
9997	9997
6664	6664
8926	8926
1225	1225
6636	6636
3896	3896
3240	3240
9286	9286
6949	6949
4973	4973
4053	4053
1834	1834
1530	1530
2127	2127
4330	4330
9198	9198
982	982
2263	2263
406	406
509	509
4358	4358
1492	1492
4736	4736
9938	9938
2943	2943
782	782
2832	2832
7734	7734
1903	1903
9416	9416
798	798
2507	2507
136	136
8564	8564
1641	1641
5123	5123
9249	9249
1563	1563
5454	5454
6104	6104
7004	7004
1083	1083
8864	8864
9359	9359
1132	1132
9194	9194
7091	7091
3994	3994
4523	4523
3675	3675
611	611
6566	6566
7457	7457
6108	6108
4672	4672
6310	6310
6611	6611
9655	9655
9744	9744
3076	3076
8104	8104
7934	7934
1865	1865
899	899
8531	8531
7134	7134
3885	3885
3563	3563
7180	7180
729	729
8227	8227
6707	6707
9472	9472
1522	1522
3644	3644
2642	2642
745	745
6996	6996
6927	6927
5974	5974
9586	9586
6418	6418
1412	1412
4606	4606
3239	3239
3683	3683
915	915
7019	7019
6770	6770
7900	7900
3643	3643
9474	9474
7385	7385
6945	6945
3874	3874
5391	5391
3136	3136
4951	4951
8096	8096
2295	2295
9577	9577
5055	5055
487	487
4960	4960
4320	4320
5667	5667
5860	5860
6782	6782
9104	9104
3522	3522
5852	5852
4719	4719
3365	3365
9933	9933
2586	2586
6669	6669
8931	8931
6957	6957
3162	3162
7861	7861
6534	6534
9101	9101
8958	8958
4501	4501
9934	9934
4800	4800
4430	4430
3200	3200
2635	2635
7652	7652
6240	6240
2427	2427
8628	8628
1947	1947
1228	1228
2058	2058
8087	8087
9905	9905
3917	3917
6849	6849
1665	1665
7689	7689
4169	4169
2486	2486
7393	7393
699	699
1436	1436
1943	1943
8564	8564
9149	9149
6373	6373
2594	2594
7431	7431
981	981
7610	7610
8812	8812
3525	3525
1738	1738
8618	8618
7465	7465
8723	8723
4501	4501
3335	3335
9434	9434
1359	1359
9981	9981
7474	7474
7461	7461
2799	2799
6238	6238
9085	9085
4528	4528
2436	2436
536	536
7510	7510
5413	5413
3808	3808
936	936
1579	1579
4068	4068
9853	9853
3742	3742
6817	6817
9547	9547
4596	4596
3308	3308
5011	5011
5815	5815
6929	6929
3138	3138
83	83
1812	1812
6126	6126
9923	9923
6522	6522
8547	8547
1276	1276
1037	1037
7136	7136
8745	8745
8451	8451
9537	9537
2150	2150
7975	7975
8756	8756
5886	5886
3167	3167
8493	8493
7190	7190
79	79
6179	6179
9298	9298
8600	8600
5840	5840
5270	5270
3394	3394
5063	5063
6005	6005
8640	8640
2804	2804
8770	8770
4230	4230
6063	6063
6964	6964
8907	8907
2695	2695
9674	9674
5370	5370
4652	4652
9841	9841
7633	7633
4208	4208
3258	3258
9591	9591
1903	1903
1914	1914
6795	6795
2741	2741
9644	9644
8697	8697
2198	2198
3089	3089
2864	2864
1092	1092
1025	1025
2003	2003
3747	3747
4695	4695
47	47
38	38
5860	5860
8133	8133
7503	7503
7244	7244
4992	4992
1354	1354
2986	2986
1997	1997
5546	5546
3246	3246
3107	3107
1673	1673
3541	3541
7652	7652
3431	3431
726	726
720	720
1579	1579
6674	6674
3631	3631
6238	6238
1656	1656
3469	3469
7369	7369
7977	7977
9330	9330
4792	4792
974	974
3631	3631
1487	1487
2698	2698
1400	1400
2151	2151
8277	8277
2443	2443
5996	5996
1438	1438
5357	5357
7747	7747
6911	6911
7241	7241
2011	2011
3733	3733
2364	2364
3100	3100
9024	9024
8594	8594
31	31
8564	8564
6680	6680
5411	5411
7373	7373
3182	3182
1545	1545
3119	3119
2893	2893
4484	4484
6326	6326
8643	8643
2511	2511
7684	7684
3709	3709
8295	8295
4707	4707
8412	8412
2701	2701
7416	7416
3031	3031
459	459
8053	8053
5267	5267
3717	3717
6908	6908
408	408
5290	5290
9936	9936
9838	9838
4414	4414
3344	3344
5051	5051
5351	5351
5199	5199
7318	7318
4854	4854
5301	5301
4800	4800
9026	9026
2351	2351
8401	8401
8563	8563
8990	8990
8415	8415
4115	4115
9207	9207
6822	6822
8964	8964
2633	2633
6581	6581
3348	3348
5322	5322
8591	8591
8789	8789
6203	6203
7343	7343
8468	8468
5910	5910
297	297
5033	5033
3338	3338
7147	7147
8632	8632
6656	6656
8661	8661
3838	3838
8482	8482
5406	5406
2033	2033
7821	7821
8554	8554
7454	7454
7890	7890
9241	9241
1372	1372
4455	4455
3683	3683
1828	1828
6488	6488
1911	1911
6598	6598
1020	1020
3974	3974
4992	4992
6592	6592
9341	9341
249	249
9922	9922
9466	9466
8168	8168
9071	9071
6284	6284
4838	4838
6669	6669
2847	2847
2027	2027
1725	1725
2504	2504
7771	7771
9869	9869
4242	4242
3816	3816
7654	7654
8269	8269
467	467
8586	8586
3388	3388
3560	3560
2573	2573
9199	9199
6571	6571
9090	9090
5185	5185
4278	4278
511	511
90	90
5741	5741
518	518
1323	1323
8897	8897
6128	6128
3799	3799
2723	2723
4093	4093
5466	5466
4252	4252
1436	1436
4616	4616
5891	5891
4997	4997
7693	7693
3716	3716
9490	9490
4943	4943
108	108
6205	6205
1817	1817
144	144
1184	1184
6418	6418
861	861
6895	6895
5511	5511
3361	3361
644	644
9105	9105
2996	2996
9996	9996
2185	2185
5161	5161
6263	6263
2624	2624
8280	8280
5339	5339
9664	9664
5241	5241
8601	8601
4899	4899
5113	5113
5374	5374
2706	2706
4864	4864
5078	5078
123	123
6379	6379
1058	1058
8682	8682
2473	2473
2323	2323
5205	5205
3416	3416
4094	4094
2562	2562
5213	5213
5902	5902
7034	7034
269	269
6344	6344
4092	4092
5203	5203
63	63
174	174
