500	1882247
9257	9257
4989	4989
1061	1061
6643	6643
785	785
5638	5638
6114	6114
2740	2740
9643	9643
9794	9794
5714	5714
311	311
7406	7406
9913	9913
4581	4581
8912	8912
1827	1827
8432	8432
2221	2221
1009	1009
9777	9777
1128	1128
5023	5023
2784	2784
948	948
1541	1541
2089	2089
7858	7858
1010	1010
3907	3907
7678	7678
2662	2662
6712	6712
5866	5866
5149	5149
994	994
2194	2194
6991	6991
6555	6555
1283	1283
9482	9482
6613	6613
7804	7804
9348	9348
5186	5186
4097	4097
1525	1525
1903	1903
404	404
218	218
661	661
3567	3567
1119	1119
6685	6685
7291	7291
2191	2191
3020	3020
80	80
7307	7307
8426	8426
2927	2927
1099	1099
391	391
6345	6345
1752	1752
6482	6482
3636	3636
5191	5191
1061	1061
2085	2085
6368	6368
6110	6110
1892	1892
6788	6788
6359	6359
5228	5228
4927	4927
5424	5424
6291	6291
6575	6575
6623	6623
956	956
6616	6616
6711	6711
7696	7696
2674	2674
6828	6828
5985	5985
5867	5867
6253	6253
537	537
3150	3150
3960	3960
7110	7110
3194	3194
1235	1235
3009	3009
7452	7452
4260	4260
3575	3575
5151	5151
838	838
5658	5658
5460	5460
8473	8473
4837	4837
2850	2850
5785	5785
4776	4776
6064	6064
1763	1763
9177	9177
6194	6194
3987	3987
1230	1230
8998	8998
6447	6447
9764	9764
6631	6631
9332	9332
8011	8011
8102	8102
3099	3099
8526	8526
3092	3092
5597	5597
1691	1691
4304	4304
3234	3234
874	874
8818	8818
7357	7357
9298	9298
2629	2629
7544	7544
1948	1948
6165	6165
9956	9956
6826	6826
8054	8054
531	531
9432	9432
3338	3338
4599	4599
5102	5102
1137	1137
7089	7089
2611	2611
4042	4042
9506	9506
8475	8475
876	876
8902	8902
1316	1316
4894	4894
6831	6831
4165	4165
593	593
1353	1353
8309	8309
5603	5603
9843	9843
202	202
9952	9952
3039	3039
8902	8902
7859	7859
4636	4636
1816	1816
3357	3357
4517	4517
3285	3285
8555	8555
2102	2102
2285	2285
1533	1533
64	64
259	259
3933	3933
8011	8011
2272	2272
8058	8058
4626	4626
7222	7222
3521	3521
861	861
4773	4773
9561	9561
5290	5290
337	337
3001	3001
4508	4508
3706	3706
696	696
6700	6700
5301	5301
2285	2285
2635	2635
8751	8751
8456	8456
4448	4448
8247	8247
3281	3281
174	174
2109	2109
7426	7426
3493	3493
940	940
3852	3852
8418	8418
2255	2255
9278	9278
4821	4821
4415	4415
2888	2888
2622	2622
9247	9247
2938	2938
1776	1776
1447	1447
6203	6203
3833	3833
826	826
9406	9406
3055	3055
2518	2518
1291	1291
118	118
2694	2694
2896	2896
8232	8232
9751	9751
3382	3382
2207	2207
8727	8727
3181	3181
5336	5336
3982	3982
6889	6889
6831	6831
3003	3003
6951	6951
7425	7425
2731	2731
9052	9052
2421	2421
7153	7153
6922	6922
5426	5426
8646	8646
8096	8096
2260	2260
4327	4327
944	944
3670	3670
2291	2291
4464	4464
3390	3390
3459	3459
2920	2920
775	775
4921	4921
3940	3940
8979	8979
8497	8497
7096	7096
5625	5625
4522	4522
3449	3449
7067	7067
2612	2612
1905	1905
2094	2094
9523	9523
9942	9942
2265	2265
6996	6996
8906	8906
2149	2149
5155	5155
5426	5426
3969	3969
5552	5552
1855	1855
6748	6748
4877	4877
7551	7551
890	890
5882	5882
3740	3740
762	762
8279	8279
5694	5694
9000	9000
6943	6943
7462	7462
5890	5890
6517	6517
7667	7667
1790	1790
5141	5141
9099	9099
6332	6332
8244	8244
2462	2462
9399	9399
5021	5021
8704	8704
4644	4644
4617	4617
902	902
6122	6122
4940	4940
9185	9185
3054	3054
7848	7848
7731	7731
6906	6906
7752	7752
1468	1468
3780	3780
7343	7343
3981	3981
4416	4416
3858	3858
3015	3015
8354	8354
2869	2869
6379	6379
7008	7008
2081	2081
8306	8306
9917	9917
3768	3768
7908	7908
138	138
1088	1088
2682	2682
6602	6602
3393	3393
8203	8203
3186	3186
3280	3280
6931	6931
2060	2060
4540	4540
2412	2412
1423	1423
9133	9133
7108	7108
4786	4786
3665	3665
3791	3791
9290	9290
1378	1378
7999	7999
7805	7805
1849	1849
1638	1638
9688	9688
8466	8466
5831	5831
648	648
1561	1561
3081	3081
16	16
603	603
9868	9868
9936	9936
9251	9251
5674	5674
7889	7889
9494	9494
7780	7780
7615	7615
6059	6059
9836	9836
3874	3874
1477	1477
9089	9089
3127	3127
7167	7167
3349	3349
1079	1079
9770	9770
8146	8146
3313	3313
9504	9504
1487	1487
7080	7080
7682	7682
442	442
235	235
5208	5208
7408	7408
4840	4840
4383	4383
8210	8210
7139	7139
9113	9113
371	371
2483	2483
1815	1815
5353	5353
7999	7999
9902	9902
4043	4043
4272	4272
5638	5638
197	197
3634	3634
7202	7202
9076	9076
8321	8321
2984	2984
2725	2725
5886	5886
9239	9239
4914	4914
7022	7022
8141	8141
3367	3367
2619	2619
1508	1508
390	390
2202	2202
892	892
385	385
3913	3913
8084	8084
532	532
9476	9476
9561	9561
617	617
2460	2460
5210	5210
3017	3017
1641	1641
723	723
8584	8584
5586	5586
7882	7882
5405	5405
9791	9791
9180	9180
8985	8985
5017	5017
4167	4167
6047	6047
4695	4695
3492	3492
1731	1731
3320	3320
9340	9340
7412	7412
8016	8016
9472	9472
3823	3823
7788	7788
6136	6136
5025	5025
1289	1289
738	738
4248	4248
9799	9799
1889	1889
7978	7978
4746	4746
9723	9723
8028	8028
7044	7044
2851	2851
3919	3919
9341	9341
1884	1884
7079	7079
6588	6588
9128	9128
2254	2254
8173	8173
9049	9049
2260	2260
4725	4725
8597	8597
7849	7849
2317	2317
7361	7361
8311	8311
3584	3584
3480	3480
1560	1560
4695	4695
5229	5229
2975	2975
6013	6013
8788	8788
347	347
9374	9374
8773	8773
1079	1079
