500	1282887
5233	5233
7499	7499
2137	2137
2248	2248
9413	9413
5018	5018
9658	9658
8599	8599
7825	7825
3061	3061
4983	4983
3162	3162
6400	6400
5101	5101
294	294
194	194
3240	3240
2858	2858
3897	3897
1089	1089
8980	8980
4918	4918
515	515
4201	4201
1385	1385
551	551
654	654
5645	5645
3793	3793
3297	3297
3323	3323
7213	7213
603	603
2135	2135
2885	2885
8355	8355
5063	5063
3048	3048
5952	5952
2417	2417
5449	5449
2625	2625
427	427
6952	6952
6328	6328
9641	9641
6352	6352
4680	4680
1378	1378
2189	2189
9679	9679
7413	7413
7278	7278
204	204
8955	8955
8292	8292
6231	6231
5030	5030
4824	4824
8309	8309
6958	6958
9911	9911
6415	6415
764	764
6364	6364
2043	2043
4359	4359
4251	4251
2637	2637
2714	2714
1823	1823
4421	4421
6094	6094
8857	8857
6238	6238
7822	7822
5303	5303
8415	8415
9635	9635
6806	6806
3170	3170
9080	9080
4883	4883
7599	7599
5260	5260
8528	8528
5914	5914
5224	5224
673	673
67	67
2893	2893
7899	7899
8818	8818
127	127
902	902
8212	8212
2842	2842
895	895
109	109
9904	9904
7808	7808
3785	3785
1696	1696
7909	7909
3676	3676
8489	8489
5578	5578
2341	2341
3944	3944
8911	8911
1046	1046
13	13
4459	4459
8914	8914
8132	8132
4535	4535
5971	5971
7303	7303
5879	5879
364	364
8324	8324
9465	9465
3023	3023
8244	8244
8314	8314
7523	7523
4369	4369
3626	3626
5316	5316
1946	1946
3886	3886
3384	3384
7733	7733
4212	4212
4923	4923
4902	4902
8346	8346
3129	3129
8463	8463
9784	9784
9029	9029
3386	3386
8500	8500
8735	8735
9626	9626
60	60
9987	9987
3786	3786
6866	6866
9507	9507
8235	8235
9361	9361
3268	3268
8281	8281
479	479
5835	5835
8184	8184
3451	3451
6518	6518
5760	5760
7783	7783
4448	4448
4588	4588
4877	4877
6281	6281
5789	5789
3139	3139
6510	6510
5355	5355
6582	6582
7992	7992
8332	8332
3654	3654
592	592
6543	6543
9575	9575
2302	2302
7684	7684
7672	7672
7059	7059
4152	4152
3846	3846
3352	3352
7521	7521
5795	5795
8667	8667
5251	5251
742	742
4277	4277
6827	6827
3309	3309
6659	6659
9016	9016
8955	8955
3780	3780
8495	8495
8092	8092
8941	8941
4867	4867
8761	8761
6145	6145
9080	9080
9780	9780
5399	5399
7116	7116
8417	8417
1911	1911
635	635
8299	8299
4278	4278
5638	5638
8475	8475
4070	4070
7057	7057
9132	9132
8781	8781
5794	5794
2522	2522
2674	2674
8376	8376
8391	8391
2210	2210
7236	7236
4860	4860
9628	9628
5343	5343
5616	5616
3878	3878
7621	7621
3721	3721
5822	5822
17	17
2515	2515
3045	3045
322	322
2025	2025
4198	4198
9408	9408
4131	4131
9908	9908
6742	6742
4173	4173
3707	3707
922	922
494	494
5234	5234
8833	8833
5127	5127
1841	1841
2660	2660
9111	9111
8753	8753
3783	3783
2317	2317
7921	7921
767	767
639	639
2390	2390
9107	9107
2944	2944
764	764
121	121
7197	7197
2276	2276
6266	6266
1454	1454
4382	4382
285	285
2203	2203
9290	9290
222	222
2802	2802
8728	8728
9033	9033
695	695
4725	4725
8280	8280
3645	3645
7821	7821
4005	4005
8371	8371
9218	9218
6447	6447
8275	8275
9878	9878
6012	6012
644	644
7181	7181
7709	7709
6319	6319
1275	1275
1490	1490
4154	4154
3333	3333
6377	6377
8162	8162
6256	6256
3357	3357
1660	1660
4133	4133
5895	5895
7885	7885
203	203
3599	3599
3563	3563
3540	3540
9919	9919
1236	1236
2343	2343
4870	4870
965	965
7973	7973
5360	5360
7902	7902
2303	2303
6467	6467
9905	9905
4804	4804
2720	2720
5223	5223
524	524
426	426
8038	8038
8374	8374
6877	6877
7580	7580
5911	5911
8413	8413
6632	6632
7960	7960
7012	7012
4869	4869
6536	6536
1769	1769
6058	6058
4305	4305
4378	4378
2820	2820
8338	8338
338	338
1841	1841
4252	4252
4491	4491
4074	4074
6574	6574
4880	4880
7317	7317
7480	7480
2814	2814
9842	9842
1804	1804
2821	2821
941	941
4294	4294
9116	9116
2452	2452
2498	2498
6952	6952
7781	7781
4317	4317
2955	2955
9425	9425
1361	1361
4016	4016
889	889
8905	8905
8192	8192
6015	6015
7737	7737
7010	7010
3946	3946
4552	4552
8979	8979
5278	5278
9857	9857
1486	1486
7945	7945
927	927
994	994
8047	8047
6520	6520
358	358
8128	8128
1511	1511
5827	5827
9633	9633
8661	8661
4445	4445
5939	5939
3945	3945
4978	4978
6071	6071
6829	6829
4860	4860
8121	8121
9651	9651
4310	4310
4866	4866
9629	9629
909	909
705	705
4695	4695
8898	8898
4445	4445
7444	7444
7062	7062
4694	4694
5072	5072
6412	6412
4717	4717
6505	6505
9629	9629
3220	3220
7692	7692
8655	8655
5099	5099
6386	6386
3573	3573
1708	1708
3486	3486
2196	2196
801	801
3198	3198
3478	3478
2926	2926
9814	9814
4783	4783
7990	7990
6895	6895
4054	4054
1734	1734
310	310
603	603
430	430
718	718
2677	2677
9271	9271
7379	7379
1867	1867
4092	4092
3630	3630
8868	8868
6942	6942
584	584
2321	2321
7063	7063
4369	4369
743	743
5261	5261
3616	3616
6869	6869
2865	2865
2161	2161
2663	2663
6511	6511
5110	5110
8569	8569
961	961
7441	7441
8957	8957
6953	6953
2095	2095
2460	2460
4404	4404
7960	7960
3356	3356
7272	7272
5803	5803
4279	4279
8539	8539
1541	1541
7958	7958
3847	3847
2662	2662
802	802
1610	1610
948	948
7269	7269
199	199
7276	7276
3770	3770
1412	1412
6298	6298
3878	3878
5519	5519
8377	8377
4633	4633
231	231
9414	9414
8041	8041
4425	4425
55	55
9503	9503
3318	3318
4051	4051
5333	5333
9071	9071
1497	1497
5561	5561
3384	3384
