500	249803
8511	8511
6331	6331
8954	8954
1030	1030
6623	6623
9884	9884
5818	5818
7988	7988
5816	5816
7889	7889
881	881
5362	5362
3503	3503
7998	7998
8478	8478
1146	1146
6273	6273
7197	7197
1681	1681
7135	7135
4731	4731
549	549
8320	8320
6359	6359
6354	6354
5711	5711
6079	6079
26	26
2035	2035
2982	2982
9938	9938
8633	8633
5297	5297
9140	9140
2963	2963
927	927
9221	9221
4526	4526
4012	4012
8122	8122
527	527
8908	8908
1410	1410
7551	7551
4754	4754
1440	1440
9513	9513
6793	6793
9586	9586
3251	3251
6109	6109
3088	3088
3672	3672
975	975
6504	6504
6822	6822
6078	6078
6176	6176
8534	8534
2595	2595
7870	7870
605	605
1914	1914
6403	6403
2026	2026
5562	5562
4656	4656
9346	9346
8691	8691
358	358
9713	9713
8819	8819
8481	8481
8013	8013
4599	4599
1810	1810
5808	5808
335	335
4096	4096
1624	1624
382	382
5676	5676
4224	4224
1755	1755
4869	4869
8983	8983
8768	8768
132	132
652	652
1209	1209
2497	2497
3099	3099
8842	8842
7115	7115
337	337
3890	3890
7280	7280
9465	9465
7721	7721
6559	6559
7196	7196
2171	2171
175	175
5179	5179
4783	4783
9483	9483
7053	7053
5912	5912
3963	3963
4054	4054
2595	2595
914	914
9463	9463
9120	9120
9402	9402
3505	3505
1504	1504
2499	2499
2904	2904
2713	2713
7353	7353
2807	2807
7765	7765
3969	3969
2584	2584
4363	4363
2982	2982
2562	2562
8873	8873
2240	2240
7622	7622
9634	9634
8881	8881
4559	4559
116	116
7628	7628
7542	7542
3804	3804
9772	9772
6839	6839
2093	2093
619	619
8788	8788
8482	8482
1289	1289
8719	8719
8804	8804
9976	9976
4400	4400
1620	1620
9623	9623
7724	7724
2954	2954
3745	3745
3265	3265
6757	6757
374	374
3468	3468
46	46
7179	7179
2745	2745
36	36
6441	6441
1974	1974
6425	6425
2138	2138
1725	1725
3750	3750
2594	2594
603	603
466	466
2806	2806
9584	9584
2600	2600
7639	7639
6433	6433
1623	1623
9448	9448
309	309
1964	1964
1136	1136
6943	6943
7040	7040
6559	6559
7959	7959
5095	5095
2406	2406
6727	6727
7243	7243
8967	8967
8093	8093
1925	1925
1497	1497
2020	2020
4767	4767
7284	7284
5787	5787
4784	4784
7201	7201
813	813
5397	5397
3877	3877
9741	9741
4607	4607
4755	4755
9527	9527
2543	2543
1356	1356
6754	6754
7372	7372
947	947
2766	2766
2640	2640
3714	3714
6433	6433
4443	4443
502	502
8792	8792
3312	3312
6491	6491
8632	8632
4484	4484
3649	3649
3482	3482
5537	5537
1616	1616
8101	8101
4677	4677
4459	4459
880	880
3640	3640
5798	5798
906	906
6671	6671
6164	6164
7414	7414
4727	4727
6865	6865
4595	4595
7830	7830
2868	2868
6953	6953
6850	6850
8594	8594
4383	4383
8239	8239
1449	1449
2716	2716
438	438
6109	6109
26	26
5711	5711
5809	5809
350	350
6996	6996
8662	8662
5491	5491
8920	8920
4611	4611
7064	7064
9930	9930
3971	3971
8253	8253
8363	8363
4182	4182
8889	8889
1970	1970
3998	3998
711	711
9218	9218
7262	7262
1070	1070
8701	8701
5004	5004
9019	9019
7600	7600
1851	1851
3307	3307
8784	8784
9750	9750
6156	6156
3866	3866
4569	4569
526	526
9537	9537
9438	9438
8665	8665
5598	5598
1324	1324
9473	9473
2678	2678
3825	3825
6742	6742
754	754
1986	1986
3623	3623
8741	8741
5599	5599
7091	7091
8775	8775
9555	9555
2839	2839
5525	5525
1528	1528
2924	2924
3720	3720
174	174
2135	2135
732	732
2345	2345
8684	8684
6046	6046
9720	9720
5339	5339
8568	8568
3092	3092
5151	5151
245	245
6831	6831
8281	8281
4216	4216
4781	4781
866	866
6282	6282
2188	2188
4274	4274
5925	5925
6275	6275
2680	2680
864	864
6502	6502
3268	3268
4514	4514
6867	6867
6923	6923
9169	9169
134	134
9749	9749
3236	3236
9259	9259
6731	6731
5379	5379
3827	3827
2160	2160
201	201
6178	6178
9027	9027
9524	9524
9497	9497
6000	6000
5369	5369
2119	2119
8664	8664
7234	7234
3937	3937
2629	2629
4842	4842
4140	4140
407	407
4888	4888
8190	8190
7120	7120
160	160
5699	5699
4229	4229
250	250
7180	7180
6249	6249
9379	9379
8418	8418
1351	1351
5945	5945
9838	9838
7629	7629
3485	3485
3892	3892
2387	2387
1640	1640
1738	1738
800	800
7198	7198
3267	3267
4419	4419
7186	7186
8621	8621
642	642
1037	1037
5253	5253
2266	2266
7930	7930
7970	7970
8756	8756
8404	8404
4297	4297
6354	6354
5432	5432
142	142
9253	9253
9226	9226
2400	2400
5907	5907
9879	9879
4994	4994
8812	8812
6945	6945
5279	5279
6372	6372
7209	7209
1093	1093
7137	7137
6299	6299
6992	6992
1767	1767
2638	2638
6168	6168
7186	7186
7679	7679
3537	3537
9552	9552
1872	1872
9767	9767
1405	1405
4320	4320
6130	6130
2921	2921
5140	5140
2632	2632
7264	7264
7945	7945
1282	1282
7703	7703
6315	6315
5824	5824
2514	2514
9691	9691
4747	4747
4453	4453
3099	3099
8170	8170
2222	2222
4461	4461
5584	5584
9127	9127
3955	3955
8654	8654
2920	2920
389	389
3314	3314
67	67
1692	1692
3985	3985
3465	3465
1391	1391
3065	3065
5775	5775
6183	6183
93	93
2547	2547
9823	9823
3567	3567
409	409
4233	4233
1370	1370
2386	2386
922	922
6815	6815
9705	9705
3606	3606
9310	9310
1910	1910
1723	1723
5679	5679
8244	8244
2022	2022
684	684
112	112
1060	1060
6528	6528
92	92
8467	8467
3063	3063
5854	5854
1357	1357
3375	3375
5789	5789
2453	2453
8198	8198
8908	8908
3645	3645
6784	6784
631	631
3411	3411
618	618
5718	5718
2829	2829
7600	7600
8650	8650
2155	2155
710	710
6320	6320
