500	2229870
3920	3920
351	351
507	507
3073	3073
1193	1193
173	173
1803	1803
1377	1377
6254	6254
4279	4279
849	849
8890	8890
9516	9516
4978	4978
4056	4056
5870	5870
7277	7277
8566	8566
3089	3089
9008	9008
776	776
2861	2861
4324	4324
1712	1712
2874	2874
1597	1597
2684	2684
8242	8242
4442	4442
7498	7498
6468	6468
2925	2925
8312	8312
4737	4737
212	212
8139	8139
280	280
1421	1421
4658	4658
443	443
9656	9656
2581	2581
4591	4591
8666	8666
3239	3239
343	343
1625	1625
8960	8960
8211	8211
4434	4434
4827	4827
958	958
5569	5569
5910	5910
3376	3376
8295	8295
6519	6519
9958	9958
1295	1295
7040	7040
5210	5210
9846	9846
8429	8429
809	809
7672	7672
6370	6370
4005	4005
1922	1922
1959	1959
7737	7737
1229	1229
2101	2101
7612	7612
652	652
1221	1221
567	567
4876	4876
3880	3880
3257	3257
8034	8034
1613	1613
5703	5703
3125	3125
627	627
1379	1379
7069	7069
3728	3728
7609	7609
1006	1006
5887	5887
2765	2765
5966	5966
9528	9528
1670	1670
6600	6600
4196	4196
5973	5973
8692	8692
1476	1476
837	837
5555	5555
4413	4413
8599	8599
6766	6766
6447	6447
4120	4120
1023	1023
2269	2269
769	769
8177	8177
8848	8848
3137	3137
8652	8652
2792	2792
7729	7729
837	837
7248	7248
7902	7902
2954	2954
7228	7228
2787	2787
3994	3994
7979	7979
9844	9844
6316	6316
1501	1501
7883	7883
8592	8592
1026	1026
2373	2373
324	324
1725	1725
3284	3284
4707	4707
380	380
6032	6032
6442	6442
1919	1919
9447	9447
1395	1395
6835	6835
1334	1334
6124	6124
5563	5563
6710	6710
9306	9306
2256	2256
9971	9971
7133	7133
7545	7545
9435	9435
7779	7779
4620	4620
8549	8549
3852	3852
5558	5558
1673	1673
9827	9827
2925	2925
2710	2710
2900	2900
946	946
8306	8306
5524	5524
9584	9584
445	445
2760	2760
7241	7241
5106	5106
4825	4825
6237	6237
3406	3406
5083	5083
9444	9444
2047	2047
7769	7769
6393	6393
9559	9559
1163	1163
9446	9446
6397	6397
6106	6106
4689	4689
7803	7803
7760	7760
2864	2864
4167	4167
1992	1992
176	176
9483	9483
4761	4761
3980	3980
5195	5195
1514	1514
2383	2383
9628	9628
6174	6174
7470	7470
9691	9691
9159	9159
5220	5220
3685	3685
6807	6807
2987	2987
5089	5089
4525	4525
4684	4684
2693	2693
7770	7770
6237	6237
1612	1612
309	309
8348	8348
1287	1287
7250	7250
8264	8264
708	708
6741	6741
4890	4890
2361	2361
2604	2604
2369	2369
1033	1033
8327	8327
7777	7777
1209	1209
2280	2280
7222	7222
1821	1821
5360	5360
4839	4839
6079	6079
9347	9347
5304	5304
2283	2283
9815	9815
6868	6868
2015	2015
108	108
5804	5804
6461	6461
8841	8841
8633	8633
544	544
9291	9291
7456	7456
9562	9562
7654	7654
1511	1511
8278	8278
4121	4121
1072	1072
5350	5350
1351	1351
9069	9069
6079	6079
8336	8336
4310	4310
6753	6753
4768	4768
1794	1794
5127	5127
2027	2027
1406	1406
5223	5223
5875	5875
9674	9674
3917	3917
2646	2646
9733	9733
1679	1679
8951	8951
7214	7214
1563	1563
289	289
9966	9966
3666	3666
1547	1547
8422	8422
3811	3811
944	944
4812	4812
3064	3064
9706	9706
5323	5323
8537	8537
9073	9073
9513	9513
8982	8982
8546	8546
8215	8215
3630	3630
9052	9052
244	244
4053	4053
5631	5631
9802	9802
563	563
6791	6791
9600	9600
1264	1264
4099	4099
1253	1253
7786	7786
4508	4508
1587	1587
4829	4829
3827	3827
5676	5676
9116	9116
1594	1594
5083	5083
686	686
9119	9119
2859	2859
174	174
3410	3410
5250	5250
1598	1598
753	753
343	343
188	188
2566	2566
6136	6136
1527	1527
5466	5466
4045	4045
2113	2113
8823	8823
8136	8136
6406	6406
3353	3353
666	666
7376	7376
9722	9722
5826	5826
9783	9783
8653	8653
4575	4575
4388	4388
1701	1701
6932	6932
7156	7156
2337	2337
5306	5306
3231	3231
4187	4187
3125	3125
656	656
4322	4322
8853	8853
149	149
6866	6866
5295	5295
6894	6894
3770	3770
688	688
8587	8587
6614	6614
427	427
4185	4185
6746	6746
2688	2688
2294	2294
5978	5978
9320	9320
8797	8797
2997	2997
6596	6596
5816	5816
352	352
6406	6406
9677	9677
8051	8051
3852	3852
2934	2934
3771	3771
8858	8858
6966	6966
1367	1367
5632	5632
5057	5057
5341	5341
5386	5386
8957	8957
3153	3153
9753	9753
3801	3801
1397	1397
7946	7946
4957	4957
5806	5806
8257	8257
2294	2294
8439	8439
3600	3600
7235	7235
716	716
9698	9698
3127	3127
6495	6495
2259	2259
2110	2110
4952	4952
2599	2599
7705	7705
7410	7410
852	852
6746	6746
3850	3850
1288	1288
7218	7218
980	980
2326	2326
7330	7330
8460	8460
6923	6923
6263	6263
7057	7057
5091	5091
5647	5647
5134	5134
9824	9824
6129	6129
4322	4322
778	778
9670	9670
4465	4465
8978	8978
7569	7569
1364	1364
9852	9852
5663	5663
7582	7582
7486	7486
251	251
5098	5098
2183	2183
4099	4099
9691	9691
3604	3604
7745	7745
1982	1982
4694	4694
9139	9139
6649	6649
7319	7319
1875	1875
6533	6533
8481	8481
3271	3271
143	143
19	19
8640	8640
363	363
9351	9351
6193	6193
5381	5381
6524	6524
3227	3227
3439	3439
2096	2096
8371	8371
8959	8959
2468	2468
6233	6233
2324	2324
3082	3082
4041	4041
109	109
9049	9049
7808	7808
3713	3713
858	858
2257	2257
8688	8688
4712	4712
2301	2301
3411	3411
9142	9142
6258	6258
5211	5211
9266	9266
1450	1450
287	287
2331	2331
8998	8998
1473	1473
5027	5027
7272	7272
6592	6592
4858	4858
1804	1804
7570	7570
8865	8865
4167	4167
123	123
2551	2551
5302	5302
5273	5273
