500	250814
8167	8167
8122	8122
5974	5974
4491	4491
4467	4467
8831	8831
7104	7104
8477	8477
8868	8868
9700	9700
4841	4841
2570	2570
5044	5044
9893	9893
5537	5537
3767	3767
1519	1519
1753	1753
16	16
2302	2302
5056	5056
9078	9078
1856	1856
1899	1899
9337	9337
7279	7279
8171	8171
9752	9752
3486	3486
373	373
6609	6609
9185	9185
9169	9169
6308	6308
1282	1282
706	706
3483	3483
8469	8469
3776	3776
6021	6021
6079	6079
4361	4361
1727	1727
3314	3314
3720	3720
6818	6818
2171	2171
711	711
3924	3924
5198	5198
1399	1399
5505	5505
8526	8526
2721	2721
3141	3141
4698	4698
1278	1278
5544	5544
9921	9921
551	551
5101	5101
8477	8477
8237	8237
7376	7376
5725	5725
8745	8745
2381	2381
5201	5201
3884	3884
6875	6875
3750	3750
2023	2023
1788	1788
8508	8508
7923	7923
5062	5062
6707	6707
9424	9424
8286	8286
1178	1178
257	257
9241	9241
7051	7051
5515	5515
1533	1533
2810	2810
1689	1689
1036	1036
4988	4988
9071	9071
1701	1701
912	912
7493	7493
4087	4087
8496	8496
4657	4657
2363	2363
11	11
4676	4676
8432	8432
6266	6266
9813	9813
6564	6564
1598	1598
6376	6376
8095	8095
9288	9288
8825	8825
5038	5038
3499	3499
6322	6322
2495	2495
9351	9351
5621	5621
2780	2780
9636	9636
1855	1855
3616	3616
3855	3855
3467	3467
6144	6144
6042	6042
4221	4221
2326	2326
4049	4049
9259	9259
3013	3013
3678	3678
1594	1594
5988	5988
7255	7255
3967	3967
7939	7939
6488	6488
3256	3256
3822	3822
904	904
4034	4034
7591	7591
6159	6159
4757	4757
8397	8397
1275	1275
6775	6775
4215	4215
9951	9951
7354	7354
3355	3355
6612	6612
3917	3917
7228	7228
2497	2497
1601	1601
510	510
34	34
8239	8239
9462	9462
782	782
2698	2698
9548	9548
8840	8840
6623	6623
3026	3026
7323	7323
5207	5207
3788	3788
6587	6587
5637	5637
5060	5060
7220	7220
1051	1051
8567	8567
3855	3855
3421	3421
1388	1388
3925	3925
3623	3623
5354	5354
199	199
8793	8793
7866	7866
7878	7878
8321	8321
3593	3593
3837	3837
8723	8723
1841	1841
9007	9007
4521	4521
1616	1616
2941	2941
2946	2946
1504	1504
7210	7210
9924	9924
5569	5569
30	30
4286	4286
9790	9790
7915	7915
7889	7889
8766	8766
8879	8879
4708	4708
8508	8508
4948	4948
431	431
8202	8202
4465	4465
6564	6564
780	780
9309	9309
4516	4516
9145	9145
7072	7072
3312	3312
6734	6734
9832	9832
2775	2775
7934	7934
7820	7820
3967	3967
239	239
562	562
9189	9189
8961	8961
5684	5684
2677	2677
2810	2810
1743	1743
4314	4314
7153	7153
8497	8497
3060	3060
6821	6821
4968	4968
309	309
8849	8849
7219	7219
5708	5708
4036	4036
9819	9819
3106	3106
6724	6724
3644	3644
1845	1845
19	19
1316	1316
5533	5533
1383	1383
2322	2322
5968	5968
5922	5922
4380	4380
5121	5121
8778	8778
5143	5143
1311	1311
1437	1437
195	195
5816	5816
1916	1916
1049	1049
5915	5915
996	996
3420	3420
9401	9401
4540	4540
5197	5197
379	379
3894	3894
2216	2216
5337	5337
4150	4150
115	115
2156	2156
5183	5183
9825	9825
5127	5127
8060	8060
1431	1431
9128	9128
1776	1776
6629	6629
4556	4556
4357	4357
3524	3524
1014	1014
4084	4084
1285	1285
9146	9146
872	872
2155	2155
1603	1603
7772	7772
4151	4151
7683	7683
414	414
4955	4955
9470	9470
9494	9494
5889	5889
4401	4401
4898	4898
9940	9940
9115	9115
7561	7561
3315	3315
7327	7327
7330	7330
1460	1460
842	842
8630	8630
3917	3917
6031	6031
4860	4860
664	664
98	98
4316	4316
530	530
6074	6074
5167	5167
5384	5384
9479	9479
7435	7435
3365	3365
1874	1874
3520	3520
4359	4359
6741	6741
1679	1679
3698	3698
1602	1602
2508	2508
918	918
8796	8796
7622	7622
372	372
7851	7851
7422	7422
8432	8432
6017	6017
9666	9666
8025	8025
3206	3206
9403	9403
1137	1137
7810	7810
592	592
5359	5359
5421	5421
2027	2027
5220	5220
7490	7490
1062	1062
5176	5176
2770	2770
6082	6082
6536	6536
8973	8973
5636	5636
9021	9021
2817	2817
5995	5995
7054	7054
6719	6719
7175	7175
209	209
613	613
3693	3693
2979	2979
1172	1172
2620	2620
3828	3828
5567	5567
7217	7217
6205	6205
5774	5774
6506	6506
7279	7279
1372	1372
5392	5392
3850	3850
7298	7298
4058	4058
1375	1375
8759	8759
2259	2259
8866	8866
4969	4969
4816	4816
9896	9896
560	560
882	882
6264	6264
5816	5816
8645	8645
501	501
5042	5042
6455	6455
2933	2933
9412	9412
6472	6472
8550	8550
8789	8789
6133	6133
1350	1350
6479	6479
9018	9018
3595	3595
5199	5199
6081	6081
9308	9308
6832	6832
3942	3942
68	68
6483	6483
6266	6266
2951	2951
9563	9563
1583	1583
1658	1658
6437	6437
2348	2348
5399	5399
629	629
2952	2952
5957	5957
5151	5151
4581	4581
7534	7534
2689	2689
3542	3542
3594	3594
2773	2773
6579	6579
2228	2228
7131	7131
1774	1774
4957	4957
6716	6716
103	103
3344	3344
843	843
7073	7073
8962	8962
2310	2310
4002	4002
9085	9085
3277	3277
3518	3518
9613	9613
8802	8802
1037	1037
6633	6633
6550	6550
6091	6091
2074	2074
8014	8014
8349	8349
7926	7926
1412	1412
7936	7936
491	491
24	24
849	849
4678	4678
1497	1497
6324	6324
7531	7531
6431	6431
4707	4707
4891	4891
206	206
142	142
7435	7435
7841	7841
9695	9695
5444	5444
5321	5321
2339	2339
7501	7501
940	940
6890	6890
3293	3293
6850	6850
3406	3406
7156	7156
7680	7680
3981	3981
1019	1019
8211	8211
3922	3922
7050	7050
9080	9080
974	974
9028	9028
9609	9609
2334	2334
7912	7912
