500	1291296
4559	4559
96	96
4225	4225
899	899
3611	3611
4192	4192
1720	1720
7173	7173
7641	7641
7978	7978
4098	4098
4734	4734
7263	7263
2571	2571
4032	4032
9475	9475
8661	8661
8351	8351
7055	7055
7773	7773
7308	7308
3150	3150
8881	8881
565	565
8715	8715
9056	9056
3896	3896
6784	6784
8941	8941
3727	3727
1909	1909
4277	4277
3328	3328
1680	1680
6706	6706
8130	8130
8064	8064
8259	8259
4088	4088
384	384
8608	8608
9982	9982
2397	2397
5735	5735
1111	1111
8552	8552
5584	5584
7669	7669
195	195
380	380
137	137
6214	6214
420	420
4906	4906
566	566
7369	7369
3960	3960
6217	6217
7930	7930
738	738
2709	2709
3729	3729
1384	1384
3617	3617
2279	2279
4663	4663
9590	9590
2026	2026
4398	4398
3434	3434
7715	7715
4963	4963
8426	8426
6132	6132
4138	4138
8867	8867
4934	4934
6627	6627
7388	7388
4054	4054
1254	1254
7438	7438
8638	8638
2042	2042
4352	4352
2588	2588
8475	8475
6361	6361
41	41
4800	4800
8767	8767
8863	8863
9664	9664
5800	5800
1070	1070
51	51
1858	1858
7014	7014
5757	5757
8748	8748
75	75
2841	2841
7663	7663
7571	7571
1571	1571
3339	3339
7790	7790
765	765
8035	8035
4973	4973
8157	8157
5167	5167
1697	1697
8104	8104
8546	8546
3649	3649
4765	4765
2969	2969
1846	1846
2381	2381
5042	5042
5060	5060
7328	7328
3884	3884
3208	3208
8397	8397
2516	2516
1271	1271
5325	5325
8340	8340
9151	9151
5610	5610
6697	6697
7374	7374
8867	8867
9107	9107
8750	8750
6587	6587
2472	2472
7888	7888
3506	3506
7018	7018
6248	6248
4862	4862
6871	6871
7568	7568
6078	6078
7033	7033
3085	3085
4687	4687
1692	1692
1940	1940
3954	3954
6773	6773
4333	4333
1168	1168
7144	7144
2384	2384
8537	8537
8641	8641
5565	5565
1692	1692
5488	5488
4293	4293
6928	6928
8601	8601
5492	5492
846	846
211	211
1306	1306
8874	8874
7376	7376
2624	2624
8426	8426
6111	6111
502	502
9947	9947
7847	7847
5118	5118
7556	7556
8106	8106
5836	5836
5750	5750
6708	6708
9359	9359
3519	3519
8217	8217
8744	8744
9379	9379
8806	8806
6224	6224
867	867
8597	8597
744	744
13	13
3540	3540
3188	3188
96	96
1302	1302
6041	6041
6645	6645
1249	1249
1235	1235
2172	2172
9932	9932
9070	9070
6033	6033
5282	5282
9159	9159
1474	1474
7853	7853
1657	1657
5508	5508
1488	1488
7745	7745
6872	6872
7549	7549
9063	9063
8577	8577
8105	8105
6564	6564
577	577
7793	7793
2615	2615
930	930
5922	5922
8403	8403
8733	8733
5543	5543
275	275
4685	4685
4483	4483
6855	6855
7964	7964
509	509
4190	4190
3193	3193
8132	8132
3792	3792
9378	9378
3863	3863
4432	4432
8666	8666
6180	6180
1668	1668
8961	8961
5804	5804
7441	7441
8563	8563
2308	2308
3135	3135
4362	4362
3233	3233
9913	9913
3676	3676
3217	3217
4228	4228
1643	1643
4547	4547
2528	2528
9687	9687
4284	4284
3745	3745
7368	7368
5742	5742
5064	5064
7350	7350
5262	5262
399	399
3031	3031
4042	4042
3582	3582
2740	2740
9204	9204
4285	4285
6023	6023
648	648
1764	1764
913	913
1730	1730
5268	5268
7095	7095
8529	8529
8013	8013
6601	6601
3027	3027
8521	8521
2660	2660
7651	7651
946	946
5963	5963
9499	9499
9694	9694
6549	6549
2211	2211
3098	3098
1397	1397
1530	1530
5842	5842
3861	3861
4258	4258
9613	9613
3572	3572
9748	9748
9321	9321
5269	5269
8529	8529
1252	1252
7321	7321
7011	7011
1072	1072
5568	5568
2351	2351
574	574
5365	5365
6652	6652
7607	7607
4915	4915
3514	3514
4439	4439
8033	8033
4459	4459
8414	8414
5193	5193
6803	6803
4906	4906
1927	1927
7644	7644
322	322
2565	2565
6976	6976
6040	6040
6484	6484
5424	5424
8174	8174
2307	2307
7286	7286
1332	1332
2574	2574
7340	7340
1781	1781
6285	6285
6358	6358
8609	8609
3706	3706
8234	8234
3302	3302
1707	1707
2231	2231
5191	5191
8954	8954
2593	2593
692	692
3644	3644
2435	2435
7775	7775
7051	7051
7659	7659
9450	9450
1714	1714
8029	8029
5214	5214
4172	4172
8221	8221
8735	8735
1235	1235
9461	9461
7514	7514
9069	9069
7199	7199
5381	5381
8151	8151
5750	5750
1579	1579
2047	2047
3452	3452
5524	5524
698	698
9539	9539
2431	2431
2761	2761
5267	5267
4844	4844
6451	6451
724	724
5537	5537
4629	4629
9484	9484
1607	1607
587	587
6366	6366
8085	8085
490	490
1922	1922
9450	9450
6639	6639
3659	3659
8067	8067
4523	4523
4553	4553
8979	8979
5341	5341
1486	1486
3370	3370
8356	8356
4116	4116
5390	5390
2418	2418
8906	8906
3842	3842
9991	9991
7173	7173
4037	4037
3805	3805
1435	1435
3874	3874
6232	6232
7656	7656
627	627
3253	3253
7220	7220
3207	3207
7013	7013
6694	6694
3594	3594
4156	4156
8801	8801
4114	4114
6968	6968
1501	1501
8317	8317
1003	1003
808	808
7423	7423
9600	9600
5583	5583
9222	9222
6777	6777
2199	2199
9779	9779
3609	3609
6719	6719
4063	4063
1416	1416
829	829
5201	5201
4695	4695
9466	9466
4241	4241
6173	6173
3089	3089
3463	3463
2249	2249
8998	8998
2051	2051
6945	6945
7054	7054
1382	1382
3106	3106
7179	7179
4981	4981
2378	2378
1102	1102
1757	1757
6336	6336
8714	8714
6645	6645
3672	3672
7105	7105
5719	5719
3059	3059
840	840
5310	5310
2981	2981
7212	7212
8171	8171
7512	7512
3675	3675
4383	4383
6935	6935
4555	4555
9351	9351
7500	7500
448	448
9583	9583
7759	7759
4956	4956
1550	1550
7578	7578
9385	9385
5605	5605
1783	1783
7905	7905
5178	5178
7053	7053
1658	1658
4132	4132
5432	5432
6609	6609
3513	3513
