500	2194404
93	93
7423	7423
6080	6080
3229	3229
3605	3605
499	499
6489	6489
26	26
1738	1738
7405	7405
4368	4368
707	707
9048	9048
6887	6887
7964	7964
3095	3095
5201	5201
5908	5908
2110	2110
7011	7011
3151	3151
1458	1458
8495	8495
6245	6245
9125	9125
5617	5617
9527	9527
6827	6827
3447	3447
2549	2549
6619	6619
5409	5409
9993	9993
974	974
9221	9221
8704	8704
8995	8995
8340	8340
9523	9523
7988	7988
3391	3391
1950	1950
2811	2811
4422	4422
9621	9621
2312	2312
9173	9173
7899	7899
8689	8689
8212	8212
5739	5739
1541	1541
1267	1267
1373	1373
6907	6907
3030	3030
4764	4764
4884	4884
5815	5815
3462	3462
3494	3494
2553	2553
2375	2375
7326	7326
4966	4966
7148	7148
2376	2376
9254	9254
2561	2561
1341	1341
357	357
7603	7603
6574	6574
4266	4266
3607	3607
1660	1660
9024	9024
299	299
5864	5864
737	737
5501	5501
2137	2137
6261	6261
3582	3582
6621	6621
289	289
1398	1398
4023	4023
6274	6274
3304	3304
3782	3782
7946	7946
993	993
5305	5305
7521	7521
4202	4202
9840	9840
2722	2722
3209	3209
423	423
9666	9666
1635	1635
8701	8701
9794	9794
6583	6583
214	214
3148	3148
1181	1181
610	610
4361	4361
1128	1128
4518	4518
591	591
8945	8945
630	630
3681	3681
9346	9346
3198	3198
1386	1386
2706	2706
1506	1506
2601	2601
8446	8446
897	897
2143	2143
6662	6662
2324	2324
3690	3690
9652	9652
9665	9665
7118	7118
6741	6741
7702	7702
7704	7704
8111	8111
6636	6636
7031	7031
6899	6899
4100	4100
1487	1487
9959	9959
2453	2453
7646	7646
118	118
7717	7717
2155	2155
7450	7450
9980	9980
7515	7515
7448	7448
9753	9753
7070	7070
3004	3004
6628	6628
6689	6689
2170	2170
4932	4932
8536	8536
8777	8777
8377	8377
2541	2541
8459	8459
6631	6631
8063	8063
5801	5801
1474	1474
6549	6549
551	551
8722	8722
3209	3209
3797	3797
1794	1794
7062	7062
6990	6990
5102	5102
6759	6759
507	507
4976	4976
5922	5922
4494	4494
8798	8798
3358	3358
7207	7207
5934	5934
5691	5691
8420	8420
8981	8981
8857	8857
8135	8135
5669	5669
5900	5900
4701	4701
429	429
3595	3595
3836	3836
4755	4755
8902	8902
9075	9075
7031	7031
9286	9286
3417	3417
5090	5090
5467	5467
5097	5097
168	168
7345	7345
7855	7855
2946	2946
5201	5201
4148	4148
8559	8559
3906	3906
9243	9243
892	892
4094	4094
8374	8374
2907	2907
8593	8593
1043	1043
9044	9044
1409	1409
1790	1790
5761	5761
645	645
6789	6789
9448	9448
7736	7736
930	930
3293	3293
9543	9543
5931	5931
1028	1028
7207	7207
8084	8084
3488	3488
8838	8838
8752	8752
7528	7528
7702	7702
3848	3848
5879	5879
3826	3826
6979	6979
763	763
7293	7293
2687	2687
32	32
8437	8437
196	196
6136	6136
6409	6409
7544	7544
5917	5917
1321	1321
640	640
4172	4172
2030	2030
191	191
1978	1978
9483	9483
8291	8291
4206	4206
9737	9737
1209	1209
9310	9310
6225	6225
1384	1384
6295	6295
1281	1281
1207	1207
8816	8816
3935	3935
3624	3624
5944	5944
1145	1145
8341	8341
1753	1753
7715	7715
2858	2858
2328	2328
697	697
2084	2084
267	267
4025	4025
207	207
2931	2931
9098	9098
152	152
789	789
699	699
4996	4996
8426	8426
5758	5758
3709	3709
8791	8791
3462	3462
2781	2781
2249	2249
2894	2894
637	637
1370	1370
1148	1148
3141	3141
1205	1205
2428	2428
6503	6503
6251	6251
2547	2547
6707	6707
212	212
5090	5090
5112	5112
6503	6503
4733	4733
1025	1025
7489	7489
2982	2982
946	946
1728	1728
9644	9644
138	138
4156	4156
1645	1645
8689	8689
3004	3004
9637	9637
6704	6704
400	400
3584	3584
147	147
3783	3783
3206	3206
6338	6338
37	37
738	738
127	127
6309	6309
9801	9801
9002	9002
9779	9779
3594	3594
5473	5473
8540	8540
3919	3919
2917	2917
8139	8139
9091	9091
706	706
2655	2655
3108	3108
8914	8914
7023	7023
3591	3591
2219	2219
4818	4818
7005	7005
7109	7109
3493	3493
6605	6605
600	600
7418	7418
1037	1037
547	547
4574	4574
1587	1587
6094	6094
1810	1810
9401	9401
9900	9900
4594	4594
6756	6756
6797	6797
2439	2439
2009	2009
2747	2747
9247	9247
9568	9568
3267	3267
6538	6538
820	820
9881	9881
7619	7619
7780	7780
3356	3356
3177	3177
1715	1715
8734	8734
3713	3713
4932	4932
1705	1705
938	938
351	351
3916	3916
6104	6104
6655	6655
5959	5959
4917	4917
302	302
807	807
923	923
6502	6502
6929	6929
4811	4811
1476	1476
8050	8050
8013	8013
8178	8178
6625	6625
4660	4660
454	454
6503	6503
7619	7619
2358	2358
2404	2404
1982	1982
3353	3353
2284	2284
1419	1419
7767	7767
8510	8510
250	250
20	20
3052	3052
2865	2865
187	187
3157	3157
1263	1263
9148	9148
9893	9893
7779	7779
9716	9716
2254	2254
9738	9738
7882	7882
1492	1492
8151	8151
6558	6558
4802	4802
2670	2670
7428	7428
9198	9198
7264	7264
5901	5901
5226	5226
5449	5449
481	481
5944	5944
3681	3681
2889	2889
1143	1143
2208	2208
7328	7328
5401	5401
7236	7236
6453	6453
8340	8340
8153	8153
1982	1982
4000	4000
5224	5224
7021	7021
372	372
9024	9024
7945	7945
5752	5752
4414	4414
9174	9174
712	712
9391	9391
4632	4632
9577	9577
5177	5177
8620	8620
5114	5114
6915	6915
5645	5645
4350	4350
3783	3783
784	784
6925	6925
6669	6669
2347	2347
2289	2289
2459	2459
7536	7536
1515	1515
5236	5236
1831	1831
7868	7868
9556	9556
5264	5264
7587	7587
8192	8192
5275	5275
1330	1330
4361	4361
1397	1397
1578	1578
2266	2266
642	642
