500	1829918
8728	8728
4968	4968
1782	1782
2637	2637
7925	7925
4944	4944
615	615
2948	2948
8937	8937
4554	4554
1878	1878
5862	5862
6820	6820
5935	5935
710	710
5519	5519
7656	7656
7091	7091
5498	5498
7388	7388
3067	3067
671	671
6392	6392
4946	4946
1385	1385
6817	6817
8902	8902
6132	6132
3067	3067
6388	6388
7041	7041
1516	1516
3183	3183
2323	2323
6763	6763
9046	9046
4469	4469
7348	7348
5313	5313
1544	1544
9128	9128
891	891
3617	3617
1459	1459
4766	4766
2848	2848
647	647
7472	7472
2445	2445
4749	4749
8149	8149
7956	7956
3431	3431
4300	4300
8450	8450
8475	8475
4651	4651
9621	9621
9415	9415
598	598
2258	2258
8381	8381
2901	2901
1174	1174
1731	1731
7035	7035
1785	1785
7822	7822
4279	4279
8326	8326
9623	9623
3503	3503
2008	2008
3021	3021
2591	2591
6884	6884
3914	3914
9738	9738
345	345
7849	7849
5975	5975
9013	9013
7111	7111
4859	4859
7357	7357
6132	6132
7881	7881
9536	9536
282	282
6684	6684
1232	1232
7057	7057
9589	9589
3714	3714
561	561
7898	7898
6842	6842
5894	5894
7762	7762
236	236
7358	7358
1335	1335
8824	8824
7086	7086
7529	7529
8130	8130
2731	2731
4900	4900
8347	8347
1085	1085
4094	4094
7289	7289
1078	1078
4131	4131
3676	3676
6292	6292
9214	9214
7785	7785
8364	8364
8709	8709
8992	8992
7168	7168
7680	7680
9561	9561
6629	6629
5267	5267
4811	4811
6812	6812
514	514
824	824
3447	3447
2898	2898
8558	8558
132	132
6807	6807
6341	6341
8888	8888
7912	7912
2493	2493
3403	3403
3072	3072
5447	5447
5051	5051
8031	8031
1353	1353
821	821
6403	6403
3589	3589
442	442
8854	8854
8632	8632
7380	7380
6697	6697
7620	7620
255	255
8296	8296
590	590
4098	4098
3470	3470
4844	4844
1300	1300
4125	4125
7758	7758
1918	1918
1484	1484
3546	3546
7775	7775
177	177
6443	6443
3349	3349
1649	1649
5041	5041
7686	7686
5297	5297
6194	6194
2328	2328
8208	8208
5335	5335
4728	4728
7541	7541
1111	1111
5282	5282
9219	9219
6979	6979
5807	5807
9609	9609
7005	7005
9435	9435
9239	9239
572	572
2939	2939
5751	5751
1226	1226
9605	9605
775	775
3155	3155
5684	5684
4238	4238
1589	1589
6694	6694
769	769
7458	7458
8889	8889
6357	6357
1362	1362
1443	1443
2437	2437
4971	4971
3008	3008
1007	1007
6070	6070
8991	8991
429	429
5463	5463
6924	6924
1183	1183
9876	9876
9120	9120
219	219
1075	1075
7877	7877
4467	4467
1022	1022
5970	5970
3135	3135
3236	3236
2305	2305
2074	2074
879	879
2510	2510
1923	1923
4746	4746
1225	1225
602	602
7716	7716
9493	9493
4509	4509
3364	3364
4727	4727
5057	5057
5421	5421
7338	7338
8387	8387
7955	7955
7526	7526
30	30
1837	1837
1324	1324
9010	9010
1508	1508
5225	5225
4242	4242
8317	8317
1680	1680
3445	3445
7526	7526
3469	3469
8089	8089
9692	9692
6201	6201
906	906
1486	1486
5630	5630
1110	1110
5686	5686
6729	6729
3582	3582
210	210
4074	4074
1481	1481
6351	6351
3690	3690
252	252
8442	8442
6894	6894
5925	5925
3788	3788
3612	3612
1128	1128
7555	7555
5747	5747
5702	5702
8815	8815
2454	2454
3158	3158
4442	4442
322	322
1334	1334
2609	2609
9610	9610
3038	3038
8855	8855
7213	7213
7814	7814
5294	5294
8836	8836
4799	4799
9295	9295
6490	6490
690	690
1903	1903
5023	5023
7412	7412
1334	1334
7184	7184
7346	7346
4223	4223
1004	1004
2211	2211
9615	9615
1138	1138
9272	9272
4023	4023
670	670
5183	5183
53	53
5052	5052
7504	7504
3005	3005
443	443
3839	3839
7961	7961
228	228
5411	5411
4548	4548
4114	4114
1669	1669
9490	9490
711	711
3682	3682
5311	5311
2089	2089
14	14
2878	2878
119	119
5779	5779
9945	9945
6585	6585
4503	4503
3218	3218
9324	9324
6557	6557
926	926
1861	1861
8823	8823
868	868
7790	7790
4609	4609
1055	1055
6886	6886
5385	5385
222	222
6710	6710
3718	3718
9433	9433
5153	5153
1804	1804
7900	7900
77	77
8751	8751
6855	6855
6203	6203
5875	5875
3398	3398
516	516
1966	1966
5234	5234
7327	7327
3558	3558
1412	1412
8538	8538
9705	9705
354	354
276	276
90	90
7228	7228
3044	3044
4657	4657
3511	3511
6862	6862
7195	7195
1235	1235
9073	9073
4863	4863
1340	1340
4579	4579
7304	7304
5351	5351
5706	5706
2838	2838
4165	4165
1839	1839
3000	3000
8332	8332
9483	9483
7970	7970
9019	9019
6846	6846
1342	1342
5166	5166
3056	3056
8242	8242
6124	6124
4130	4130
6659	6659
7907	7907
4081	4081
7435	7435
1441	1441
4203	4203
7209	7209
1037	1037
2379	2379
5119	5119
7254	7254
5009	5009
4346	4346
9028	9028
8338	8338
1209	1209
1815	1815
2990	2990
1377	1377
6504	6504
6119	6119
2646	2646
9731	9731
6945	6945
1475	1475
1038	1038
437	437
151	151
2931	2931
6322	6322
9267	9267
4667	4667
7234	7234
9412	9412
1678	1678
184	184
1372	1372
1813	1813
466	466
8212	8212
6007	6007
6886	6886
7914	7914
6640	6640
9434	9434
835	835
8641	8641
8062	8062
8640	8640
1009	1009
7203	7203
5895	5895
5708	5708
1135	1135
7936	7936
9730	9730
1743	1743
9006	9006
2995	2995
197	197
3278	3278
4788	4788
6111	6111
4102	4102
2761	2761
9664	9664
7894	7894
2244	2244
1654	1654
8694	8694
6668	6668
973	973
4195	4195
7546	7546
7902	7902
2912	2912
7907	7907
4418	4418
1105	1105
7799	7799
3317	3317
1466	1466
4024	4024
4152	4152
7612	7612
2646	2646
361	361
9528	9528
9651	9651
2014	2014
7073	7073
1030	1030
874	874
6376	6376
9368	9368
6825	6825
