500	1256783
1770	1770
1236	1236
3687	3687
9198	9198
4835	4835
8533	8533
8593	8593
9231	9231
2664	2664
3950	3950
453	453
4237	4237
9720	9720
9632	9632
4713	4713
5672	5672
7502	7502
6965	6965
9107	9107
9812	9812
448	448
8829	8829
6430	6430
742	742
4814	4814
355	355
5534	5534
5700	5700
9877	9877
9164	9164
1574	1574
8653	8653
3101	3101
4553	4553
7410	7410
5537	5537
6464	6464
3753	3753
9274	9274
2088	2088
323	323
1933	1933
5464	5464
6355	6355
5049	5049
1092	1092
319	319
367	367
9446	9446
5251	5251
1495	1495
8803	8803
4656	4656
3521	3521
9218	9218
368	368
3580	3580
9775	9775
249	249
9079	9079
9169	9169
4399	4399
1374	1374
5137	5137
2192	2192
5900	5900
7575	7575
776	776
8453	8453
2553	2553
6175	6175
6332	6332
7506	7506
6890	6890
271	271
6681	6681
2187	2187
3576	3576
680	680
6707	6707
6512	6512
126	126
891	891
6384	6384
6236	6236
4800	4800
9157	9157
9668	9668
6480	6480
2744	2744
5936	5936
1891	1891
3116	3116
6572	6572
9690	9690
8893	8893
5685	5685
6248	6248
938	938
5070	5070
3845	3845
1144	1144
9453	9453
3598	3598
741	741
8760	8760
5035	5035
7817	7817
8979	8979
990	990
8734	8734
5774	5774
5502	5502
2844	2844
2673	2673
5858	5858
9232	9232
2248	2248
1092	1092
6863	6863
9002	9002
3789	3789
1804	1804
7191	7191
7301	7301
3673	3673
7528	7528
9132	9132
5892	5892
5523	5523
6500	6500
651	651
3106	3106
2506	2506
4866	4866
3672	3672
5840	5840
1706	1706
6135	6135
7137	7137
2911	2911
4469	4469
5133	5133
9719	9719
7292	7292
8055	8055
2513	2513
8803	8803
8865	8865
5253	5253
6546	6546
1479	1479
7020	7020
8653	8653
7383	7383
437	437
1324	1324
8962	8962
8808	8808
4205	4205
2909	2909
7930	7930
8890	8890
8908	8908
4915	4915
5781	5781
2399	2399
3075	3075
4221	4221
6154	6154
3992	3992
4911	4911
4115	4115
5046	5046
7301	7301
9309	9309
1608	1608
6458	6458
4012	4012
6224	6224
6096	6096
7521	7521
6605	6605
7904	7904
9642	9642
4754	4754
1732	1732
5155	5155
1037	1037
6984	6984
8765	8765
5115	5115
183	183
9834	9834
1550	1550
266	266
2156	2156
2356	2356
3554	3554
2950	2950
2694	2694
366	366
2391	2391
9992	9992
5561	5561
1406	1406
5216	5216
2889	2889
2021	2021
760	760
6441	6441
3960	3960
9432	9432
3019	3019
3631	3631
4226	4226
7591	7591
7235	7235
5890	5890
7142	7142
1299	1299
5930	5930
7900	7900
406	406
7058	7058
3284	3284
5283	5283
5447	5447
3880	3880
5641	5641
5988	5988
6223	6223
1414	1414
2651	2651
1608	1608
2043	2043
5379	5379
5286	5286
7488	7488
2506	2506
9039	9039
723	723
8583	8583
2612	2612
3365	3365
705	705
834	834
7912	7912
8552	8552
9474	9474
7157	7157
9320	9320
2200	2200
5318	5318
520	520
871	871
9404	9404
9571	9571
4722	4722
593	593
2808	2808
8101	8101
1178	1178
5003	5003
3701	3701
6446	6446
1160	1160
6630	6630
5064	5064
344	344
7492	7492
6764	6764
2380	2380
2784	2784
5004	5004
34	34
6721	6721
6035	6035
6480	6480
3714	3714
8088	8088
4376	4376
921	921
1525	1525
5570	5570
3012	3012
6818	6818
6082	6082
7522	7522
7143	7143
8080	8080
5575	5575
7266	7266
4509	4509
2580	2580
9761	9761
8800	8800
6388	6388
3341	3341
1990	1990
5357	5357
6076	6076
2124	2124
5022	5022
842	842
5131	5131
6495	6495
2893	2893
1862	1862
1606	1606
8920	8920
9973	9973
2962	2962
6556	6556
2531	2531
1903	1903
4766	4766
82	82
7754	7754
1648	1648
4340	4340
6168	6168
9701	9701
6218	6218
3573	3573
3768	3768
1434	1434
7089	7089
1434	1434
6100	6100
3534	3534
4218	4218
5009	5009
6677	6677
5448	5448
2453	2453
8626	8626
8450	8450
8802	8802
1191	1191
61	61
9584	9584
1018	1018
1924	1924
3491	3491
8664	8664
4588	4588
3226	3226
1015	1015
577	577
6651	6651
2787	2787
8535	8535
7465	7465
6677	6677
1637	1637
8351	8351
2123	2123
905	905
4626	4626
6338	6338
5964	5964
4423	4423
3592	3592
7749	7749
9030	9030
4987	4987
7609	7609
3183	3183
7785	7785
80	80
3211	3211
8604	8604
7781	7781
3303	3303
5418	5418
6839	6839
1894	1894
1527	1527
7802	7802
8496	8496
8157	8157
4313	4313
6401	6401
5244	5244
3865	3865
7674	7674
1897	1897
8770	8770
6585	6585
653	653
8960	8960
8630	8630
9303	9303
1923	1923
632	632
4196	4196
7325	7325
7515	7515
6576	6576
9560	9560
4783	4783
667	667
1794	1794
164	164
7575	7575
7801	7801
5670	5670
9581	9581
1573	1573
6876	6876
9950	9950
3624	3624
363	363
8754	8754
6500	6500
4724	4724
5479	5479
3845	3845
3730	3730
3897	3897
6917	6917
763	763
1572	1572
2227	2227
6099	6099
9356	9356
675	675
1440	1440
1153	1153
738	738
6591	6591
9540	9540
7378	7378
9859	9859
4316	4316
6698	6698
1840	1840
3804	3804
3744	3744
894	894
9489	9489
4620	4620
9164	9164
1177	1177
4968	4968
3302	3302
3841	3841
7946	7946
3804	3804
3484	3484
5201	5201
367	367
8458	8458
2497	2497
3988	3988
2864	2864
8664	8664
9048	9048
3049	3049
6029	6029
5245	5245
1553	1553
4084	4084
2915	2915
33	33
7833	7833
626	626
5035	5035
6278	6278
451	451
3995	3995
9254	9254
7888	7888
4380	4380
4425	4425
9631	9631
8526	8526
8261	8261
7215	7215
7226	7226
7178	7178
2714	2714
8993	8993
6484	6484
9111	9111
1800	1800
7510	7510
3125	3125
7519	7519
6383	6383
5753	5753
8977	8977
103	103
3415	3415
9239	9239
4389	4389
5229	5229
1070	1070
3123	3123
