500	619826
7113	7113
1832	1832
1447	1447
4301	4301
2803	2803
3283	3283
9991	9991
9893	9893
5469	5469
4254	4254
5669	5669
2167	2167
5717	5717
1552	1552
9146	9146
3588	3588
8755	8755
738	738
6139	6139
448	448
2322	2322
4133	4133
7366	7366
6117	6117
7900	7900
872	872
4411	4411
9655	9655
7900	7900
9867	9867
4613	4613
3335	3335
113	113
7163	7163
8120	8120
7600	7600
9567	9567
8272	8272
4014	4014
3340	3340
3112	3112
3427	3427
7798	7798
3123	3123
795	795
9817	9817
6429	6429
7169	7169
1643	1643
2916	2916
9993	9993
6878	6878
7521	7521
7757	7757
4976	4976
6649	6649
3929	3929
8988	8988
5468	5468
4150	4150
6416	6416
6162	6162
5809	5809
290	290
1872	1872
654	654
4147	4147
5970	5970
3885	3885
6211	6211
8938	8938
9338	9338
7807	7807
1174	1174
2744	2744
5865	5865
5242	5242
8041	8041
890	890
130	130
9224	9224
2206	2206
1664	1664
4326	4326
6568	6568
806	806
9809	9809
1473	1473
3933	3933
5577	5577
1968	1968
233	233
3654	3654
1323	1323
7738	7738
4723	4723
5963	5963
5984	5984
932	932
2512	2512
8656	8656
2559	2559
2487	2487
7569	7569
5110	5110
7787	7787
9251	9251
4710	4710
8776	8776
6155	6155
6501	6501
4424	4424
6781	6781
4775	4775
5944	5944
2719	2719
5043	5043
1854	1854
847	847
7054	7054
4502	4502
5040	5040
7549	7549
2621	2621
4747	4747
4936	4936
261	261
4364	4364
5191	5191
3179	3179
7148	7148
9258	9258
3373	3373
4898	4898
5812	5812
249	249
2027	2027
5982	5982
6042	6042
3689	3689
2960	2960
390	390
1952	1952
3685	3685
3841	3841
5234	5234
8993	8993
4538	4538
2720	2720
7200	7200
3833	3833
9931	9931
7485	7485
96	96
9883	9883
3324	3324
2410	2410
2811	2811
8351	8351
5473	5473
6661	6661
1590	1590
9518	9518
4568	4568
9239	9239
5032	5032
212	212
6	6
7310	7310
7268	7268
4411	4411
9395	9395
7126	7126
8374	8374
7771	7771
4660	4660
7964	7964
9522	9522
8994	8994
2382	2382
1606	1606
959	959
9377	9377
1177	1177
2282	2282
4023	4023
1625	1625
7124	7124
5223	5223
4209	4209
7892	7892
674	674
6280	6280
3120	3120
2148	2148
5504	5504
7780	7780
4911	4911
5819	5819
3678	3678
4207	4207
7956	7956
5316	5316
7529	7529
5239	5239
4347	4347
6482	6482
6141	6141
3562	3562
2474	2474
2733	2733
1106	1106
5456	5456
2488	2488
1026	1026
7471	7471
9947	9947
1218	1218
6647	6647
7333	7333
1282	1282
6044	6044
3275	3275
5553	5553
7564	7564
4722	4722
2369	2369
4522	4522
1972	1972
1661	1661
8000	8000
5388	5388
6042	6042
9380	9380
2492	2492
4981	4981
1511	1511
725	725
1101	1101
162	162
7542	7542
3326	3326
1072	1072
8590	8590
6222	6222
9113	9113
3938	3938
6876	6876
103	103
6698	6698
1864	1864
2506	2506
9905	9905
5538	5538
5152	5152
5620	5620
9618	9618
6742	6742
1876	1876
7436	7436
4532	4532
1492	1492
8494	8494
8362	8362
612	612
2957	2957
4650	4650
2064	2064
3803	3803
5154	5154
9606	9606
7303	7303
32	32
2493	2493
8876	8876
6158	6158
6534	6534
8682	8682
515	515
6027	6027
2605	2605
9121	9121
201	201
433	433
9111	9111
2439	2439
3559	3559
3193	3193
2571	2571
6966	6966
4207	4207
1554	1554
8090	8090
7197	7197
7806	7806
8822	8822
7880	7880
3728	3728
5387	5387
3981	3981
699	699
4028	4028
8760	8760
8457	8457
3051	3051
4600	4600
9815	9815
6280	6280
8891	8891
4407	4407
2294	2294
4007	4007
2323	2323
1392	1392
7365	7365
6646	6646
1133	1133
392	392
5831	5831
4280	4280
2033	2033
2090	2090
1923	1923
4530	4530
6942	6942
1949	1949
8014	8014
5127	5127
4659	4659
2197	2197
6022	6022
668	668
3105	3105
9351	9351
4772	4772
2029	2029
6443	6443
9405	9405
7860	7860
5262	5262
7927	7927
5120	5120
3276	3276
5084	5084
8048	8048
3318	3318
2873	2873
1135	1135
45	45
4247	4247
5460	5460
6459	6459
6964	6964
1991	1991
7166	7166
1161	1161
192	192
8236	8236
496	496
5261	5261
9552	9552
8597	8597
4241	4241
9033	9033
8926	8926
6921	6921
5045	5045
1329	1329
6152	6152
6506	6506
5816	5816
9730	9730
1274	1274
7629	7629
6667	6667
8745	8745
9132	9132
5900	5900
316	316
965	965
2343	2343
4056	4056
5023	5023
6764	6764
3178	3178
9769	9769
433	433
6118	6118
8014	8014
8302	8302
6088	6088
889	889
5663	5663
6426	6426
4421	4421
1522	1522
2836	2836
3739	3739
8325	8325
5045	5045
639	639
6429	6429
8724	8724
7800	7800
4863	4863
5617	5617
2482	2482
717	717
7361	7361
845	845
2901	2901
834	834
6722	6722
7395	7395
5571	5571
7377	7377
8491	8491
5736	5736
5391	5391
3211	3211
8622	8622
2918	2918
7466	7466
1165	1165
805	805
7170	7170
1964	1964
682	682
7237	7237
7799	7799
2561	2561
8031	8031
2976	2976
1123	1123
3697	3697
5763	5763
9191	9191
1927	1927
3406	3406
2371	2371
2116	2116
2521	2521
9863	9863
8286	8286
908	908
7954	7954
2415	2415
6659	6659
7664	7664
8871	8871
9929	9929
1681	1681
8967	8967
1580	1580
4225	4225
1435	1435
3635	3635
2062	2062
4121	4121
1241	1241
9744	9744
3041	3041
5309	5309
779	779
90	90
9196	9196
7675	7675
8747	8747
2690	2690
8534	8534
8801	8801
2494	2494
7658	7658
1405	1405
6047	6047
8592	8592
7814	7814
9950	9950
2882	2882
8282	8282
5785	5785
7486	7486
1217	1217
5693	5693
2180	2180
9069	9069
8366	8366
6782	6782
6624	6624
3116	3116
11	11
4767	4767
6050	6050
3393	3393
2268	2268
3724	3724
9038	9038
1919	1919
6405	6405
6171	6171
