500	1898691
8098	8098
6093	6093
3402	3402
8023	8023
5205	5205
69	69
4553	4553
4654	4654
2778	2778
8629	8629
9868	9868
4993	4993
4054	4054
8796	8796
5237	5237
6332	6332
9462	9462
128	128
2657	2657
2887	2887
7134	7134
2801	2801
9844	9844
2204	2204
4624	4624
757	757
5961	5961
9517	9517
5125	5125
7215	7215
9961	9961
2291	2291
6010	6010
3568	3568
1416	1416
7342	7342
5766	5766
5212	5212
1705	1705
919	919
6970	6970
5460	5460
1883	1883
3943	3943
8027	8027
9299	9299
8076	8076
3080	3080
6982	6982
6117	6117
9773	9773
676	676
7775	7775
6299	6299
477	477
5701	5701
3906	3906
3703	3703
4963	4963
9219	9219
3965	3965
784	784
7694	7694
2705	2705
457	457
7205	7205
5222	5222
49	49
2751	2751
3362	3362
3086	3086
2901	2901
5863	5863
1441	1441
3541	3541
6442	6442
6698	6698
5145	5145
7299	7299
4273	4273
5083	5083
1292	1292
3004	3004
4151	4151
7913	7913
1673	1673
74	74
2688	2688
9921	9921
5608	5608
291	291
5510	5510
8965	8965
7143	7143
8520	8520
7957	7957
8306	8306
7860	7860
7782	7782
1028	1028
671	671
3543	3543
9045	9045
2366	2366
6669	6669
1376	1376
6279	6279
9861	9861
8019	8019
538	538
6763	6763
9104	9104
8662	8662
5414	5414
2574	2574
4382	4382
7459	7459
8859	8859
3901	3901
490	490
7824	7824
440	440
5647	5647
5325	5325
4883	4883
1909	1909
4834	4834
2230	2230
8395	8395
7713	7713
8783	8783
6995	6995
6750	6750
5201	5201
2524	2524
5827	5827
7303	7303
5986	5986
5263	5263
7343	7343
331	331
2279	2279
9836	9836
8811	8811
9200	9200
6147	6147
9434	9434
1271	1271
4788	4788
327	327
4261	4261
4329	4329
1000	1000
4418	4418
8868	8868
7704	7704
9191	9191
5391	5391
3968	3968
4587	4587
647	647
5121	5121
1051	1051
4895	4895
5447	5447
4060	4060
8106	8106
9052	9052
2431	2431
6411	6411
2130	2130
3685	3685
5453	5453
3587	3587
7395	7395
748	748
9398	9398
167	167
7977	7977
8990	8990
4519	4519
6701	6701
8722	8722
3428	3428
7357	7357
6233	6233
5771	5771
2963	2963
4157	4157
8840	8840
6449	6449
9304	9304
9823	9823
6102	6102
8000	8000
1580	1580
4863	4863
684	684
4184	4184
9841	9841
7063	7063
3433	3433
1912	1912
1286	1286
6195	6195
6716	6716
411	411
4848	4848
3053	3053
4746	4746
9881	9881
6647	6647
5361	5361
5657	5657
4314	4314
3723	3723
7072	7072
4579	4579
4106	4106
8504	8504
9295	9295
6571	6571
5401	5401
2870	2870
3082	3082
9705	9705
3021	3021
9461	9461
1019	1019
8103	8103
8775	8775
844	844
2794	2794
8951	8951
4902	4902
5015	5015
5283	5283
2047	2047
2635	2635
3148	3148
9547	9547
4195	4195
6313	6313
8423	8423
1938	1938
3198	3198
9483	9483
6120	6120
2148	2148
2396	2396
2300	2300
6712	6712
1506	1506
4823	4823
9747	9747
9173	9173
9853	9853
3130	3130
6404	6404
5936	5936
8785	8785
2875	2875
8145	8145
9648	9648
3477	3477
8264	8264
9056	9056
8649	8649
6150	6150
3531	3531
6665	6665
358	358
112	112
2265	2265
1987	1987
6864	6864
8452	8452
358	358
9022	9022
4355	4355
9288	9288
4379	4379
4128	4128
2208	2208
5728	5728
1813	1813
4054	4054
939	939
7172	7172
2901	2901
7751	7751
6924	6924
1722	1722
9730	9730
4220	4220
689	689
3161	3161
270	270
1576	1576
8557	8557
6207	6207
3707	3707
4578	4578
7020	7020
1647	1647
2788	2788
3340	3340
545	545
8856	8856
2072	2072
6707	6707
9880	9880
1774	1774
1861	1861
3643	3643
5741	5741
5175	5175
5058	5058
5486	5486
2964	2964
2594	2594
8622	8622
2293	2293
306	306
2021	2021
9450	9450
5556	5556
2093	2093
8687	8687
5566	5566
2100	2100
4592	4592
5447	5447
4435	4435
7667	7667
9144	9144
1451	1451
8847	8847
4740	4740
9896	9896
2275	2275
1663	1663
1109	1109
7535	7535
4187	4187
1463	1463
3703	3703
2987	2987
9523	9523
4975	4975
1508	1508
4649	4649
7820	7820
6798	6798
2891	2891
4242	4242
7703	7703
8463	8463
4938	4938
5048	5048
48	48
9158	9158
6147	6147
4936	4936
1548	1548
2220	2220
5405	5405
1724	1724
2891	2891
820	820
1963	1963
9166	9166
3421	3421
4260	4260
8414	8414
1032	1032
9784	9784
1024	1024
5651	5651
3029	3029
3777	3777
5304	5304
5619	5619
9217	9217
165	165
6782	6782
3444	3444
2868	2868
9322	9322
6400	6400
8906	8906
241	241
3265	3265
2925	2925
8004	8004
3572	3572
9398	9398
3356	3356
2070	2070
5401	5401
4565	4565
3786	3786
1662	1662
6107	6107
5373	5373
4765	4765
8760	8760
8501	8501
7981	7981
7080	7080
1582	1582
6877	6877
4549	4549
5329	5329
4426	4426
6963	6963
2193	2193
3676	3676
5795	5795
3680	3680
7291	7291
3194	3194
8282	8282
3727	3727
5213	5213
6569	6569
2074	2074
2669	2669
5474	5474
6537	6537
75	75
3960	3960
1103	1103
1687	1687
3237	3237
2993	2993
8269	8269
8234	8234
8507	8507
4722	4722
458	458
9062	9062
2312	2312
1567	1567
1948	1948
9246	9246
5899	5899
6777	6777
7521	7521
4904	4904
3098	3098
1406	1406
7315	7315
7109	7109
9839	9839
6353	6353
8412	8412
9137	9137
3460	3460
466	466
4745	4745
5258	5258
2546	2546
1965	1965
71	71
2280	2280
9511	9511
4674	4674
4562	4562
6117	6117
3268	3268
2921	2921
1314	1314
8154	8154
9951	9951
9201	9201
1920	1920
4388	4388
4657	4657
9599	9599
9397	9397
9951	9951
630	630
697	697
2656	2656
2617	2617
8700	8700
3474	3474
2708	2708
664	664
7603	7603
5266	5266
6677	6677
7259	7259
4667	4667
3164	3164
8965	8965
4585	4585
7561	7561
7940	7940
