500	620800
5467	5467
2798	2798
9380	9380
1003	1003
4806	4806
8607	8607
3105	3105
3188	3188
8570	8570
6308	6308
8121	8121
707	707
448	448
1021	1021
6312	6312
2718	2718
4435	4435
9438	9438
9021	9021
322	322
3636	3636
697	697
9122	9122
9656	9656
6627	6627
9768	9768
85	85
9192	9192
8358	8358
8871	8871
9208	9208
1512	1512
3275	3275
7102	7102
5883	5883
3925	3925
8428	8428
9934	9934
9546	9546
2321	2321
4658	4658
4391	4391
9137	9137
3312	3312
8564	8564
9449	9449
2592	2592
5651	5651
5146	5146
3565	3565
8769	8769
368	368
9672	9672
5328	5328
5302	5302
9495	9495
2540	2540
5424	5424
7186	7186
513	513
4351	4351
1391	1391
4186	4186
6510	6510
225	225
4672	4672
1105	1105
8289	8289
4374	4374
8792	8792
1692	1692
3386	3386
9362	9362
2507	2507
1595	1595
2393	2393
3524	3524
3769	3769
6786	6786
3502	3502
5370	5370
472	472
3780	3780
3953	3953
8424	8424
5973	5973
3276	3276
4458	4458
6768	6768
6874	6874
4645	4645
3862	3862
4990	4990
8176	8176
4092	4092
4514	4514
2885	2885
7812	7812
539	539
3786	3786
5289	5289
4546	4546
73	73
1745	1745
4244	4244
1376	1376
2292	2292
6329	6329
8350	8350
6226	6226
529	529
8361	8361
9824	9824
6260	6260
3233	3233
1938	1938
8149	8149
5506	5506
7808	7808
8204	8204
1328	1328
6711	6711
4291	4291
3902	3902
8147	8147
7232	7232
4579	4579
7960	7960
5790	5790
3296	3296
3114	3114
1240	1240
6053	6053
3919	3919
9067	9067
3823	3823
5287	5287
4069	4069
5903	5903
2798	2798
55	55
7869	7869
7680	7680
2039	2039
6520	6520
761	761
6473	6473
6507	6507
882	882
3736	3736
6706	6706
6190	6190
2861	2861
4068	4068
3936	3936
2683	2683
1633	1633
1082	1082
6520	6520
3290	3290
9796	9796
7697	7697
8913	8913
6923	6923
4231	4231
8611	8611
6353	6353
4136	4136
3778	3778
3942	3942
7049	7049
7466	7466
9275	9275
3444	3444
8538	8538
1475	1475
850	850
2689	2689
1728	1728
1406	1406
3921	3921
2999	2999
7827	7827
7067	7067
893	893
938	938
607	607
3612	3612
3888	3888
8004	8004
5701	5701
3856	3856
6062	6062
9889	9889
4926	4926
53	53
4818	4818
8062	8062
288	288
1582	1582
5919	5919
6352	6352
1498	1498
38	38
2913	2913
6375	6375
4749	4749
2996	2996
866	866
9166	9166
8783	8783
43	43
8256	8256
7976	7976
2786	2786
4464	4464
2376	2376
8533	8533
3756	3756
2528	2528
6293	6293
9118	9118
906	906
7729	7729
5683	5683
4621	4621
7466	7466
8200	8200
6985	6985
1498	1498
9912	9912
2493	2493
8251	8251
1767	1767
6154	6154
2393	2393
834	834
7117	7117
1639	1639
4435	4435
4316	4316
2779	2779
3008	3008
3276	3276
7274	7274
9433	9433
3845	3845
9868	9868
1640	1640
3450	3450
3647	3647
8290	8290
712	712
5458	5458
7878	7878
3681	3681
1381	1381
6768	6768
401	401
9451	9451
9275	9275
4302	4302
7971	7971
5608	5608
3486	3486
8700	8700
2774	2774
8455	8455
5858	5858
4021	4021
7952	7952
9970	9970
2143	2143
6841	6841
3943	3943
7475	7475
5803	5803
5652	5652
2023	2023
398	398
8532	8532
7188	7188
6727	6727
1369	1369
5780	5780
2790	2790
6673	6673
45	45
5903	5903
348	348
4730	4730
1415	1415
6858	6858
2966	2966
2258	2258
5344	5344
8695	8695
6176	6176
7987	7987
1219	1219
3839	3839
6888	6888
5354	5354
8663	8663
2472	2472
6397	6397
4047	4047
7152	7152
1089	1089
1627	1627
8271	8271
6778	6778
8248	8248
9595	9595
9243	9243
7242	7242
7308	7308
2289	2289
1785	1785
9563	9563
729	729
8472	8472
3918	3918
4316	4316
3082	3082
1334	1334
275	275
284	284
4470	4470
2483	2483
8982	8982
9258	9258
8731	8731
8808	8808
5819	5819
8659	8659
9660	9660
4005	4005
696	696
4576	4576
7785	7785
1884	1884
3957	3957
6659	6659
89	89
8782	8782
6897	6897
6315	6315
9131	9131
1929	1929
2628	2628
5809	5809
8857	8857
1749	1749
5461	5461
7153	7153
239	239
6077	6077
3594	3594
4891	4891
7016	7016
4371	4371
1287	1287
6838	6838
6523	6523
7251	7251
6176	6176
1940	1940
7423	7423
4511	4511
9715	9715
3289	3289
56	56
8868	8868
4286	4286
5858	5858
4107	4107
4237	4237
1851	1851
641	641
662	662
2130	2130
8362	8362
9060	9060
8540	8540
6846	6846
8618	8618
5660	5660
8297	8297
6335	6335
4087	4087
1659	1659
2498	2498
3718	3718
1589	1589
8953	8953
2135	2135
2913	2913
6228	6228
4662	4662
5532	5532
3825	3825
1968	1968
4038	4038
7061	7061
6394	6394
334	334
5787	5787
1967	1967
6065	6065
6168	6168
9604	9604
1369	1369
8476	8476
9470	9470
751	751
7548	7548
1837	1837
1848	1848
3334	3334
3848	3848
9279	9279
5905	5905
6255	6255
964	964
9992	9992
3963	3963
7853	7853
1919	1919
6928	6928
3285	3285
347	347
9354	9354
3501	3501
5030	5030
1693	1693
8127	8127
7127	7127
9592	9592
7142	7142
4983	4983
6982	6982
3154	3154
5207	5207
4577	4577
3041	3041
1193	1193
9289	9289
8809	8809
5006	5006
3332	3332
2903	2903
5706	5706
7092	7092
2283	2283
5869	5869
5627	5627
1037	1037
3342	3342
6565	6565
2142	2142
8856	8856
8383	8383
6657	6657
1567	1567
2059	2059
358	358
2657	2657
924	924
326	326
3103	3103
4425	4425
2931	2931
7582	7582
1276	1276
3756	3756
4386	4386
8603	8603
6404	6404
9805	9805
9033	9033
3690	3690
4181	4181
8843	8843
7817	7817
6172	6172
2924	2924
2696	2696
9856	9856
6771	6771
3329	3329
8223	8223
7430	7430
535	535
3098	3098
2086	2086
3797	3797
2836	2836
4374	4374
1650	1650
