500	249133
6451	6451
8771	8771
2949	2949
4790	4790
3585	3585
9496	9496
9064	9064
2505	2505
7839	7839
4765	4765
7411	7411
2181	2181
5518	5518
4726	4726
1706	1706
7634	7634
6727	6727
4945	4945
2573	2573
9302	9302
5032	5032
6841	6841
1088	1088
1186	1186
953	953
9653	9653
5024	5024
1604	1604
2003	2003
3188	3188
7091	7091
2558	2558
3502	3502
6086	6086
4840	4840
6644	6644
7441	7441
8690	8690
1266	1266
583	583
5590	5590
3168	3168
2559	2559
7004	7004
7152	7152
4350	4350
7227	7227
5475	5475
2044	2044
7526	7526
24	24
561	561
9966	9966
8146	8146
4684	4684
5263	5263
3018	3018
2762	2762
3675	3675
3859	3859
4826	4826
1616	1616
8440	8440
431	431
4003	4003
2435	2435
7359	7359
3772	3772
1484	1484
5174	5174
4269	4269
3795	3795
4823	4823
9418	9418
9028	9028
2856	2856
4442	4442
4331	4331
5581	5581
8272	8272
1868	1868
2144	2144
9058	9058
8041	8041
9294	9294
2892	2892
7565	7565
6005	6005
1971	1971
7181	7181
9110	9110
4004	4004
2280	2280
4358	4358
5729	5729
9895	9895
6566	6566
6857	6857
4934	4934
3346	3346
8318	8318
933	933
3339	3339
8315	8315
728	728
6772	6772
9910	9910
3372	3372
4394	4394
2715	2715
6808	6808
1588	1588
8371	8371
5800	5800
2830	2830
7837	7837
2406	2406
1726	1726
3354	3354
1201	1201
4738	4738
7632	7632
2389	2389
2877	2877
8504	8504
7128	7128
1496	1496
2933	2933
6864	6864
1076	1076
3395	3395
6646	6646
7284	7284
3963	3963
5786	5786
3909	3909
1795	1795
5363	5363
4143	4143
5695	5695
7461	7461
4115	4115
1186	1186
1286	1286
9111	9111
416	416
3505	3505
6021	6021
838	838
7167	7167
8378	8378
4327	4327
7939	7939
9804	9804
7553	7553
391	391
1358	1358
652	652
5283	5283
6164	6164
6439	6439
7438	7438
2961	2961
4303	4303
1733	1733
7261	7261
8860	8860
5281	5281
2538	2538
318	318
5873	5873
2207	2207
9906	9906
9802	9802
9505	9505
1188	1188
4066	4066
8743	8743
2533	2533
5081	5081
1495	1495
3925	3925
6469	6469
6556	6556
2086	2086
379	379
986	986
8366	8366
3564	3564
8	8
344	344
2418	2418
8747	8747
4143	4143
8971	8971
8102	8102
9820	9820
4494	4494
7777	7777
5845	5845
2223	2223
60	60
3641	3641
8488	8488
6572	6572
5600	5600
444	444
19	19
6953	6953
8818	8818
4040	4040
2655	2655
6969	6969
2180	2180
5611	5611
2904	2904
8203	8203
788	788
8324	8324
5567	5567
5430	5430
3840	3840
8704	8704
5729	5729
9311	9311
4886	4886
3598	3598
1819	1819
528	528
3674	3674
138	138
7652	7652
9933	9933
5042	5042
3619	3619
6169	6169
9617	9617
3657	3657
5785	5785
1260	1260
9612	9612
834	834
6033	6033
984	984
7491	7491
7704	7704
8850	8850
7856	7856
9728	9728
1972	1972
2794	2794
8702	8702
1772	1772
5761	5761
4744	4744
7108	7108
8533	8533
1123	1123
25	25
6072	6072
67	67
9671	9671
8532	8532
6447	6447
765	765
9839	9839
3696	3696
6396	6396
3353	3353
6349	6349
4986	4986
9699	9699
4738	4738
9140	9140
591	591
4180	4180
1228	1228
3456	3456
7125	7125
2259	2259
5341	5341
2894	2894
4283	4283
6249	6249
7751	7751
4274	4274
6534	6534
7284	7284
9899	9899
4533	4533
8075	8075
2055	2055
8235	8235
994	994
749	749
7036	7036
5111	5111
9034	9034
7275	7275
330	330
1255	1255
885	885
229	229
1970	1970
8723	8723
2885	2885
1580	1580
5804	5804
6776	6776
9627	9627
6880	6880
8874	8874
6577	6577
262	262
1190	1190
1730	1730
364	364
1862	1862
7803	7803
9143	9143
44	44
4063	4063
7029	7029
1224	1224
4878	4878
9513	9513
4438	4438
790	790
2979	2979
5130	5130
997	997
5162	5162
5855	5855
424	424
3343	3343
4827	4827
8467	8467
3347	3347
8616	8616
133	133
2189	2189
3303	3303
5186	5186
9281	9281
9056	9056
5721	5721
5896	5896
4114	4114
6562	6562
5857	5857
6860	6860
9872	9872
6886	6886
8953	8953
6080	6080
1765	1765
4972	4972
3819	3819
2618	2618
3196	3196
9263	9263
6254	6254
8982	8982
8948	8948
8602	8602
6591	6591
5383	5383
7848	7848
3221	3221
4655	4655
9863	9863
557	557
5164	5164
3975	3975
2707	2707
7084	7084
3295	3295
3794	3794
2431	2431
3139	3139
9834	9834
6595	6595
1483	1483
3893	3893
4616	4616
1751	1751
8297	8297
630	630
8348	8348
363	363
3933	3933
7619	7619
7100	7100
4680	4680
5039	5039
9553	9553
9893	9893
5244	5244
946	946
1305	1305
9927	9927
5601	5601
6487	6487
5417	5417
8205	8205
8100	8100
4829	4829
6690	6690
2922	2922
5222	5222
117	117
8612	8612
9270	9270
662	662
6189	6189
2958	2958
7388	7388
2501	2501
2522	2522
4377	4377
4276	4276
7610	7610
8148	8148
2016	2016
1462	1462
1712	1712
7391	7391
3858	3858
5812	5812
8147	8147
7844	7844
3200	3200
246	246
2899	2899
178	178
1879	1879
3668	3668
652	652
7579	7579
1578	1578
5057	5057
1686	1686
3340	3340
9600	9600
8488	8488
7821	7821
2050	2050
508	508
4240	4240
8857	8857
3397	3397
4923	4923
9267	9267
1021	1021
791	791
3294	3294
6898	6898
9253	9253
9979	9979
3086	3086
6393	6393
9198	9198
9768	9768
4726	4726
6867	6867
7792	7792
3474	3474
983	983
8109	8109
8219	8219
628	628
7466	7466
3173	3173
9862	9862
1187	1187
665	665
5044	5044
9037	9037
5123	5123
9246	9246
1950	1950
214	214
61	61
8890	8890
7592	7592
3515	3515
3838	3838
1883	1883
5938	5938
9845	9845
6682	6682
9636	9636
9712	9712
7789	7789
1719	1719
5247	5247
5463	5463
1347	1347
8574	8574
3894	3894
