500	657072
1687	1687
7582	7582
7664	7664
1831	1831
8216	8216
8061	8061
9899	9899
999	999
948	948
2039	2039
690	690
5535	5535
4109	4109
1400	1400
9580	9580
6906	6906
2605	2605
4780	4780
1748	1748
2601	2601
241	241
8876	8876
83	83
2581	2581
8911	8911
7866	7866
7821	7821
7631	7631
5743	5743
6703	6703
8065	8065
4123	4123
7849	7849
7953	7953
468	468
6450	6450
893	893
4451	4451
1806	1806
898	898
4989	4989
8147	8147
2813	2813
4783	4783
9350	9350
830	830
751	751
6133	6133
7078	7078
4398	4398
3030	3030
7559	7559
8254	8254
8280	8280
4569	4569
3105	3105
8702	8702
5548	5548
1609	1609
3860	3860
1840	1840
676	676
5908	5908
4559	4559
3544	3544
5609	5609
1265	1265
8260	8260
3371	3371
7325	7325
8587	8587
1606	1606
3074	3074
1201	1201
3315	3315
8473	8473
3934	3934
2818	2818
7884	7884
3060	3060
2342	2342
6025	6025
7900	7900
4747	4747
3179	3179
6641	6641
9726	9726
1224	1224
6753	6753
9709	9709
7576	7576
1975	1975
5561	5561
6509	6509
4332	4332
9676	9676
430	430
9302	9302
9331	9331
3198	3198
4520	4520
4624	4624
346	346
9657	9657
5483	5483
928	928
1593	1593
9775	9775
91	91
3254	3254
3031	3031
7891	7891
2784	2784
7548	7548
2435	2435
7936	7936
9251	9251
4032	4032
6138	6138
2436	2436
9119	9119
7266	7266
4821	4821
3634	3634
9907	9907
9239	9239
7803	7803
7532	7532
9007	9007
1156	1156
1654	1654
101	101
1884	1884
8663	8663
9366	9366
8668	8668
3786	3786
4279	4279
263	263
7073	7073
8668	8668
4385	4385
8928	8928
4376	4376
2332	2332
6616	6616
8340	8340
8078	8078
1236	1236
745	745
659	659
3256	3256
4609	4609
778	778
8560	8560
8465	8465
3562	3562
3677	3677
2754	2754
9207	9207
752	752
1581	1581
6	6
5904	5904
9098	9098
7544	7544
5800	5800
4012	4012
6496	6496
1217	1217
7690	7690
6456	6456
5568	5568
8725	8725
7116	7116
6139	6139
206	206
5062	5062
7865	7865
3258	3258
69	69
9239	9239
9793	9793
5893	5893
4671	4671
8797	8797
7051	7051
9809	9809
5759	5759
2361	2361
1716	1716
1489	1489
7594	7594
4182	4182
4388	4388
766	766
9557	9557
7482	7482
5745	5745
7078	7078
4084	4084
3215	3215
6270	6270
7950	7950
9214	9214
7282	7282
6963	6963
1418	1418
3590	3590
4223	4223
7285	7285
6774	6774
8895	8895
2566	2566
750	750
3693	3693
3812	3812
3180	3180
7013	7013
320	320
9228	9228
9841	9841
348	348
1977	1977
2726	2726
3273	3273
425	425
8072	8072
3962	3962
3788	3788
2636	2636
7957	7957
1533	1533
1950	1950
9155	9155
3217	3217
9651	9651
9065	9065
3762	3762
1581	1581
1419	1419
7558	7558
9303	9303
8787	8787
2594	2594
5853	5853
2259	2259
8835	8835
6311	6311
7505	7505
1269	1269
1472	1472
288	288
6114	6114
7829	7829
7361	7361
2964	2964
7450	7450
5651	5651
8705	8705
8382	8382
1509	1509
8220	8220
6860	6860
8093	8093
9131	9131
8400	8400
9953	9953
3785	3785
4382	4382
5567	5567
9369	9369
4906	4906
1596	1596
17	17
9584	9584
9639	9639
6716	6716
9607	9607
3703	3703
7553	7553
5881	5881
728	728
26	26
4002	4002
8264	8264
476	476
7439	7439
4937	4937
4454	4454
8249	8249
8437	8437
6342	6342
1469	1469
5308	5308
1126	1126
8227	8227
2688	2688
9863	9863
4667	4667
6473	6473
9435	9435
1036	1036
5331	5331
8754	8754
5251	5251
4957	4957
4183	4183
1237	1237
6798	6798
9908	9908
9260	9260
2084	2084
4738	4738
6071	6071
9740	9740
5	5
2870	2870
5616	5616
9398	9398
3646	3646
4469	4469
5814	5814
8504	8504
4489	4489
7963	7963
9707	9707
1133	1133
7370	7370
6140	6140
1248	1248
3009	3009
9958	9958
9830	9830
1151	1151
6213	6213
2077	2077
2155	2155
6269	6269
5759	5759
1347	1347
5275	5275
9787	9787
8143	8143
4871	4871
6537	6537
9100	9100
4055	4055
2055	2055
8015	8015
2250	2250
1867	1867
3464	3464
3902	3902
340	340
9396	9396
1448	1448
7358	7358
1737	1737
8839	8839
349	349
3853	3853
9591	9591
7105	7105
6631	6631
9178	9178
690	690
9223	9223
3091	3091
5360	5360
6621	6621
3740	3740
5114	5114
7444	7444
7291	7291
6181	6181
6779	6779
4467	4467
6764	6764
2927	2927
4714	4714
9196	9196
4603	4603
2665	2665
7587	7587
7729	7729
592	592
5318	5318
6096	6096
7820	7820
7459	7459
7202	7202
9203	9203
3442	3442
9746	9746
613	613
2070	2070
8250	8250
8599	8599
7999	7999
6377	6377
3052	3052
7146	7146
8863	8863
3257	3257
6324	6324
4854	4854
576	576
6565	6565
7528	7528
8490	8490
2840	2840
9462	9462
8737	8737
9886	9886
7008	7008
8478	8478
6266	6266
2972	2972
4193	4193
9857	9857
2381	2381
3581	3581
7459	7459
103	103
9000	9000
8617	8617
4272	4272
8938	8938
6349	6349
171	171
6498	6498
7729	7729
6238	6238
9636	9636
7506	7506
1463	1463
6915	6915
988	988
9535	9535
5750	5750
1777	1777
9625	9625
6	6
4274	4274
9170	9170
1933	1933
9867	9867
164	164
1717	1717
1762	1762
7158	7158
4843	4843
2207	2207
4948	4948
7981	7981
389	389
5672	5672
7734	7734
5259	5259
5187	5187
9977	9977
3229	3229
6586	6586
9255	9255
1163	1163
922	922
2248	2248
1173	1173
4807	4807
2338	2338
4699	4699
2468	2468
7682	7682
3747	3747
2833	2833
8458	8458
2519	2519
2781	2781
1194	1194
8695	8695
8741	8741
4775	4775
7023	7023
9719	9719
188	188
5177	5177
5374	5374
5814	5814
3333	3333
9641	9641
4767	4767
9238	9238
9603	9603
5458	5458
1555	1555
8495	8495
652	652
2018	2018
885	885
