500	1238058
6029	6029
6037	6037
2879	2879
1801	1801
4680	4680
769	769
3953	3953
3729	3729
998	998
3943	3943
5184	5184
5608	5608
6085	6085
5126	5126
195	195
6354	6354
1895	1895
508	508
2368	2368
761	761
613	613
7504	7504
7448	7448
9833	9833
4922	4922
5187	5187
5902	5902
2994	2994
9043	9043
3066	3066
2613	2613
1028	1028
5751	5751
2386	2386
5519	5519
6294	6294
8387	8387
7039	7039
1540	1540
3509	3509
762	762
53	53
7220	7220
2586	2586
8314	8314
8046	8046
6941	6941
149	149
8393	8393
4766	4766
3846	3846
5224	5224
5846	5846
7928	7928
1198	1198
6462	6462
8139	8139
2229	2229
8789	8789
9407	9407
1466	1466
3864	3864
8791	8791
2111	2111
2641	2641
4109	4109
772	772
9871	9871
4477	4477
1672	1672
3745	3745
2131	2131
1341	1341
7893	7893
2069	2069
3833	3833
5679	5679
8584	8584
5689	5689
939	939
2846	2846
1588	1588
8286	8286
309	309
2601	2601
2939	2939
9908	9908
3319	3319
9870	9870
6399	6399
4888	4888
2839	2839
1087	1087
9241	9241
1226	1226
3072	3072
9003	9003
3644	3644
1695	1695
7483	7483
2489	2489
6623	6623
4938	4938
5423	5423
2730	2730
3550	3550
8425	8425
2076	2076
9109	9109
8086	8086
4711	4711
2916	2916
769	769
4442	4442
1263	1263
8904	8904
9699	9699
7258	7258
8113	8113
6535	6535
1751	1751
1144	1144
8344	8344
1023	1023
656	656
5563	5563
6178	6178
201	201
5508	5508
1509	1509
7385	7385
4991	4991
5410	5410
3976	3976
1440	1440
2310	2310
8994	8994
8872	8872
773	773
9494	9494
3052	3052
9975	9975
953	953
4040	4040
8726	8726
7839	7839
5845	5845
340	340
7677	7677
314	314
8857	8857
1592	1592
1136	1136
6399	6399
5243	5243
8722	8722
3402	3402
9037	9037
6094	6094
7399	7399
1011	1011
9534	9534
24	24
6063	6063
8849	8849
4200	4200
2782	2782
9822	9822
3785	3785
4884	4884
1060	1060
3281	3281
8499	8499
7260	7260
4235	4235
7905	7905
3731	3731
2966	2966
622	622
1108	1108
9070	9070
829	829
9696	9696
5841	5841
7118	7118
7804	7804
7124	7124
9632	9632
7316	7316
8470	8470
2372	2372
5369	5369
4585	4585
4556	4556
4283	4283
9528	9528
9129	9129
1354	1354
1850	1850
6248	6248
8005	8005
8212	8212
8231	8231
1039	1039
7691	7691
9505	9505
4971	4971
1792	1792
2563	2563
7581	7581
5858	5858
6547	6547
5047	5047
2906	2906
7593	7593
7798	7798
7116	7116
1009	1009
7088	7088
7200	7200
1901	1901
7613	7613
899	899
6603	6603
3997	3997
2947	2947
3177	3177
9793	9793
3167	3167
6725	6725
3350	3350
1541	1541
4203	4203
2670	2670
3733	3733
772	772
782	782
2741	2741
9770	9770
7985	7985
4881	4881
6041	6041
4673	4673
4077	4077
4378	4378
281	281
2310	2310
9808	9808
5802	5802
8583	8583
3116	3116
2715	2715
1644	1644
1614	1614
5119	5119
508	508
8993	8993
4932	4932
7517	7517
3091	3091
7025	7025
775	775
5865	5865
5325	5325
7166	7166
5625	5625
8444	8444
2073	2073
9491	9491
2746	2746
9364	9364
6496	6496
5818	5818
7831	7831
8647	8647
1034	1034
1007	1007
8177	8177
1117	1117
732	732
411	411
7698	7698
9296	9296
4664	4664
6127	6127
5642	5642
8539	8539
3477	3477
4215	4215
2168	2168
4099	4099
4872	4872
8087	8087
2482	2482
1062	1062
289	289
5332	5332
3408	3408
2656	2656
6928	6928
8753	8753
5014	5014
4810	4810
9923	9923
3331	3331
5455	5455
6773	6773
7237	7237
7849	7849
9198	9198
990	990
7260	7260
4479	4479
8608	8608
6619	6619
6078	6078
2657	2657
5370	5370
5482	5482
4261	4261
5675	5675
5203	5203
8222	8222
6396	6396
2701	2701
973	973
1982	1982
422	422
1968	1968
661	661
7539	7539
9445	9445
5551	5551
4293	4293
3570	3570
9098	9098
8182	8182
4025	4025
7971	7971
4412	4412
2233	2233
3959	3959
8852	8852
307	307
6166	6166
4643	4643
4690	4690
6799	6799
3635	3635
1428	1428
9492	9492
4158	4158
1588	1588
4906	4906
7799	7799
7896	7896
3482	3482
6604	6604
4125	4125
3439	3439
1429	1429
8599	8599
7441	7441
3179	3179
3250	3250
2643	2643
8344	8344
952	952
4025	4025
8138	8138
9294	9294
5574	5574
3347	3347
345	345
4758	4758
3930	3930
7870	7870
7335	7335
6877	6877
2505	2505
5730	5730
1830	1830
3974	3974
5807	5807
6525	6525
6302	6302
4410	4410
5715	5715
7674	7674
7979	7979
8520	8520
1395	1395
657	657
9485	9485
5270	5270
7068	7068
3867	3867
5642	5642
3311	3311
5596	5596
2804	2804
5341	5341
4551	4551
6197	6197
7351	7351
8825	8825
943	943
991	991
3926	3926
9288	9288
8325	8325
1713	1713
4633	4633
233	233
9640	9640
9924	9924
2982	2982
7532	7532
588	588
3284	3284
7713	7713
1991	1991
5372	5372
7929	7929
6796	6796
4289	4289
6056	6056
7893	7893
8026	8026
1929	1929
3327	3327
9623	9623
7072	7072
4495	4495
1281	1281
5194	5194
1113	1113
1226	1226
5629	5629
9305	9305
4264	4264
2086	2086
4595	4595
4535	4535
678	678
4674	4674
9494	9494
6134	6134
4808	4808
9078	9078
1148	1148
5314	5314
8737	8737
9716	9716
4390	4390
9324	9324
127	127
4237	4237
4294	4294
5484	5484
917	917
5820	5820
9420	9420
6977	6977
6279	6279
4914	4914
4195	4195
8556	8556
9142	9142
6570	6570
9191	9191
5005	5005
9421	9421
5838	5838
4134	4134
2615	2615
9146	9146
4238	4238
2138	2138
79	79
7204	7204
9425	9425
4566	4566
4574	4574
4801	4801
864	864
4284	4284
2033	2033
1133	1133
5570	5570
5377	5377
5985	5985
1982	1982
546	546
635	635
83	83
8956	8956
3987	3987
6688	6688
1022	1022
