500	2207291
5791	5791
5972	5972
8475	8475
4082	4082
498	498
3963	3963
1576	1576
2652	2652
2227	2227
7511	7511
373	373
5605	5605
8616	8616
6814	6814
3347	3347
8538	8538
6380	6380
1943	1943
4418	4418
3022	3022
1947	1947
9312	9312
5798	5798
4505	4505
7011	7011
1902	1902
7119	7119
2046	2046
5991	5991
9705	9705
2914	2914
4933	4933
9016	9016
4630	4630
2520	2520
4832	4832
8841	8841
2286	2286
5785	5785
2565	2565
2143	2143
8848	8848
7244	7244
2237	2237
2092	2092
6986	6986
5292	5292
464	464
7348	7348
1225	1225
4312	4312
149	149
7460	7460
587	587
9120	9120
4964	4964
7064	7064
3804	3804
7411	7411
1768	1768
6582	6582
9957	9957
5240	5240
3949	3949
7593	7593
9510	9510
7781	7781
8649	8649
8252	8252
4685	4685
5023	5023
5121	5121
6953	6953
7615	7615
8926	8926
7355	7355
5033	5033
142	142
612	612
7564	7564
7006	7006
7320	7320
7441	7441
7009	7009
5971	5971
1334	1334
3346	3346
4089	4089
4117	4117
5723	5723
7580	7580
8339	8339
6228	6228
6447	6447
1177	1177
1132	1132
8901	8901
9644	9644
6872	6872
567	567
1733	1733
3429	3429
902	902
6969	6969
6655	6655
4112	4112
3360	3360
9763	9763
1426	1426
9317	9317
4608	4608
1701	1701
7678	7678
412	412
622	622
4546	4546
6627	6627
9127	9127
9433	9433
7533	7533
7886	7886
292	292
7694	7694
1270	1270
986	986
425	425
7257	7257
4033	4033
5129	5129
5787	5787
6032	6032
7496	7496
5439	5439
8466	8466
4952	4952
2773	2773
1447	1447
1842	1842
3109	3109
9659	9659
7675	7675
9053	9053
2393	2393
7641	7641
9997	9997
8861	8861
2744	2744
633	633
3536	3536
1957	1957
5901	5901
802	802
7449	7449
1084	1084
1411	1411
7463	7463
8502	8502
279	279
2086	2086
6536	6536
4679	4679
2990	2990
1543	1543
7193	7193
1999	1999
3551	3551
9446	9446
9879	9879
9813	9813
5937	5937
3110	3110
5728	5728
7423	7423
8764	8764
7147	7147
7796	7796
7358	7358
7224	7224
9288	9288
4404	4404
405	405
799	799
3006	3006
7386	7386
7142	7142
8269	8269
3646	3646
8418	8418
9463	9463
274	274
5272	5272
7349	7349
7913	7913
2670	2670
1550	1550
2359	2359
4900	4900
1111	1111
7398	7398
7874	7874
2865	2865
9421	9421
8625	8625
4577	4577
8082	8082
7505	7505
1915	1915
3345	3345
3109	3109
5896	5896
1251	1251
8080	8080
8889	8889
1363	1363
7540	7540
5571	5571
8746	8746
6443	6443
4532	4532
3292	3292
3759	3759
8883	8883
7872	7872
837	837
6289	6289
145	145
8529	8529
6353	6353
2500	2500
8461	8461
8783	8783
4680	4680
9513	9513
8883	8883
2423	2423
3593	3593
6488	6488
6555	6555
5010	5010
3279	3279
8310	8310
6236	6236
6936	6936
8222	8222
3968	3968
6987	6987
6955	6955
7342	7342
2313	2313
9613	9613
6956	6956
8716	8716
6359	6359
502	502
1350	1350
962	962
477	477
3551	3551
9661	9661
4166	4166
727	727
8927	8927
7728	7728
1718	1718
4221	4221
4429	4429
1023	1023
476	476
8053	8053
5970	5970
2962	2962
818	818
8685	8685
67	67
3845	3845
8902	8902
2604	2604
7844	7844
1960	1960
2510	2510
5807	5807
4164	4164
603	603
77	77
5158	5158
2495	2495
3225	3225
4312	4312
7590	7590
9889	9889
7648	7648
6624	6624
1632	1632
6508	6508
2528	2528
1499	1499
4049	4049
2642	2642
1573	1573
6158	6158
8714	8714
1600	1600
3217	3217
748	748
3460	3460
6820	6820
5342	5342
1882	1882
2501	2501
9334	9334
1910	1910
7239	7239
2259	2259
8382	8382
8431	8431
1053	1053
9267	9267
2789	2789
509	509
7442	7442
4472	4472
9429	9429
5136	5136
286	286
1185	1185
1775	1775
2944	2944
4690	4690
6498	6498
2290	2290
1983	1983
3069	3069
3334	3334
3220	3220
3549	3549
2984	2984
376	376
644	644
6572	6572
6285	6285
2458	2458
5759	5759
7451	7451
8509	8509
480	480
6329	6329
4167	4167
9060	9060
4951	4951
1391	1391
1966	1966
4045	4045
1551	1551
2631	2631
9269	9269
7334	7334
2457	2457
6471	6471
4837	4837
2063	2063
2069	2069
8669	8669
3781	3781
3164	3164
1113	1113
7124	7124
3209	3209
678	678
5444	5444
8529	8529
2746	2746
9282	9282
6898	6898
28	28
2892	2892
127	127
2980	2980
3767	3767
5667	5667
859	859
5904	5904
1552	1552
7900	7900
7311	7311
4690	4690
4366	4366
5942	5942
3092	3092
9165	9165
5110	5110
9618	9618
1281	1281
4965	4965
4818	4818
2436	2436
4163	4163
2494	2494
6992	6992
7987	7987
9549	9549
5013	5013
9074	9074
4460	4460
5188	5188
12	12
3861	3861
3002	3002
7119	7119
4231	4231
1635	1635
3062	3062
7937	7937
7227	7227
2384	2384
2923	2923
7607	7607
2179	2179
1581	1581
3813	3813
67	67
3780	3780
1504	1504
1136	1136
2060	2060
3830	3830
2282	2282
5169	5169
9365	9365
4856	4856
9940	9940
1052	1052
8976	8976
4899	4899
4192	4192
5651	5651
6472	6472
8313	8313
4184	4184
5785	5785
9365	9365
5579	5579
6248	6248
1082	1082
1939	1939
8697	8697
7911	7911
9225	9225
8935	8935
7188	7188
1904	1904
296	296
980	980
8386	8386
2879	2879
3711	3711
3326	3326
2932	2932
3702	3702
5348	5348
6563	6563
7217	7217
320	320
6503	6503
9097	9097
3180	3180
4556	4556
2877	2877
2787	2787
7741	7741
689	689
8080	8080
1355	1355
7068	7068
8377	8377
1127	1127
2726	2726
3391	3391
7794	7794
3684	3684
8668	8668
5177	5177
6881	6881
9708	9708
1934	1934
266	266
8821	8821
3045	3045
992	992
7652	7652
5029	5029
4376	4376
2892	2892
7311	7311
3673	3673
8016	8016
4723	4723
2596	2596
3627	3627
5824	5824
1305	1305
