500	1898253
3683	3683
4067	4067
6974	6974
2697	2697
4246	4246
7691	7691
6084	6084
8326	8326
9965	9965
3986	3986
2329	2329
6516	6516
7136	7136
4425	4425
2020	2020
7052	7052
6388	6388
8402	8402
8041	8041
5971	5971
7632	7632
7768	7768
667	667
1150	1150
7400	7400
2130	2130
8862	8862
7076	7076
4759	4759
8391	8391
6158	6158
8913	8913
8345	8345
6183	6183
6136	6136
8504	8504
5000	5000
2128	2128
7887	7887
1736	1736
624	624
1350	1350
6057	6057
4913	4913
1901	1901
2118	2118
2144	2144
851	851
9525	9525
1926	1926
2247	2247
1787	1787
3214	3214
5500	5500
289	289
1218	1218
3032	3032
8949	8949
310	310
9422	9422
6227	6227
5174	5174
8620	8620
8988	8988
6184	6184
3945	3945
3010	3010
6258	6258
6066	6066
8279	8279
5474	5474
8022	8022
6168	6168
8363	8363
8374	8374
7842	7842
7543	7543
200	200
5606	5606
5245	5245
7495	7495
9124	9124
5552	5552
3241	3241
8272	8272
5036	5036
7374	7374
4764	4764
8811	8811
1477	1477
2297	2297
4417	4417
8237	8237
3414	3414
3998	3998
8547	8547
1050	1050
4251	4251
5798	5798
1903	1903
4444	4444
4412	4412
5560	5560
1298	1298
2527	2527
7262	7262
7611	7611
8445	8445
302	302
9450	9450
5041	5041
1988	1988
6169	6169
8692	8692
5115	5115
675	675
6135	6135
4609	4609
8765	8765
6883	6883
7488	7488
8683	8683
7551	7551
3826	3826
1449	1449
7176	7176
6120	6120
39	39
140	140
3258	3258
5417	5417
8858	8858
2778	2778
540	540
2722	2722
5306	5306
9779	9779
6021	6021
3237	3237
523	523
9380	9380
8233	8233
5214	5214
8564	8564
8127	8127
2975	2975
4286	4286
6145	6145
5454	5454
9075	9075
1847	1847
8884	8884
8071	8071
5208	5208
5871	5871
2407	2407
7483	7483
8717	8717
9411	9411
6565	6565
8374	8374
1477	1477
1586	1586
4270	4270
8004	8004
9914	9914
6358	6358
4923	4923
8404	8404
6992	6992
2901	2901
3543	3543
5700	5700
859	859
6413	6413
9800	9800
5795	5795
7660	7660
9763	9763
5376	5376
8203	8203
2030	2030
8862	8862
1841	1841
1665	1665
4904	4904
7276	7276
8268	8268
7131	7131
5951	5951
2370	2370
733	733
1690	1690
4608	4608
1012	1012
6327	6327
5791	5791
8804	8804
7145	7145
9967	9967
2530	2530
5387	5387
4490	4490
4071	4071
9455	9455
5438	5438
2240	2240
5219	5219
1440	1440
6796	6796
8970	8970
5472	5472
377	377
2674	2674
8936	8936
1345	1345
1142	1142
9558	9558
5923	5923
3737	3737
4814	4814
9072	9072
5891	5891
1195	1195
670	670
1936	1936
2397	2397
9971	9971
876	876
5200	5200
4339	4339
6010	6010
5371	5371
2445	2445
3718	3718
1204	1204
3336	3336
1725	1725
618	618
1612	1612
2571	2571
72	72
9632	9632
1630	1630
4274	4274
9351	9351
1728	1728
3477	3477
7341	7341
2305	2305
519	519
6217	6217
1499	1499
2548	2548
1579	1579
4038	4038
5650	5650
3962	3962
846	846
9763	9763
604	604
7624	7624
1839	1839
8487	8487
8708	8708
7781	7781
701	701
6400	6400
2214	2214
9005	9005
4020	4020
7936	7936
9367	9367
1735	1735
5948	5948
2085	2085
8939	8939
6432	6432
7927	7927
3289	3289
3407	3407
1063	1063
3869	3869
4592	4592
5656	5656
7772	7772
4742	4742
1469	1469
4023	4023
5042	5042
577	577
8678	8678
1459	1459
4527	4527
3349	3349
9529	9529
4974	4974
7833	7833
8001	8001
8942	8942
1039	1039
9994	9994
4318	4318
8328	8328
8929	8929
478	478
4875	4875
1571	1571
4669	4669
8782	8782
2273	2273
7107	7107
9497	9497
7660	7660
223	223
7302	7302
7544	7544
2020	2020
5207	5207
6083	6083
4873	4873
5583	5583
6741	6741
6261	6261
4780	4780
1759	1759
8622	8622
6608	6608
9010	9010
4406	4406
6687	6687
4128	4128
993	993
7410	7410
5495	5495
6306	6306
8921	8921
5795	5795
7709	7709
393	393
9638	9638
8968	8968
8667	8667
4645	4645
880	880
967	967
4386	4386
5711	5711
9386	9386
7042	7042
4423	4423
5518	5518
3657	3657
254	254
6160	6160
8246	8246
8116	8116
3575	3575
5623	5623
5525	5525
7116	7116
915	915
783	783
3641	3641
7674	7674
4423	4423
2455	2455
160	160
5980	5980
2345	2345
8763	8763
1301	1301
6883	6883
3056	3056
7055	7055
4649	4649
2563	2563
9931	9931
4601	4601
1326	1326
8717	8717
3972	3972
4376	4376
1119	1119
2554	2554
903	903
2338	2338
3867	3867
2215	2215
1491	1491
7889	7889
6742	6742
9699	9699
9092	9092
6547	6547
5223	5223
661	661
7616	7616
2570	2570
23	23
904	904
1592	1592
225	225
6673	6673
58	58
6656	6656
844	844
530	530
1597	1597
5643	5643
8445	8445
9919	9919
286	286
546	546
1184	1184
6504	6504
113	113
7375	7375
4580	4580
9157	9157
6882	6882
1339	1339
1267	1267
9084	9084
5589	5589
2098	2098
7976	7976
6411	6411
9617	9617
6068	6068
9987	9987
1407	1407
317	317
6427	6427
5677	5677
8047	8047
9414	9414
2579	2579
3949	3949
6940	6940
6075	6075
7876	7876
8187	8187
9343	9343
5690	5690
973	973
2382	2382
239	239
9341	9341
8034	8034
9577	9577
3552	3552
2620	2620
679	679
7857	7857
5862	5862
3631	3631
5869	5869
2681	2681
3186	3186
6617	6617
5543	5543
8622	8622
7781	7781
3673	3673
653	653
5268	5268
9468	9468
7184	7184
1869	1869
4119	4119
1630	1630
555	555
8059	8059
7622	7622
7222	7222
5105	5105
7735	7735
5453	5453
5733	5733
4021	4021
4069	4069
1317	1317
1307	1307
2718	2718
6405	6405
9297	9297
1095	1095
4194	4194
8399	8399
3023	3023
5820	5820
3365	3365
7015	7015
3163	3163
259	259
289	289
9457	9457
8693	8693
5733	5733
