500	1835013
30	30
856	856
5258	5258
7261	7261
5444	5444
6398	6398
6380	6380
1753	1753
5844	5844
9346	9346
2157	2157
894	894
1245	1245
1180	1180
1587	1587
5570	5570
3058	3058
7663	7663
1335	1335
7441	7441
4171	4171
3021	3021
2344	2344
1524	1524
6200	6200
4775	4775
4610	4610
559	559
7885	7885
7524	7524
7335	7335
3918	3918
2013	2013
4408	4408
6609	6609
1409	1409
5817	5817
3684	3684
3192	3192
7635	7635
529	529
1603	1603
5388	5388
4707	4707
8634	8634
583	583
6878	6878
8662	8662
8290	8290
4541	4541
4249	4249
2351	2351
7402	7402
4945	4945
2564	2564
619	619
4123	4123
8510	8510
2664	2664
7049	7049
1667	1667
5226	5226
950	950
3545	3545
5926	5926
9692	9692
9981	9981
3782	3782
5273	5273
6555	6555
2551	2551
1364	1364
2058	2058
9613	9613
5191	5191
5028	5028
4386	4386
4921	4921
7914	7914
7080	7080
7207	7207
7362	7362
8079	8079
4227	4227
4327	4327
5277	5277
4937	4937
2345	2345
3070	3070
915	915
2300	2300
7799	7799
4368	4368
5599	5599
4248	4248
977	977
8332	8332
808	808
9735	9735
4384	4384
8407	8407
4232	4232
3235	3235
663	663
6326	6326
7032	7032
3310	3310
8431	8431
9536	9536
4556	4556
8111	8111
6547	6547
9403	9403
553	553
6201	6201
3219	3219
4381	4381
4318	4318
1210	1210
147	147
9180	9180
7998	7998
5322	5322
1348	1348
9656	9656
8002	8002
2612	2612
5088	5088
4366	4366
6224	6224
3314	3314
9125	9125
856	856
7900	7900
9641	9641
9497	9497
1284	1284
5747	5747
1177	1177
6525	6525
6816	6816
2860	2860
6090	6090
7343	7343
9151	9151
9272	9272
4218	4218
6395	6395
5162	5162
1198	1198
7971	7971
8381	8381
9995	9995
9473	9473
3109	3109
8041	8041
6196	6196
783	783
1233	1233
5589	5589
2513	2513
3258	3258
5059	5059
1807	1807
7637	7637
6701	6701
5677	5677
5539	5539
8526	8526
8053	8053
1157	1157
977	977
4774	4774
3993	3993
7849	7849
5505	5505
9376	9376
3445	3445
7041	7041
1409	1409
8035	8035
8321	8321
3605	3605
2397	2397
7102	7102
7390	7390
3460	3460
3109	3109
4545	4545
77	77
8414	8414
1199	1199
7639	7639
4533	4533
2793	2793
6474	6474
2499	2499
5253	5253
241	241
3900	3900
3361	3361
8969	8969
5765	5765
9900	9900
4200	4200
531	531
2202	2202
7063	7063
8137	8137
8047	8047
4869	4869
6515	6515
3261	3261
9348	9348
979	979
2809	2809
4672	4672
4175	4175
208	208
3250	3250
236	236
9375	9375
9658	9658
5196	5196
479	479
5612	5612
492	492
8949	8949
1822	1822
5222	5222
3250	3250
2444	2444
6762	6762
3887	3887
7666	7666
3018	3018
3058	3058
6798	6798
9032	9032
7386	7386
3842	3842
5652	5652
7817	7817
3668	3668
9207	9207
9723	9723
8457	8457
497	497
9828	9828
1123	1123
9553	9553
6288	6288
2647	2647
7131	7131
3023	3023
3277	3277
8222	8222
6975	6975
2937	2937
4197	4197
9838	9838
2630	2630
9767	9767
8431	8431
9069	9069
5461	5461
6177	6177
4427	4427
1270	1270
4256	4256
6034	6034
4959	4959
3666	3666
5532	5532
4274	4274
3902	3902
1098	1098
866	866
7537	7537
1798	1798
3352	3352
5059	5059
8589	8589
3721	3721
2682	2682
4103	4103
8242	8242
3217	3217
570	570
1090	1090
3457	3457
9568	9568
3034	3034
2838	2838
4814	4814
3515	3515
2181	2181
3508	3508
765	765
1282	1282
8540	8540
8621	8621
3753	3753
6994	6994
4432	4432
5685	5685
3625	3625
4497	4497
5264	5264
5342	5342
5818	5818
2937	2937
6911	6911
9207	9207
6235	6235
8177	8177
6109	6109
908	908
8317	8317
2355	2355
5349	5349
1526	1526
2851	2851
9151	9151
5311	5311
3633	3633
6380	6380
5992	5992
45	45
817	817
7709	7709
4754	4754
7528	7528
2509	2509
5227	5227
5180	5180
4603	4603
1419	1419
238	238
1785	1785
1222	1222
9860	9860
7484	7484
1585	1585
4813	4813
4500	4500
766	766
3961	3961
5929	5929
5642	5642
1175	1175
8297	8297
2398	2398
3769	3769
3854	3854
9696	9696
7585	7585
625	625
3002	3002
9274	9274
3251	3251
5662	5662
7554	7554
3657	3657
967	967
9645	9645
9398	9398
9114	9114
2487	2487
3093	3093
9980	9980
1560	1560
1073	1073
3951	3951
8825	8825
1391	1391
4155	4155
9839	9839
2796	2796
1081	1081
5262	5262
1319	1319
8591	8591
6790	6790
9671	9671
7847	7847
4202	4202
1028	1028
8488	8488
6673	6673
2453	2453
4573	4573
7730	7730
8041	8041
3013	3013
2627	2627
7493	7493
8701	8701
3929	3929
7046	7046
580	580
2923	2923
1263	1263
3490	3490
6489	6489
725	725
1509	1509
223	223
7978	7978
8515	8515
5786	5786
9698	9698
2808	2808
9454	9454
5734	5734
5174	5174
8911	8911
344	344
4418	4418
2303	2303
1286	1286
5545	5545
2629	2629
2509	2509
6314	6314
5142	5142
7677	7677
264	264
3521	3521
7804	7804
2846	2846
4734	4734
1442	1442
2647	2647
8327	8327
4671	4671
99	99
3706	3706
9337	9337
5014	5014
3374	3374
7961	7961
7680	7680
9343	9343
4198	4198
3159	3159
5625	5625
5010	5010
9565	9565
2345	2345
9879	9879
6639	6639
1979	1979
729	729
4848	4848
8328	8328
1789	1789
3558	3558
4660	4660
1796	1796
1534	1534
8395	8395
2025	2025
5789	5789
250	250
5692	5692
1489	1489
390	390
9502	9502
5903	5903
3717	3717
6355	6355
9656	9656
2023	2023
4036	4036
2293	2293
2019	2019
7391	7391
8496	8496
5169	5169
9064	9064
1755	1755
6225	6225
600	600
3208	3208
4823	4823
294	294
7691	7691
5321	5321
9152	9152
306	306
5924	5924
4030	4030
5716	5716
4642	4642
8812	8812
3284	3284
4571	4571
136	136
9468	9468
