500	2235546
5519	5519
7285	7285
1274	1274
4168	4168
7015	7015
9402	9402
7357	7357
8057	8057
9723	9723
8922	8922
5495	5495
611	611
423	423
2810	2810
4476	4476
2754	2754
1078	1078
5958	5958
2735	2735
6598	6598
3517	3517
9626	9626
2654	2654
8117	8117
5844	5844
6763	6763
5979	5979
9077	9077
7922	7922
8432	8432
8418	8418
6022	6022
2286	2286
3035	3035
9058	9058
7702	7702
9562	9562
9143	9143
5555	5555
8779	8779
9915	9915
4023	4023
2334	2334
3146	3146
3613	3613
391	391
1210	1210
5102	5102
1945	1945
7357	7357
920	920
810	810
6510	6510
5515	5515
4400	4400
8156	8156
2725	2725
4977	4977
6975	6975
2888	2888
530	530
1450	1450
2697	2697
2623	2623
5266	5266
4572	4572
7868	7868
6767	6767
8249	8249
4670	4670
6430	6430
6584	6584
8507	8507
6821	6821
2048	2048
550	550
76	76
9463	9463
3729	3729
6375	6375
121	121
8181	8181
5279	5279
8664	8664
1225	1225
8708	8708
4077	4077
925	925
5580	5580
1801	1801
6658	6658
8036	8036
6268	6268
7851	7851
7183	7183
3615	3615
4678	4678
8265	8265
8611	8611
8362	8362
8509	8509
1426	1426
1926	1926
3031	3031
2023	2023
9529	9529
35	35
999	999
8864	8864
89	89
7942	7942
2076	2076
1254	1254
8917	8917
8612	8612
634	634
9023	9023
978	978
230	230
9163	9163
4744	4744
8398	8398
3025	3025
2314	2314
8470	8470
2232	2232
5942	5942
1636	1636
5539	5539
281	281
3916	3916
4348	4348
6527	6527
1605	1605
1555	1555
282	282
4426	4426
1532	1532
6232	6232
7454	7454
6529	6529
9349	9349
4254	4254
495	495
8490	8490
3819	3819
7644	7644
5329	5329
7940	7940
562	562
9115	9115
7144	7144
1986	1986
5768	5768
7082	7082
3090	3090
2931	2931
5798	5798
852	852
5456	5456
1976	1976
3589	3589
1901	1901
1056	1056
3343	3343
8681	8681
6430	6430
2535	2535
5892	5892
638	638
5399	5399
5936	5936
9175	9175
89	89
3030	3030
3645	3645
4080	4080
519	519
8140	8140
6233	6233
7380	7380
9510	9510
7904	7904
2923	2923
7909	7909
4839	4839
9250	9250
7033	7033
7140	7140
1168	1168
412	412
1407	1407
1337	1337
2526	2526
5228	5228
9060	9060
2353	2353
8944	8944
819	819
8178	8178
2689	2689
3921	3921
2441	2441
623	623
3491	3491
1151	1151
7673	7673
1236	1236
1011	1011
8552	8552
1114	1114
6787	6787
9079	9079
2864	2864
8960	8960
889	889
8300	8300
883	883
6286	6286
619	619
1209	1209
7234	7234
3124	3124
6525	6525
6501	6501
5227	5227
7808	7808
5430	5430
6340	6340
1060	1060
5975	5975
5380	5380
5111	5111
1345	1345
1784	1784
7272	7272
3939	3939
5566	5566
5348	5348
7806	7806
2489	2489
8871	8871
9897	9897
820	820
3095	3095
3255	3255
4790	4790
5293	5293
4457	4457
7465	7465
8721	8721
9563	9563
8648	8648
8840	8840
3478	3478
7047	7047
1601	1601
212	212
1545	1545
5190	5190
2442	2442
17	17
6419	6419
415	415
6457	6457
5948	5948
7513	7513
9390	9390
4776	4776
8411	8411
5630	5630
9620	9620
1553	1553
9788	9788
9119	9119
8175	8175
5217	5217
4111	4111
8037	8037
6808	6808
2611	2611
8002	8002
5167	5167
3203	3203
4415	4415
7804	7804
3685	3685
1499	1499
8890	8890
5851	5851
2456	2456
6412	6412
8250	8250
9471	9471
562	562
6193	6193
2684	2684
4974	4974
1885	1885
1657	1657
9463	9463
8923	8923
2213	2213
6498	6498
6223	6223
370	370
6251	6251
3552	3552
879	879
3439	3439
9116	9116
5571	5571
1772	1772
9249	9249
5270	5270
10	10
3342	3342
3592	3592
878	878
7082	7082
8578	8578
5509	5509
8155	8155
3356	3356
3668	3668
9839	9839
3982	3982
3138	3138
5887	5887
7802	7802
3449	3449
5117	5117
1743	1743
6187	6187
4618	4618
7987	7987
8834	8834
8152	8152
4257	4257
3969	3969
2054	2054
2261	2261
8276	8276
4534	4534
157	157
9681	9681
9052	9052
8120	8120
5311	5311
4192	4192
7898	7898
7682	7682
5367	5367
5116	5116
657	657
2011	2011
3168	3168
1391	1391
5080	5080
8423	8423
103	103
7819	7819
1964	1964
5758	5758
9205	9205
6412	6412
3581	3581
8530	8530
7435	7435
198	198
3028	3028
4335	4335
7899	7899
4678	4678
6133	6133
3757	3757
4595	4595
4105	4105
8021	8021
5652	5652
437	437
3080	3080
3932	3932
5060	5060
1351	1351
9513	9513
2439	2439
4079	4079
2807	2807
4210	4210
9415	9415
4144	4144
5957	5957
934	934
4238	4238
7527	7527
910	910
8141	8141
517	517
9599	9599
5434	5434
9001	9001
9164	9164
5145	5145
3397	3397
2652	2652
7782	7782
2653	2653
6895	6895
3162	3162
3528	3528
3161	3161
4026	4026
6574	6574
3382	3382
6236	6236
6267	6267
2353	2353
1970	1970
1882	1882
6792	6792
8961	8961
5714	5714
9517	9517
2828	2828
129	129
9729	9729
1654	1654
8431	8431
9325	9325
8234	8234
8048	8048
6597	6597
5492	5492
4876	4876
4368	4368
687	687
6274	6274
5094	5094
5827	5827
1006	1006
826	826
5446	5446
4701	4701
5022	5022
1503	1503
2793	2793
2887	2887
7141	7141
444	444
7395	7395
3135	3135
6797	6797
2022	2022
430	430
5733	5733
6431	6431
75	75
1593	1593
5344	5344
8540	8540
4246	4246
7575	7575
466	466
8527	8527
6895	6895
7935	7935
8768	8768
8589	8589
4821	4821
4449	4449
9516	9516
9971	9971
5559	5559
6001	6001
5212	5212
2816	2816
7541	7541
2916	2916
5251	5251
237	237
2424	2424
3134	3134
3935	3935
6217	6217
6428	6428
2357	2357
8631	8631
4093	4093
9812	9812
9956	9956
646	646
5103	5103
2256	2256
1478	1478
5678	5678
3044	3044
7367	7367
3361	3361
645	645
