500	1244700
7514	7514
983	983
3060	3060
9090	9090
3449	3449
6958	6958
3389	3389
6755	6755
5486	5486
6818	6818
1136	1136
3705	3705
4439	4439
7615	7615
5129	5129
1898	1898
4833	4833
7277	7277
713	713
6199	6199
1666	1666
7120	7120
2317	2317
6857	6857
4363	4363
2759	2759
638	638
7186	7186
1182	1182
2442	2442
2832	2832
6945	6945
5108	5108
5990	5990
9170	9170
7603	7603
9688	9688
2926	2926
1253	1253
5779	5779
9779	9779
6224	6224
341	341
8454	8454
6435	6435
4250	4250
8994	8994
5688	5688
4018	4018
928	928
3891	3891
8083	8083
724	724
6416	6416
2017	2017
1309	1309
2144	2144
3473	3473
4666	4666
4717	4717
2719	2719
7005	7005
5507	5507
1207	1207
9999	9999
7260	7260
5027	5027
7202	7202
6560	6560
8956	8956
5046	5046
8070	8070
6927	6927
6563	6563
6816	6816
9783	9783
9947	9947
4242	4242
7119	7119
2109	2109
5207	5207
9831	9831
6351	6351
5210	5210
3290	3290
2760	2760
9391	9391
4302	4302
1596	1596
7809	7809
3274	3274
3273	3273
2254	2254
900	900
1916	1916
8055	8055
4567	4567
8730	8730
9084	9084
2490	2490
4012	4012
4475	4475
5964	5964
337	337
6835	6835
4218	4218
7700	7700
2092	2092
2028	2028
8136	8136
4344	4344
3402	3402
7248	7248
730	730
8943	8943
892	892
1903	1903
6793	6793
8803	8803
6073	6073
1727	1727
8120	8120
5804	5804
2646	2646
710	710
1338	1338
5427	5427
7981	7981
8695	8695
7960	7960
1877	1877
8224	8224
309	309
1079	1079
940	940
7708	7708
6367	6367
5939	5939
1207	1207
3648	3648
6597	6597
4847	4847
4745	4745
1880	1880
9194	9194
3068	3068
8292	8292
2257	2257
4480	4480
6150	6150
4053	4053
2488	2488
4037	4037
9022	9022
7845	7845
251	251
6076	6076
9114	9114
4031	4031
1021	1021
2871	2871
9605	9605
9948	9948
1201	1201
2787	2787
5644	5644
8992	8992
455	455
198	198
5258	5258
9306	9306
4164	4164
4770	4770
2024	2024
4383	4383
612	612
8587	8587
4141	4141
8724	8724
9259	9259
8964	8964
270	270
9769	9769
5384	5384
1223	1223
6385	6385
5501	5501
70	70
8623	8623
7802	7802
1421	1421
2946	2946
8908	8908
2371	2371
5082	5082
4011	4011
1855	1855
8295	8295
1030	1030
7223	7223
1749	1749
1871	1871
211	211
4887	4887
7219	7219
9988	9988
6406	6406
6656	6656
5739	5739
1889	1889
1936	1936
234	234
1910	1910
964	964
1423	1423
5800	5800
4056	4056
7949	7949
437	437
7750	7750
46	46
366	366
5903	5903
1094	1094
7491	7491
7105	7105
1080	1080
9899	9899
5193	5193
7746	7746
3823	3823
4896	4896
8653	8653
8633	8633
4180	4180
3833	3833
2627	2627
7612	7612
2046	2046
3818	3818
5666	5666
3461	3461
3757	3757
7988	7988
2462	2462
3959	3959
5206	5206
364	364
8614	8614
4342	4342
7922	7922
4264	4264
9160	9160
5163	5163
977	977
6692	6692
1015	1015
6117	6117
3035	3035
3661	3661
6271	6271
3879	3879
6364	6364
3859	3859
7032	7032
4309	4309
3084	3084
3881	3881
3792	3792
3038	3038
7004	7004
9626	9626
668	668
4465	4465
9788	9788
8447	8447
9264	9264
1951	1951
1711	1711
5954	5954
6771	6771
4382	4382
3893	3893
5750	5750
9794	9794
9729	9729
8965	8965
127	127
72	72
3274	3274
1671	1671
1317	1317
2005	2005
2874	2874
8285	8285
9692	9692
8262	8262
2674	2674
7460	7460
1117	1117
2793	2793
9383	9383
7077	7077
5889	5889
2425	2425
6236	6236
4426	4426
6481	6481
6924	6924
1785	1785
3211	3211
8509	8509
5195	5195
2602	2602
1336	1336
454	454
8339	8339
988	988
1039	1039
5161	5161
6186	6186
8746	8746
8223	8223
1240	1240
7189	7189
1687	1687
9107	9107
2678	2678
785	785
5932	5932
5600	5600
9247	9247
5685	5685
1942	1942
4544	4544
7591	7591
3086	3086
6662	6662
4446	4446
4600	4600
54	54
9061	9061
9472	9472
6320	6320
9336	9336
7331	7331
6302	6302
7249	7249
7054	7054
2369	2369
2422	2422
7403	7403
2271	2271
4484	4484
4407	4407
6320	6320
3501	3501
4063	4063
5101	5101
4625	4625
4435	4435
1393	1393
8499	8499
8223	8223
6996	6996
3535	3535
3892	3892
5075	5075
7664	7664
2094	2094
1457	1457
3087	3087
1256	1256
6688	6688
3748	3748
4858	4858
3605	3605
3948	3948
7696	7696
9299	9299
3554	3554
5761	5761
1053	1053
5107	5107
5086	5086
1901	1901
4827	4827
8491	8491
5053	5053
4558	4558
9287	9287
4229	4229
5202	5202
6352	6352
8812	8812
9493	9493
2231	2231
5470	5470
8839	8839
4729	4729
5451	5451
5548	5548
7744	7744
258	258
763	763
9502	9502
3513	3513
6828	6828
5254	5254
6963	6963
7868	7868
635	635
8431	8431
8289	8289
288	288
7120	7120
4284	4284
7302	7302
7446	7446
566	566
2424	2424
7809	7809
1346	1346
6943	6943
2070	2070
6090	6090
8480	8480
1903	1903
1558	1558
4884	4884
8447	8447
1090	1090
4576	4576
5025	5025
6974	6974
8074	8074
9129	9129
253	253
7913	7913
6252	6252
2197	2197
1013	1013
1460	1460
9933	9933
4153	4153
9115	9115
8639	8639
9961	9961
1334	1334
9923	9923
6078	6078
6138	6138
5208	5208
7438	7438
4531	4531
2591	2591
4090	4090
4359	4359
8516	8516
4399	4399
7111	7111
1278	1278
6937	6937
845	845
5009	5009
5043	5043
8052	8052
7313	7313
5341	5341
5851	5851
3637	3637
8048	8048
927	927
5853	5853
1180	1180
277	277
3824	3824
6755	6755
1181	1181
6257	6257
3774	3774
447	447
7866	7866
8482	8482
1971	1971
3159	3159
8175	8175
3888	3888
2771	2771
5262	5262
4954	4954
1289	1289
9861	9861
9509	9509
5141	5141
1763	1763
7061	7061
4088	4088
9505	9505
6527	6527
