500	2698427
853	1853
7431	8431
9483	10483
9539	10539
5190	6190
3941	4941
5023	6023
5686	6686
5135	6135
961	1961
6929	7929
6921	7921
3136	4136
6246	7246
6229	7229
8660	9660
2819	3819
7011	8011
4566	5566
9504	10504
126	1126
5413	6413
3428	4428
1642	2642
8942	9942
8921	9921
2579	3579
804	1804
854	1854
6531	7531
1848	2848
6717	7717
856	1856
7634	8634
9365	10365
4160	5160
329	1329
3719	4719
6094	7094
2240	3240
2813	3813
2197	3197
2093	3093
9172	10172
3186	4186
6896	7896
6836	7836
3372	4372
6899	7899
870	1870
5731	6731
2948	3948
401	1401
1158	2158
3757	4757
4372	5372
2394	3394
6796	7796
5351	6351
7702	8702
7940	8940
8130	9130
4107	5107
1580	2580
5451	6451
6390	7390
8480	9480
738	1738
494	1494
7704	8704
551	1551
3219	4219
598	1598
5416	6416
5629	6629
1652	2652
5533	6533
9045	10045
4006	5006
8682	9682
4166	5166
8261	9261
4668	5668
9458	10458
5151	6151
9995	10995
7469	8469
5296	6296
2639	3639
8136	9136
5094	6094
4432	5432
5894	6894
7654	8654
1848	2848
6711	7711
8759	9759
4621	5621
5315	6315
3311	4311
4430	5430
6670	7670
1492	2492
7895	8895
6653	7653
3788	4788
7015	8015
4707	5707
9116	10116
8005	9005
1258	2258
6109	7109
2370	3370
5156	6156
6825	7825
3374	4374
4425	5425
7525	8525
6655	7655
5343	6343
5506	6506
5808	6808
8865	9865
6407	7407
9160	10160
8055	9055
6438	7438
1323	2323
2497	3497
8560	9560
2296	3296
5140	6140
793	1793
4396	5396
7420	8420
1408	2408
7212	8212
2883	3883
1925	2925
7610	8610
155	1155
1568	2568
5169	6169
6419	7419
174	1174
947	1947
9076	10076
5391	6391
882	1882
3159	4159
8346	9346
7818	8818
7400	8400
3529	4529
5188	6188
2841	3841
205	1205
1436	2436
1474	2474
9417	10417
6450	7450
523	1523
6676	7676
8716	9716
7052	8052
7709	8709
2831	3831
7832	8832
1370	2370
8290	9290
6841	7841
9693	10693
3674	4674
2945	3945
4968	5968
7133	8133
5431	6431
9019	10019
8	1008
7234	8234
6281	7281
8380	9380
566	1566
3041	4041
1484	2484
1153	2153
5621	6621
7391	8391
9751	10751
2283	3283
4299	5299
745	1745
8798	9798
7489	8489
7833	8833
9766	10766
4769	5769
9917	10917
3977	4977
4963	5963
1691	2691
2693	3693
4769	5769
9868	10868
6728	7728
4455	5455
9179	10179
1229	2229
2189	3189
9410	10410
8726	9726
8777	9777
3552	4552
1272	2272
5445	6445
8600	9600
4476	5476
7104	8104
4358	5358
2918	3918
4944	5944
5997	6997
5628	6628
3301	4301
6825	7825
2589	3589
8330	9330
6551	7551
3613	4613
6815	7815
5416	6416
5626	6626
9458	10458
4777	5777
943	1943
7012	8012
969	1969
4528	5528
5664	6664
5975	6975
8925	9925
1537	2537
7902	8902
3833	4833
840	1840
7910	8910
1594	2594
403	1403
7092	8092
2256	3256
9078	10078
9380	10380
6853	7853
1446	2446
5526	6526
4267	5267
8936	9936
9162	10162
1980	2980
7669	8669
2924	3924
4615	5615
6943	7943
1276	2276
7059	8059
8053	9053
8321	9321
4443	5443
7740	8740
5793	6793
3269	4269
4103	5103
7384	8384
8943	9943
5033	6033
2070	3070
214	1214
8878	9878
6511	7511
3834	4834
2578	3578
3453	4453
4867	5867
7506	8506
7623	8623
6873	7873
9849	10849
8617	9617
8460	9460
5145	6145
8770	9770
1590	2590
4494	5494
924	1924
9891	10891
446	1446
9154	10154
8769	9769
6538	7538
4990	5990
979	1979
2469	3469
8143	9143
5103	6103
2410	3410
4271	5271
1528	2528
7196	8196
6742	7742
1746	2746
7285	8285
5859	6859
4466	5466
7063	8063
2063	3063
7824	8824
2334	3334
5061	6061
6400	7400
7911	8911
9726	10726
7544	8544
2616	3616
3649	4649
2578	3578
1525	2525
6281	7281
1098	2098
2099	3099
5587	6587
2096	3096
3099	4099
2903	3903
3435	4435
1380	2380
4981	5981
9895	10895
6109	7109
1935	2935
9681	10681
4674	5674
5886	6886
5856	6856
2153	3153
1728	2728
3245	4245
9327	10327
2988	3988
3851	4851
9026	10026
5234	6234
538	1538
4509	5509
9195	10195
7653	8653
2288	3288
1461	2461
7751	8751
7157	8157
324	1324
7640	8640
633	1633
5272	6272
3235	4235
8447	9447
2099	3099
3503	4503
3974	4974
1301	2301
796	1796
8088	9088
3152	4152
6592	7592
6451	7451
39	1039
9252	10252
3088	4088
7044	8044
3497	4497
3367	4367
2208	3208
5198	6198
5939	6939
1404	2404
2161	3161
1463	2463
7432	8432
633	1633
625	1625
3838	4838
4982	5982
9092	10092
323	1323
5555	6555
7256	8256
2450	3450
744	1744
7386	8386
4690	5690
3798	4798
2129	3129
9619	10619
7961	8961
93	1093
3081	4081
260	1260
2275	3275
7332	8332
116	1116
1117	2117
1257	2257
4969	5969
5624	6624
8068	9068
6999	7999
2738	3738
2631	3631
9677	10677
303	1303
845	1845
6936	7936
2358	3358
1837	2837
8997	9997
9779	10779
5232	6232
7268	8268
6372	7372
7158	8158
7228	8228
934	1934
4943	5943
3995	4995
5968	6968
3000	4000
5063	6063
1225	2225
1086	2086
4165	5165
3101	4101
721	1721
1407	2407
784	1784
6847	7847
5284	6284
3250	4250
2075	3075
7186	8186
9892	10892
7082	8082
8784	9784
8956	9956
2634	3634
1733	2733
2403	3403
8001	9001
3672	4672
5960	6960
1721	2721
6538	7538
9181	10181
1566	2566
8056	9056
5277	6277
1709	2709
8300	9300
1448	2448
9647	10647
2065	3065
6463	7463
8575	9575
986	1986
2644	3644
8078	9078
1505	2505
5520	6520
6306	7306
8223	9223
3318	4318
2902	3902
7508	8508
6993	7993
9614	10614
8304	9304
2110	3110
9016	10016
7391	8391
3541	4541
4613	5613
452	1452
9595	10595
9522	10522
6362	7362
1837	2837
8117	9117
6025	7025
7960	8960
3506	4506
7542	8542
3673	4673
