500	2216466
8142	9142
3301	4301
6033	7033
7893	8893
7160	8160
3613	4613
300	1300
8252	9252
5643	6643
5059	6059
5766	6766
4404	5404
8280	9280
9538	10538
6170	7170
2246	3246
5649	6649
3566	4566
2482	3482
8649	9649
3528	4528
2640	3640
6948	7948
3700	4700
8293	9293
8826	9826
3490	4490
6061	7061
7634	8634
7931	8931
9356	10356
3180	4180
6495	7495
381	1381
2161	3161
857	1857
7293	8293
7992	8992
2418	3418
3510	4510
1711	2711
320	1320
9619	10619
4584	5584
9213	10213
6742	7742
9783	10783
9375	10375
5079	6079
9056	10056
5322	6322
5042	6042
7333	8333
416	1416
3204	4204
6045	7045
4995	5995
7047	8047
602	1602
261	1261
8393	9393
133	1133
9296	10296
7165	8165
8252	9252
6160	7160
5430	6430
1445	2445
885	1885
7525	8525
5499	6499
9379	10379
5660	6660
4217	5217
9146	10146
4800	5800
7409	8409
1671	2671
5485	6485
4669	5669
2380	3380
3821	4821
9348	10348
6533	7533
1095	2095
3010	4010
1002	2002
2279	3279
2532	3532
8202	9202
4302	5302
7338	8338
3011	4011
1813	2813
2425	3425
1239	2239
7845	8845
1833	2833
2698	3698
2797	3797
6118	7118
1219	2219
6592	7592
3415	4415
5622	6622
6048	7048
554	1554
3579	4579
1898	2898
5317	6317
2200	3200
5210	6210
8493	9493
2350	3350
4373	5373
9898	10898
6977	7977
7463	8463
2916	3916
8572	9572
7691	8691
3537	4537
7219	8219
126	1126
871	1871
1061	2061
9235	10235
8066	9066
3648	4648
6548	7548
4588	5588
823	1823
9814	10814
3609	4609
3200	4200
6753	7753
5304	6304
3428	4428
3770	4770
4419	5419
604	1604
2754	3754
4950	5950
212	1212
5848	6848
6649	7649
5518	6518
832	1832
7735	8735
4893	5893
2756	3756
16	1016
3187	4187
5900	6900
6366	7366
8666	9666
4292	5292
6491	7491
9740	10740
2175	3175
3184	4184
5586	6586
4789	5789
5951	6951
8478	9478
8978	9978
8947	9947
8827	9827
585	1585
4121	5121
5730	6730
3221	4221
7493	8493
6273	7273
4697	5697
3882	4882
9695	10695
8045	9045
920	1920
5231	6231
5928	6928
2682	3682
4401	5401
1757	2757
6287	7287
2958	3958
9317	10317
4578	5578
2548	3548
2155	3155
3010	4010
604	1604
1057	2057
7559	8559
2395	3395
1489	2489
8458	9458
7204	8204
9651	10651
511	1511
8223	9223
3267	4267
9866	10866
1534	2534
700	1700
8425	9425
280	1280
542	1542
530	1530
7466	8466
7506	8506
63	1063
3815	4815
3886	4886
1857	2857
5060	6060
3511	4511
643	1643
981	1981
5989	6989
6369	7369
504	1504
3476	4476
8601	9601
2490	3490
4416	5416
378	1378
7941	8941
3860	4860
301	1301
2115	3115
5299	6299
2808	3808
5995	6995
8207	9207
8171	9171
1490	2490
3984	4984
8838	9838
1289	2289
949	1949
5626	6626
3419	4419
4861	5861
6718	7718
2636	3636
8821	9821
6319	7319
7353	8353
1833	2833
7500	8500
2276	3276
4718	5718
9998	10998
9436	10436
534	1534
1988	2988
7982	8982
1083	2083
2493	3493
6573	7573
3568	4568
2022	3022
6212	7212
7642	8642
5392	6392
7990	8990
9555	10555
7165	8165
5499	6499
6025	7025
6403	7403
3841	4841
9252	10252
5425	6425
2267	3267
9613	10613
9777	10777
9735	10735
5190	6190
6141	7141
1828	2828
9506	10506
4668	5668
8966	9966
3346	4346
6357	7357
3647	4647
6817	7817
3845	4845
9846	10846
9813	10813
8487	9487
2872	3872
5260	6260
8860	9860
6029	7029
3967	4967
61	1061
8986	9986
169	1169
3440	4440
8738	9738
6247	7247
9881	10881
9465	10465
6390	7390
1660	2660
9553	10553
3777	4777
1205	2205
8216	9216
9875	10875
7687	8687
3423	4423
8263	9263
6943	7943
8035	9035
407	1407
5112	6112
8049	9049
1515	2515
3434	4434
9743	10743
8698	9698
4195	5195
1395	2395
2376	3376
988	1988
2666	3666
5953	6953
9767	10767
6190	7190
2356	3356
6897	7897
7681	8681
7638	8638
3108	4108
1781	2781
1083	2083
9880	10880
443	1443
9862	10862
8488	9488
4370	5370
9887	10887
9371	10371
30	1030
3777	4777
8833	9833
1240	2240
6228	7228
2250	3250
1947	2947
6433	7433
622	1622
2044	3044
892	1892
3635	4635
785	1785
5473	6473
9907	10907
1854	2854
1612	2612
1371	2371
9294	10294
521	1521
1774	2774
422	1422
7626	8626
2759	3759
9362	10362
374	1374
599	1599
4764	5764
2819	3819
934	1934
2889	3889
7085	8085
7488	8488
4107	5107
2574	3574
8899	9899
4752	5752
4055	5055
2753	3753
8569	9569
1327	2327
3082	4082
4972	5972
7990	8990
8352	9352
4176	5176
9887	10887
1851	2851
7145	8145
6414	7414
5625	6625
2915	3915
1570	2570
4120	5120
4886	5886
2686	3686
7328	8328
1555	2555
3899	4899
6926	7926
7968	8968
7258	8258
4094	5094
4677	5677
5285	6285
5053	6053
238	1238
9912	10912
2484	3484
4988	5988
2693	3693
334	1334
824	1824
1691	2691
2576	3576
1305	2305
3155	4155
1683	2683
4778	5778
8233	9233
6960	7960
5649	6649
7354	8354
4951	5951
4685	5685
3091	4091
6301	7301
933	1933
1390	2390
8226	9226
4999	5999
5939	6939
5420	6420
1247	2247
7806	8806
5755	6755
6023	7023
8759	9759
2518	3518
7576	8576
5909	6909
4382	5382
4128	5128
868	1868
4506	5506
6030	7030
1389	2389
6838	7838
3133	4133
5859	6859
3263	4263
5007	6007
6178	7178
3589	4589
4918	5918
1601	2601
9798	10798
760	1760
2003	3003
3167	4167
3868	4868
7528	8528
4367	5367
5695	6695
9129	10129
7535	8535
4699	5699
815	1815
8140	9140
322	1322
7395	8395
5108	6108
9650	10650
9217	10217
4	1004
119	1119
4613	5613
4912	5912
3636	4636
878	1878
3747	4747
8293	9293
6600	7600
5810	6810
7795	8795
3124	4124
7372	8372
9806	10806
4974	5974
9939	10939
2618	3618
1424	2424
5993	6993
