500	304600
8378	9378
7476	8476
8406	9406
9077	10077
8170	9170
7497	8497
9221	10221
4608	5608
9628	10628
5430	6430
5014	6014
6535	7535
2030	3030
2919	3919
9851	10851
3565	4565
3766	4766
6202	7202
3049	4049
3942	4942
677	1677
1505	2505
3534	4534
9465	10465
6366	7366
8052	9052
5716	6716
6287	7287
2204	3204
4824	5824
2177	3177
7854	8854
9755	10755
7409	8409
4273	5273
6946	7946
8025	9025
5145	6145
2556	3556
2646	3646
5042	6042
1031	2031
6593	7593
7981	8981
3485	4485
8382	9382
2348	3348
5219	6219
7577	8577
6233	7233
8960	9960
9357	10357
3128	4128
4579	5579
983	1983
4302	5302
7491	8491
471	1471
8104	9104
8602	9602
6521	7521
7466	8466
5	1005
6512	7512
6250	7250
9419	10419
7257	8257
5499	6499
8886	9886
7930	8930
8068	9068
5526	6526
7206	8206
4207	5207
6063	7063
7029	8029
8962	9962
3327	4327
1341	2341
4153	5153
4938	5938
1671	2671
1805	2805
5957	6957
2081	3081
1473	2473
7757	8757
8923	9923
84	1084
6595	7595
219	1219
2606	3606
5211	6211
4092	5092
8349	9349
6411	7411
6927	7927
5626	6626
5914	6914
6460	7460
1393	2393
6377	7377
2653	3653
6039	7039
3623	4623
4758	5758
7321	8321
218	1218
3631	4631
593	1593
7081	8081
905	1905
4948	5948
7754	8754
5292	6292
2242	3242
9126	10126
7475	8475
9759	10759
9435	10435
5641	6641
702	1702
2459	3459
6080	7080
6132	7132
1140	2140
5727	6727
4806	5806
1434	2434
981	1981
3531	4531
9625	10625
5171	6171
533	1533
7533	8533
3762	4762
3704	4704
9181	10181
8382	9382
6345	7345
9973	10973
8551	9551
6188	7188
6480	7480
2823	3823
1607	2607
9390	10390
8834	9834
9198	10198
2937	3937
5808	6808
8699	9699
4719	5719
3539	4539
1403	2403
1810	2810
6786	7786
6347	7347
6005	7005
2733	3733
8398	9398
584	1584
7243	8243
174	1174
7253	8253
9169	10169
2628	3628
6304	7304
7685	8685
7433	8433
8608	9608
8031	9031
104	1104
7246	8246
4554	5554
5882	6882
277	1277
8116	9116
8547	9547
2876	3876
341	1341
7106	8106
1296	2296
7877	8877
1905	2905
6633	7633
3804	4804
7364	8364
865	1865
9455	10455
4360	5360
7322	8322
1607	2607
8	1008
9351	10351
5425	6425
4195	5195
510	1510
9405	10405
1467	2467
9652	10652
9178	10178
9295	10295
7604	8604
3395	4395
5682	6682
1144	2144
1639	2639
3695	4695
5631	6631
5328	6328
3626	4626
4411	5411
3113	4113
4512	5512
2731	3731
9164	10164
9155	10155
5090	6090
4766	5766
2051	3051
2650	3650
9236	10236
2224	3224
6781	7781
7263	8263
4220	5220
3460	4460
3392	4392
934	1934
3954	4954
2425	3425
175	1175
1138	2138
9157	10157
2495	3495
3353	4353
6188	7188
3795	4795
3890	4890
1178	2178
6338	7338
6125	7125
4889	5889
8396	9396
546	1546
7863	8863
7887	8887
1734	2734
2443	3443
3613	4613
2555	3555
3369	4369
3441	4441
7732	8732
6053	7053
5175	6175
1618	2618
1647	2647
9306	10306
3325	4325
6624	7624
5542	6542
2455	3455
3659	4659
8488	9488
7514	8514
3840	4840
2517	3517
1351	2351
2456	3456
1645	2645
5124	6124
9893	10893
7812	8812
8711	9711
2177	3177
2282	3282
8488	9488
122	1122
567	1567
7811	8811
8520	9520
5086	6086
9122	10122
6482	7482
7494	8494
4271	5271
9907	10907
868	1868
3784	4784
5991	6991
7951	8951
1004	2004
8609	9609
793	1793
6929	7929
5823	6823
8833	9833
357	1357
4029	5029
3247	4247
1206	2206
2422	3422
9119	10119
9790	10790
8303	9303
9999	10999
2509	3509
3647	4647
1819	2819
273	1273
6468	7468
8969	9969
5911	6911
7517	8517
9920	10920
5012	6012
5009	6009
2077	3077
2237	3237
3099	4099
3544	4544
4797	5797
394	1394
6637	7637
6498	7498
7654	8654
6184	7184
4786	5786
3845	4845
1312	2312
942	1942
590	1590
5631	6631
3930	4930
9887	10887
1564	2564
1740	2740
9923	10923
9814	10814
1906	2906
4846	5846
8627	9627
3953	4953
5385	6385
2189	3189
6649	7649
9205	10205
9856	10856
5797	6797
5752	6752
2041	3041
6678	7678
1234	2234
608	1608
7334	8334
8723	9723
462	1462
8350	9350
969	1969
492	1492
3113	4113
1481	2481
351	1351
702	1702
1059	2059
7894	8894
7438	8438
4105	5105
397	1397
6912	7912
6613	7613
2336	3336
5806	6806
6872	7872
5838	6838
3218	4218
3513	4513
790	1790
6707	7707
6900	7900
5367	6367
7901	8901
9974	10974
1832	2832
9819	10819
9638	10638
4770	5770
9455	10455
2764	3764
992	1992
4996	5996
5451	6451
7564	8564
2831	3831
5758	6758
7265	8265
316	1316
1758	2758
4727	5727
3127	4127
6012	7012
4656	5656
1709	2709
4250	5250
9610	10610
3584	4584
7672	8672
8513	9513
8894	9894
8223	9223
233	1233
4161	5161
8751	9751
2964	3964
2873	3873
6933	7933
69	1069
2931	3931
3570	4570
5442	6442
4054	5054
8252	9252
4015	5015
9102	10102
8657	9657
636	1636
6786	7786
2471	3471
5889	6889
7402	8402
8771	9771
8665	9665
4711	5711
6900	7900
522	1522
7335	8335
3904	4904
125	1125
6071	7071
1369	2369
246	1246
7400	8400
5735	6735
7013	8013
9660	10660
9688	10688
7240	8240
2744	3744
5738	6738
2112	3112
5930	6930
2540	3540
9255	10255
470	1470
4801	5801
2722	3722
756	1756
4731	5731
2743	3743
5393	6393
2426	3426
59	1059
7144	8144
4945	5945
2536	3536
4354	5354
7234	8234
551	1551
4919	5919
5954	6954
6992	7992
2619	3619
2299	3299
9806	10806
7256	8256
9620	10620
4529	5529
4250	5250
3409	4409
7504	8504
6228	7228
1589	2589
4265	5265
4597	5597
6942	7942
7982	8982
3392	4392
8808	9808
5759	6759
8265	9265
6307	7307
5802	6802
7653	8653
3651	4651
6360	7360
6284	7284
6662	7662
4561	5561
